11160 30074
22100 1
28286 74
11256 9
17118 10
28478 41
8631 8
11499 70
23470 55
23807 7
29766 15
26589 3
9239 86
6333 41
12985 36
12415 2
13734 12
20903 69
29120 15
13475 4
11292 32
10740 36
29490 92
12108 16
8173 72
19513 86
14310 45
26412 61
17308 48
24920 89
18812 77
14168 23
16045 40
13198 85
2035 1
6724 97
5275 17
28605 14
15399 77
28767 47
11421 29
24006 40
2758 100
26551 8
15172 1
21560 63
2736 84
4086 95
12295 92
7919 93
11320 20
11151 63
15457 85
5486 97
16048 99
20944 68
4468 30
26464 100
3326 42
18099 7
10902 21
12080 2
25384 47
5818 40
28141 71
22281 84
15912 10
13270 19
24626 20
5583 20
28350 81
14819 2
14786 1
27914 72
17691 27
27203 61
5387 25
27886 59
1651 84
11765 77
28212 44
13441 14
29208 80
27343 88
26853 41
15638 34
24110 48
7476 40
27320 81
28279 69
11449 21
18073 87
29283 91
2463 47
22461 78
11078 55
7896 41
5538 19
1558 30
19441 71
4169 3
54 7
16466 75
10095 54
7158 12
16758 40
13662 31
2772 47
1154 87
12036 73
28127 8
16177 39
7797 60
18048 60
20457 49
14465 41
26986 3
29768 93
29487 51
29157 90
8864 88
8214 10
1553 30
13457 66
3481 78
8754 29
8097 80
23549 21
16591 48
18578 26
27457 80
15168 61
29461 77
13716 39
9018 89
9588 3
21884 14
20039 64
14812 66
26776 66
15864 98
2453 94
14743 99
29958 63
29265 45
7933 21
19081 88
16183 13
5714 13
21471 11
2541 100
24018 48
5399 51
26187 55
27891 42
3853 35
23850 7
12781 9
9925 69
14409 64
14448 28
26917 24
22637 71
16038 35
4961 4
10369 55
10560 3
3473 48
25812 83
6085 10
5592 80
21690 34
26905 51
14529 80
20509 40
1305 56
21200 16
2400 37
7537 32
19752 19
28190 94
13031 94
26438 70
19817 76
27597 1
20456 49
20238 43
4536 73
28460 93
8894 30
4754 31
9045 83
24194 10
28930 72
18521 52
24927 43
18623 7
29557 24
13618 35
16356 12
20858 35
23851 80
9311 13
15446 62
15589 99
13872 96
1859 99
25372 93
19926 40
23511 77
8875 95
27013 10
8979 22
26882 96
29115 63
1277 26
1718 34
14593 53
17637 38
5296 98
1998 1
21854 13
29956 34
13191 7
2236 81
8610 7
25691 38
13659 30
26969 45
9940 30
8969 71
21662 20
3385 15
22256 82
11031 32
1286 48
690 30
19545 22
11382 46
11895 87
7474 100
6951 47
14480 16
21253 9
25444 40
9016 14
12464 12
12330 18
3948 11
15511 81
618 97
13306 30
2704 66
13815 53
26202 65
20674 41
10066 95
29902 42
17343 10
6875 7
21202 90
6755 11
27219 28
25025 46
11520 15
8818 18
21595 2
19436 69
24786 17
10765 17
19343 11
3079 13
823 64
16756 34
13679 78
22155 61
29611 20
173 39
1301 22
4738 12
11130 44
19614 43
10268 20
25690 27
11972 98
12968 62
24062 10
9853 71
5574 3
15881 29
27966 21
28503 84
3616 75
16999 23
28157 28
7258 26
6957 91
11698 21
27652 82
14409 86
25079 51
14319 93
17682 74
6254 35
20223 4
23877 32
168 31
17119 79
23851 30
6248 14
6495 90
18081 61
19166 85
12954 32
13346 4
29618 69
28771 76
7682 62
9778 97
2407 85
11659 73
4443 56
7128 79
23526 60
9610 93
13828 89
19493 41
29502 42
29575 88
766 94
7280 30
8255 70
12680 21
26143 66
8133 15
28743 25
4601 94
15211 14
24212 37
27822 64
25279 17
11188 99
22106 15
11375 8
14633 38
26441 44
8443 50
7206 75
12774 89
475 99
6528 3
1195 67
28532 72
23927 11
4387 43
3952 80
7596 40
16826 54
9786 89
12209 50
17004 16
21881 83
10254 21
25411 37
29896 28
158 63
823 68
9245 60
19938 50
24561 2
21819 35
4579 80
2890 1
25085 37
1503 35
29051 42
5339 98
21009 96
23020 73
7427 53
12126 40
12614 32
4463 74
17713 93
26799 66
28460 69
11501 50
23089 76
27417 36
13002 13
20262 54
17829 88
15821 88
17951 83
16245 70
18097 44
23266 53
6682 16
23771 51
17242 44
20738 65
7030 52
1231 32
5916 95
17724 98
29396 92
20027 69
2053 68
1042 19
12770 81
29439 82
3707 6
24247 28
7398 55
7618 12
24394 1
12145 56
21988 57
4526 8
13984 35
12488 22
10696 31
11090 79
478 43
24042 100
24332 97
23769 33
17941 24
18784 28
14265 55
20771 72
16767 46
17573 35
2866 68
9948 56
13063 21
29237 5
15109 50
17315 74
29560 12
27252 40
1453 27
26162 28
26536 95
2781 19
17379 49
27550 90
24053 98
27927 73
8319 65
22759 87
2727 32
15271 81
7153 99
3804 33
2203 64
16175 9
7348 2
12170 30
22010 38
26015 3
21681 72
19349 85
3577 25
23620 8
18417 26
7194 80
3184 48
26310 8
22047 47
4482 6
12573 74
37 5
22447 73
22542 58
2135 13
6448 2
21416 14
10151 99
7825 5
19403 48
21631 22
13049 16
2719 87
25357 20
26011 75
14650 5
25008 60
13305 2
14668 84
27187 68
9158 41
27906 97
4576 36
24400 57
25981 48
19486 94
8595 18
15232 67
21780 91
25429 14
4684 65
22693 86
24308 77
4694 8
8685 97
16278 65
24756 34
15952 96
912 9
21732 39
1638 60
13434 85
25998 22
1815 38
7566 72
17731 13
26842 56
1783 35
8983 65
9483 60
16879 26
22238 43
29097 40
23325 52
23234 11
28474 35
5479 24
3657 6
26837 63
8462 34
22601 58
5715 91
8188 57
4481 43
19101 50
13151 53
2875 43
21199 30
24661 21
19259 15
5586 27
1851 78
20628 40
15078 36
19565 3
10799 32
6290 12
1045 24
13637 8
21251 69
25325 36
3082 15
295 39
6685 32
4145 81
8631 9
14708 17
27080 63
16300 25
8059 15
15934 94
18201 10
17655 16
23475 73
5470 52
4788 98
17897 40
299 17
12381 35
20646 41
20712 34
26644 31
10421 64
28458 83
1068 84
23971 99
19979 6
6238 51
23059 16
28451 8
4437 47
25549 12
13052 33
15047 71
7928 84
119 67
17607 88
937 78
7958 93
2360 67
1864 75
6959 24
12209 24
5057 12
3740 18
23121 22
4262 98
24302 2
15450 25
6867 93
11197 91
27811 82
2347 48
25408 44
11341 56
7174 7
25361 65
15212 6
26443 57
8423 22
28410 42
4420 100
8034 56
24622 78
7018 28
9609 52
11896 49
26193 27
27811 54
29170 89
10281 27
2983 57
19360 1
3187 54
19087 79
8190 54
5179 89
24463 46
15125 50
20833 74
13238 23
20399 91
15260 92
15922 8
17797 13
4615 97
21808 14
25045 15
29535 10
21943 99
23709 57
10138 97
12133 50
6885 36
2482 26
2413 63
26231 39
27032 35
19329 18
17238 6
26084 18
26607 50
10280 15
23666 22
16754 97
1390 35
11861 73
6258 32
22019 22
18738 73
3034 61
6724 38
17544 69
29378 25
24605 34
15366 26
24865 42
9807 85
19537 21
1948 91
10524 74
24749 58
3549 84
11175 51
2898 56
19477 10
11700 23
788 98
15811 92
6395 75
9680 100
14281 58
5956 79
21875 41
12303 37
16105 43
8430 54
15079 20
29429 27
14851 5
8789 38
16138 42
11398 97
13857 83
12250 16
25833 38
2048 66
28925 7
14150 68
22373 66
24948 7
19427 74
28541 38
13545 62
13738 27
14022 22
15958 36
16367 23
12934 58
27571 56
21790 46
6962 59
23660 85
20518 9
12356 60
5950 96
25840 37
10959 97
29496 38
20150 32
24207 62
12767 79
8730 83
24626 76
24379 58
28576 21
8985 7
14237 48
29767 8
3465 100
4281 74
22133 58
29120 7
6492 25
2320 80
28955 31
23062 50
16147 73
6007 36
2873 34
40 12
10571 47
18501 90
5900 91
18399 13
19535 58
13163 7
5975 16
14028 61
22059 4
29179 16
24944 55
2609 9
27312 51
8659 13
24289 47
11568 35
3173 8
5443 32
18644 75
27541 16
693 35
23754 68
1809 92
17437 24
5292 51
17900 85
7392 52
5038 2
1720 57
17207 33
13822 11
24265 49
17735 40
28591 5
26993 14
8395 9
2468 59
19228 9
21258 99
2911 60
4156 8
27040 64
19255 17
23128 60
14001 35
18619 9
87 61
2650 23
20100 6
11502 87
93 75
29262 99
1181 68
15917 1
11910 65
9814 5
4649 27
9884 89
1914 60
20810 96
10264 66
16100 78
21587 46
22992 62
14912 35
3225 97
25235 34
17238 35
24845 24
29287 10
26581 25
22474 10
13016 62
19007 22
25170 17
21196 89
4925 65
29799 76
5241 77
24994 10
3653 78
15153 13
23398 78
23243 75
19459 51
22391 95
12665 64
29463 15
6267 30
13377 90
9130 30
9467 86
28560 34
3212 78
19915 91
215 83
23248 80
17779 54
20010 54
16685 55
6320 91
18212 39
19476 97
8652 40
29571 19
14238 56
8631 89
14354 45
6176 28
18657 73
11797 19
14618 75
277 82
806 29
503 61
18219 36
26942 65
9089 82
6125 53
10673 70
28134 18
21438 1
7359 36
29869 57
1398 94
8147 74
10822 70
837 51
4837 68
18269 21
17945 97
26805 44
18941 9
7377 19
14255 83
23225 32
14160 92
1766 44
10859 31
5824 85
28505 47
29858 66
27209 82
3597 88
18334 56
27052 3
21873 29
7557 27
22164 99
26305 13
5095 37
15901 78
27204 96
28602 9
11825 89
7103 16
16530 65
7183 52
26751 47
4803 21
24770 46
16584 94
27331 75
16063 57
4996 3
14758 85
6770 35
9188 85
8505 85
579 34
3530 85
7607 22
4298 11
24194 73
14233 40
22688 53
10139 24
22183 63
28900 51
13264 34
10842 51
5330 14
16011 95
1072 55
23808 60
29549 91
14494 40
19539 60
24330 47
12839 61
4645 67
12483 68
26874 38
22778 44
12387 35
8293 28
20657 16
12492 7
6216 9
26361 74
29269 89
9839 23
18723 55
23968 70
17790 92
4743 59
22785 16
7582 82
16357 19
12168 43
27980 74
1437 75
29977 92
7924 62
10537 96
24038 17
13583 10
29866 41
7006 43
3658 82
27683 48
25109 52
5741 92
26941 53
26595 8
6973 9
14952 25
9475 9
12784 50
7765 83
3574 36
25487 47
13142 68
4618 99
857 94
27220 42
4165 87
2929 42
15033 82
11556 20
24674 48
12180 89
9179 85
27806 40
29081 68
29608 91
27616 32
2690 88
13232 33
25200 92
16235 66
7968 9
12124 82
12868 2
12719 86
16892 98
15711 29
13299 56
1729 41
10251 41
29390 5
9100 46
16643 92
2430 55
4722 84
13931 67
9431 77
2045 23
23672 43
19095 98
22851 10
11341 58
475 54
5201 83
12133 32
18411 98
28221 42
1719 87
24748 77
14451 19
12225 17
13491 92
13751 14
7688 26
15769 60
28081 50
19530 17
16499 99
12651 78
2332 45
18300 57
9203 36
18533 95
15133 79
11021 96
1797 39
10452 12
60 58
27223 5
2542 24
2860 53
16153 80
1780 71
27496 84
20780 52
26064 7
27025 26
20537 74
27014 8
11606 16
3080 6
28997 8
15691 54
1001 9
5671 54
27133 45
9515 9
6419 29
25666 1
20454 100
24257 88
10910 9
5892 38
16661 36
26999 96
2306 75
27689 38
22531 48
7810 99
25915 74
20923 21
27679 6
19558 89
7995 46
26589 5
13038 42
12768 13
14323 33
313 29
29310 96
10986 94
21014 75
21010 42
6488 4
2265 53
529 16
2872 80
10488 3
25223 88
4853 17
2808 31
6926 17
20863 10
5173 64
3876 71
9394 50
4761 60
25715 69
10791 62
17849 77
6092 12
424 52
284 84
7446 45
18835 65
26795 26
21266 10
4402 63
28268 86
13902 80
4357 66
3114 40
11473 15
3413 78
17891 11
9935 60
13839 16
26817 24
11487 30
20601 46
29885 18
28563 31
25212 54
14572 46
5838 77
7471 81
22640 54
17300 5
23130 22
15699 81
9708 29
957 94
24894 71
17576 40
3293 39
23492 21
29690 83
26628 33
26984 99
15705 45
253 74
2256 28
18138 51
7363 21
7767 67
21582 35
25277 54
17914 12
19918 3
17059 33
15976 73
5868 75
14221 7
28816 54
20497 84
23872 13
17667 12
9844 57
11737 60
3020 39
25884 42
29494 25
22249 85
24711 64
12787 13
28127 80
25714 84
25876 98
20275 53
13772 51
15982 66
8412 40
24206 12
20327 74
15576 88
7940 3
10089 41
26751 54
8108 33
14874 16
3950 1
29342 94
11139 38
3892 69
27885 28
19153 35
14974 25
14898 64
18537 11
8692 89
9313 76
4089 57
27324 6
21387 25
16595 71
4990 40
1928 88
21709 21
9313 11
19920 72
28317 60
5265 85
6789 16
9606 22
29259 72
21132 15
24904 25
29557 95
16278 95
24173 59
2882 39
11610 37
15046 80
26524 87
21996 28
16781 36
14915 25
28346 19
13617 93
10219 69
10841 28
19262 60
19236 20
29652 92
361 6
12673 76
19538 42
12017 6
11759 90
23672 14
23798 68
25456 94
22788 71
11913 8
1438 28
25380 14
22325 50
3159 96
10876 31
26203 3
18987 89
26670 90
1641 54
16823 97
20619 65
15122 55
2661 74
27083 67
11135 19
24709 64
10938 25
15894 36
23098 49
22300 94
6797 49
9468 84
10518 83
29732 9
22240 11
1463 21
2086 23
9726 35
29454 39
4757 25
12817 9
8077 54
24935 44
19169 30
10603 99
11694 61
9499 28
27646 50
7687 22
29936 56
19731 16
16624 76
22933 26
2495 71
3780 32
18758 49
2051 51
18722 100
3764 20
14835 68
499 20
9836 54
20919 1
15192 84
21422 10
7685 59
25683 26
16683 78
23739 43
13791 64
6633 79
18576 34
27585 9
4846 89
23713 76
18099 70
4714 100
22795 47
29788 48
11031 27
14121 85
18658 42
27731 45
5172 28
6503 89
2686 18
9718 59
9339 86
11336 80
13055 69
12608 90
2863 29
6194 35
22616 18
26434 12
22440 65
18847 5
15430 16
27782 4
3543 73
14618 75
8597 69
18021 19
6692 95
12263 35
2976 57
8117 86
12545 81
18377 81
4770 91
25642 81
5258 52
17949 70
8661 85
7005 63
15767 12
11036 52
2335 73
13169 87
2331 9
7062 14
1047 9
19586 45
15120 92
9817 35
22439 99
26803 53
25849 14
20309 49
17481 12
6775 21
27353 95
10833 58
28812 100
13565 23
1935 38
2207 80
6380 53
28122 58
11966 19
19672 35
6451 84
9836 52
13395 47
22719 47
21457 89
16583 24
17913 44
27199 85
488 7
9776 69
1167 44
9196 33
28738 25
24512 41
1917 16
25664 59
28507 65
16003 16
28270 5
12111 6
23888 13
13918 10
14442 98
18808 59
27041 72
538 86
6921 88
18228 74
21438 58
14283 3
12467 39
15487 15
11753 47
4059 76
3119 40
9264 19
12359 84
8221 8
13610 55
26994 47
17260 47
914 40
6184 75
4258 76
1612 60
5858 12
9937 62
24621 29
29040 43
9364 86
22126 71
12358 43
26102 63
1395 19
15396 5
28472 96
28637 7
21004 51
14763 96
10516 69
7778 44
11290 29
7555 62
2822 55
4508 84
24137 49
14903 51
2826 25
20097 7
14064 20
23425 3
14176 61
15139 8
4043 22
7594 75
27232 55
27607 14
6498 51
14732 18
19015 60
27404 63
10453 22
2159 33
23285 17
29375 8
17011 30
5449 68
22292 46
560 89
24779 2
6714 66
29702 9
23359 88
3468 94
26323 77
4294 40
3990 92
29926 90
17762 75
13750 93
27785 1
19860 77
2017 74
13332 56
8228 67
26299 3
4161 48
26044 17
5613 25
28543 41
12662 45
28878 35
3231 60
6557 5
17781 60
568 5
12823 76
8561 12
16258 1
28382 39
1745 4
14993 38
17563 57
26687 14
19200 5
27030 5
8366 65
9462 32
12212 83
10125 30
4582 14
8627 76
26248 34
11050 22
27282 48
6617 38
19226 72
21707 57
7738 13
7673 75
7366 94
25221 68
12711 17
19346 57
105 2
17192 7
22427 73
6945 42
27964 4
6872 36
21373 47
27832 52
8510 5
21074 59
25601 64
1176 88
28996 88
14778 80
25415 1
10153 78
12914 47
21106 40
12570 42
29931 94
13532 28
4404 6
2854 36
3661 72
29217 87
16466 62
24613 46
14006 1
22911 61
22419 35
18406 12
15832 42
29748 19
24514 7
24491 9
17531 22
24969 32
1118 97
251 27
5378 28
29081 22
29032 27
28024 90
27511 20
21791 80
18208 20
15038 56
13556 48
23505 12
18068 19
19352 51
5399 34
8457 76
11083 58
8179 51
22543 60
16041 18
18012 32
29857 20
1119 61
26386 89
1027 78
17810 31
24885 9
25713 25
17513 52
27490 66
25730 5
11676 54
14994 88
28234 28
25206 10
22268 78
27719 31
29886 33
6572 18
704 84
28832 79
8890 35
22774 42
9745 55
27995 16
3257 2
10789 37
23988 5
18174 27
3312 89
18994 37
9059 32
23940 91
29599 3
8748 69
23499 35
24506 45
710 32
664 29
16451 39
17910 70
25923 2
26068 99
4483 36
5891 2
24123 98
8133 31
18090 28
5536 38
13971 89
363 75
28508 82
10434 6
21326 78
245 63
12879 78
24185 63
28985 67
17485 15
276 47
27112 96
11549 7
15940 59
15000 46
22831 95
18327 89
21816 83
420 56
9819 13
3517 27
19277 81
26526 3
6552 66
24127 35
4773 54
25253 41
28483 76
25076 57
1329 84
28509 97
2760 75
11764 97
22224 11
23781 15
1788 79
12128 76
940 50
12806 66
24005 50
16307 12
7572 92
20093 5
9272 82
21526 37
12406 84
7257 95
6687 67
4870 4
17298 45
8303 29
2296 62
11117 70
19950 15
24207 84
15908 76
28378 14
4180 78
22093 4
4651 49
1989 34
27232 21
17950 46
25738 76
21614 99
19610 60
9444 71
5137 35
18396 62
12428 90
14567 66
13746 83
21159 38
14109 32
20403 30
11859 91
18445 65
21928 46
6328 99
17514 46
29274 7
19065 43
14613 15
12688 59
5062 74
4733 70
20885 82
16124 22
19528 88
9009 88
10973 82
17726 18
9782 63
10553 21
27419 76
4034 94
3600 57
29061 91
7093 99
21291 52
17149 31
11795 3
22112 21
12371 70
7588 12
2227 66
1264 87
7464 98
3299 6
10738 27
12556 15
10160 57
11907 54
13837 15
21910 20
239 45
18586 78
19919 98
24399 44
15651 96
6462 75
15280 21
3713 13
14702 34
2603 23
1688 39
23491 17
15814 43
11721 85
16301 44
22800 14
27104 15
5861 97
23818 33
18204 30
1878 57
20415 6
6147 86
26928 31
4889 67
1015 37
16062 30
28606 90
23339 52
28093 69
27191 99
2805 3
7567 50
27298 84
8061 20
22606 100
1190 15
9258 3
320 90
2155 38
5654 99
19695 43
12365 26
7424 68
110 11
7026 78
20396 97
28701 22
4314 36
13886 37
17087 78
27322 88
10135 97
6284 26
22474 28
23090 84
8254 78
7398 20
3930 86
5903 76
17064 44
1636 75
26539 72
14027 88
9884 100
2818 13
13523 77
28240 70
2734 93
4318 62
22199 51
11458 89
25195 61
28920 100
11923 36
4027 70
23499 41
3447 57
21132 55
21146 10
15431 64
19316 85
27102 78
23194 29
25566 84
25042 37
15795 52
4728 86
5731 75
24066 41
29970 74
18212 27
14640 61
1531 52
22342 56
20393 72
9213 32
23739 84
27552 58
9133 76
29186 51
8164 87
14606 29
18810 23
165 64
10690 84
21019 51
7763 43
5938 54
15227 81
26647 49
22207 37
21618 20
24965 29
29087 6
17775 86
27534 55
14391 70
24115 36
9321 17
15465 98
21459 80
4873 64
7276 21
19409 30
24782 99
3671 44
11243 25
1957 40
25939 12
1353 18
15307 52
28868 94
19661 74
8794 19
10876 64
14804 98
3744 87
6949 44
14911 53
11657 53
28692 36
371 31
15894 37
17046 69
25075 88
19677 64
7083 83
11839 6
13861 27
10988 45
2169 85
1668 4
25844 98
21300 20
25313 58
16863 57
600 1
8588 38
1516 48
17460 97
27664 39
19673 9
25705 1
5310 72
8775 40
5188 29
28728 26
10387 77
1185 92
11791 18
20107 14
4372 26
7499 92
28314 5
13051 5
18204 12
2380 42
8491 21
23553 78
14160 72
6532 93
15320 55
17845 69
12890 59
21544 12
29452 88
9996 54
1480 11
7337 61
13204 17
13901 8
18777 3
19908 10
27851 12
26069 33
16590 32
24272 52
8762 10
6525 56
28728 45
19183 20
7618 69
5265 89
15161 61
13705 93
22734 18
9671 53
24153 96
7632 1
9884 15
25394 86
13950 5
26620 60
28962 38
21878 78
18123 37
15762 35
5412 73
26847 17
22608 25
8215 31
3638 64
5526 5
23199 64
29213 24
4925 84
23656 91
28496 51
17993 51
11299 6
6616 49
29258 89
16287 7
12035 99
12303 72
18722 87
2345 18
728 13
12918 37
26075 75
17537 37
13668 26
10265 29
11431 52
2300 96
5942 68
13614 3
3345 96
29588 88
25029 37
16 75
21594 10
17534 61
10581 73
17182 55
19583 62
10702 88
7976 15
17767 92
12311 6
6337 98
21199 74
23200 25
21927 82
8680 67
5715 86
10248 30
28294 84
7717 28
15625 85
6494 63
21668 51
3785 62
18211 80
28587 45
12037 58
14480 98
10747 30
13842 61
4250 23
6078 71
394 41
13686 49
29716 86
23661 47
14477 94
17998 32
25772 16
29813 27
6140 65
2133 50
780 47
17993 96
24807 22
18863 77
18388 47
23209 86
26085 5
1950 60
4173 61
22107 5
7739 14
24845 31
18746 89
11195 82
14846 44
2793 52
15087 20
26236 23
24531 68
3707 99
2415 17
27728 12
28261 57
17912 2
17185 27
28229 54
6910 100
26987 63
20608 34
19601 21
20338 70
10360 55
12174 39
27315 2
23692 32
19951 68
5066 33
2561 22
28430 52
28219 91
3745 41
4178 78
3846 31
4469 83
18017 89
20558 42
16437 5
21865 48
26661 94
20882 78
11077 56
21949 84
1261 89
9914 56
14437 7
23304 21
24368 45
21696 95
3553 86
17115 13
5660 62
9966 64
20359 78
11346 2
8483 60
11918 99
9394 82
7907 13
9732 88
24069 40
23890 3
16399 78
24754 59
20209 78
12966 45
15626 9
1039 56
28482 58
14143 13
4520 20
27669 24
24874 9
23024 81
25090 9
10244 18
16245 74
20798 28
2331 73
22809 99
11930 86
9233 90
19235 81
11722 52
27887 91
4245 3
11638 62
23188 18
8884 37
7671 95
26472 65
6202 39
13442 97
10045 89
9331 8
3537 33
7295 8
1457 57
18424 25
11948 37
8068 46
24812 98
11808 48
12343 23
12026 47
5985 82
20654 5
4013 42
21299 86
19553 13
2268 100
28414 75
3138 72
17718 83
17984 39
26562 42
18827 79
4076 84
18328 76
14410 49
29641 82
26668 21
20846 65
20832 27
12078 29
28529 19
16760 94
5237 83
13017 30
15094 39
5279 97
5806 60
10597 41
6861 47
21744 95
7567 2
7628 84
11766 47
22271 71
20569 97
23957 54
15148 14
5755 30
22633 12
15264 83
13486 29
4348 17
9304 87
9228 99
12003 8
23705 75
21786 13
22411 35
922 28
22040 16
13971 78
5460 13
29564 76
10160 6
15904 22
5610 55
15752 40
26446 29
20878 92
8206 92
24875 79
19352 67
27004 61
3598 2
14302 54
9709 60
16090 55
7318 30
23768 29
8127 59
2950 81
2991 28
26638 91
20367 51
25723 25
3563 42
46 66
5481 32
2338 57
13373 83
20725 78
19329 24
17652 9
13234 47
25208 44
888 59
28697 6
25104 50
29494 42
28245 26
17998 3
29086 59
24644 66
25057 33
2504 99
4220 34
26762 34
26922 60
21070 90
7295 40
20894 87
22635 76
14672 73
8126 50
19603 57
3457 37
22521 43
18171 28
6435 36
29743 98
14217 62
16699 51
25856 20
13767 54
21225 17
27364 77
22584 13
8004 27
26616 36
14722 80
26736 14
15148 61
13726 70
35 53
26921 28
14378 29
10150 99
24291 52
16793 44
1396 24
12541 18
20709 37
14167 37
1506 56
21638 41
14355 74
17731 81
27410 17
14373 20
25519 66
21279 67
10452 39
23407 57
24682 42
29123 61
1016 94
22910 22
5635 13
25806 97
10535 12
1894 14
11701 22
7951 64
29559 94
24620 95
20625 81
4789 53
17893 68
8521 21
11773 39
4323 76
17517 76
978 93
7118 31
16777 17
4147 91
19699 100
14636 74
21022 40
23882 94
15249 56
13017 63
21698 2
21334 63
17664 70
1713 47
2579 39
20468 29
29597 69
15816 23
25514 30
11916 54
17174 65
23047 52
8391 24
551 82
11272 7
16600 9
14989 12
127 67
6091 40
16641 75
21394 85
1239 17
22716 71
15678 22
68 59
18759 97
17012 33
18434 8
22977 79
29316 47
8066 79
6785 59
8140 18
16976 74
19658 79
29782 40
13163 69
11615 3
6383 82
7839 96
19789 90
28042 73
3788 70
23349 47
1461 43
28202 58
1351 26
25610 31
493 68
1838 23
24075 9
23743 3
12428 88
13001 99
25966 20
11178 25
22202 95
385 100
12931 91
25246 2
23661 45
21340 7
16749 68
18596 43
15870 69
9454 20
16269 95
15050 34
21383 58
9155 24
23728 86
12918 17
557 52
21979 50
4966 84
23838 22
6654 67
5544 11
2501 32
12026 93
1471 65
14415 19
29537 4
20845 66
21148 31
26016 73
14163 98
18138 47
10115 6
25431 58
8356 10
13101 31
4678 18
27166 37
16890 93
9581 23
8422 59
12917 93
15791 49
9918 26
2659 52
14899 30
15779 32
16932 97
27979 19
28026 2
12830 20
2857 51
16269 97
17825 29
6452 88
2614 28
13722 30
15998 6
1550 7
24133 31
29359 25
7927 6
26481 94
3226 47
3800 96
14806 94
24796 53
16522 68
14494 69
13399 44
22811 30
11297 24
6845 6
2991 40
21501 57
25686 99
17690 20
7052 85
980 69
29504 59
13238 91
6025 36
20571 10
7712 13
25158 48
2144 8
2566 69
18424 65
13977 94
9650 87
26551 31
2027 61
18476 83
29409 31
25307 80
19106 38
13073 89
19303 91
8113 53
26985 35
23801 62
3796 40
28660 51
22825 74
10506 27
18592 92
19242 26
7488 83
5293 80
18821 59
29914 6
56 85
23109 72
22868 85
1811 12
23931 38
3393 91
9715 93
20647 61
6080 63
20411 34
3473 45
404 68
28306 94
19761 46
26607 29
23420 15
20471 33
18126 78
9221 57
29232 5
13167 90
16837 27
17744 71
28397 86
15696 48
3172 64
15901 96
22915 9
14610 79
8472 39
2053 22
21951 78
6750 90
6461 99
11669 20
28548 99
3406 38
13664 11
18865 19
9232 80
23974 18
24528 27
20550 94
2061 88
18399 42
2783 44
20444 10
29851 80
15309 83
29481 15
3800 100
25013 80
18833 90
4633 70
29257 42
4742 60
27454 77
5946 21
190 8
5031 19
16207 37
23621 2
25537 20
2359 75
978 33
14576 66
3479 11
2889 92
10430 90
9861 68
10153 8
29661 87
29968 7
20336 37
12698 56
24513 91
1549 71
4422 97
1639 19
20801 37
29006 97
4641 68
6639 100
16635 32
9342 13
25436 13
13384 65
10765 64
9080 44
21641 3
16697 43
16391 14
18226 56
19128 3
24652 43
19066 50
21243 8
3500 71
23406 83
8141 23
2284 72
18577 18
14383 55
8610 25
28393 66
1906 93
6491 44
29580 19
25614 88
1938 88
4067 97
14543 55
23412 54
12738 96
25653 37
837 88
25859 93
26543 92
23096 42
16296 91
5796 44
5668 40
17690 5
29306 18
29434 87
3324 50
25218 68
1585 64
28864 97
10795 81
10247 88
28916 88
20375 98
28210 48
5125 35
18802 40
14953 87
6492 41
23321 83
12080 20
7099 95
11915 82
17098 29
11535 22
10277 43
4320 59
723 68
17263 28
21974 10
17774 15
26939 43
7790 74
4497 99
28631 65
18120 79
1710 6
24320 58
22291 9
11560 80
2644 82
5907 62
6061 63
29585 33
27444 32
14243 97
2420 84
5919 92
13821 70
18848 10
2166 45
499 20
7847 31
21128 54
3801 4
19415 99
22399 7
22046 51
9866 76
23331 23
6387 84
15635 73
26347 8
26476 11
22532 66
15262 50
3209 47
26086 27
29851 38
28702 7
15087 47
14227 37
3332 100
14109 68
14666 14
17809 64
10706 49
6741 45
29317 58
28520 70
21617 52
23295 54
26064 28
28486 22
260 75
15583 77
9931 97
4924 13
19368 12
12518 33
29563 18
22920 42
18615 34
21386 99
11932 67
21241 93
15712 82
18270 15
29962 58
22888 72
14432 43
27195 11
29635 95
4868 48
10589 9
22828 73
4196 15
22773 20
28810 21
11473 22
5347 56
23253 82
7913 13
3356 7
7330 48
2560 72
24124 65
11559 64
6329 63
2491 69
17097 88
21417 34
13159 65
17986 31
10080 92
10882 89
2394 13
18051 57
21943 77
4174 29
15800 77
16197 99
2975 19
16415 83
16499 13
214 24
4505 79
23829 69
1887 55
19807 69
11476 61
28009 77
28237 41
6518 77
25931 69
1773 68
28494 9
7955 97
10907 99
24279 86
29409 91
9764 78
17592 83
14356 24
18227 43
6027 8
6245 84
9286 13
26257 71
12706 85
17601 77
15085 65
16625 28
5669 35
8514 23
18403 65
22093 16
5613 40
21233 98
27493 79
25406 21
6075 41
607 9
6361 44
1992 28
29082 25
26479 35
5624 8
23965 46
20721 35
11089 66
28436 49
11038 24
17273 30
5219 62
4456 31
16825 50
6015 77
17997 20
8378 27
17763 98
13499 76
26210 94
22321 30
26962 1
22041 77
9931 38
11902 46
14948 32
1640 57
7498 6
22986 49
13257 65
8701 68
9906 25
2642 8
5590 9
21902 32
16528 51
11696 51
15633 23
13469 44
15694 93
15089 69
1868 71
165 66
4721 62
7314 83
26814 2
10297 58
16117 16
20463 75
21122 26
10684 26
1200 28
2724 99
11253 66
26534 29
5143 51
280 22
26105 72
20328 68
28431 99
23427 24
13885 91
14938 67
6215 92
25177 65
12253 26
946 15
25166 47
20673 80
12701 95
27100 79
5816 74
11457 82
23834 71
25882 20
26693 90
26133 57
29827 5
1557 32
15219 48
11540 18
24795 76
8538 46
29405 84
16010 85
19539 34
13278 42
9449 47
24166 52
6463 35
23121 87
17118 39
15902 23
17709 75
16313 15
12388 37
12768 93
24079 99
13135 5
9447 80
18109 60
5438 19
9283 92
5082 8
13003 90
24821 53
17455 27
724 62
28393 28
26814 32
23680 38
8819 43
819 97
2181 96
9379 72
7949 77
13948 1
23494 49
23626 31
1138 84
20611 46
4970 34
7585 37
29819 23
21405 77
9529 74
17753 87
26010 93
24806 39
22887 44
23131 57
23164 75
17608 36
14506 35
17106 16
7834 21
2672 24
7231 30
17548 87
1122 78
12847 10
13472 3
466 65
15858 68
4024 19
16416 28
25653 32
22039 76
2551 34
23235 18
5480 1
21780 13
25737 35
27382 17
21386 45
29107 72
11573 47
9904 54
18041 45
22332 76
15262 63
3064 57
14703 11
14750 52
14897 44
9059 47
5617 43
24091 54
8262 81
1351 89
5294 19
22075 93
20502 32
8363 74
5489 92
17012 48
16739 45
26180 28
22347 88
16150 98
11956 82
21587 14
396 61
12861 34
2630 64
10030 39
25665 77
14069 35
29102 49
29472 53
24016 74
126 93
9509 33
4939 21
20226 99
26987 48
11084 92
16469 74
21949 47
387 10
19904 52
29146 63
14552 97
23250 3
20029 52
16856 59
7862 75
2320 64
21151 43
16125 68
9015 83
2540 78
20200 21
13653 21
27887 43
20093 17
6266 94
7846 46
12272 15
9659 60
23546 81
20838 7
16745 77
27880 72
15628 37
14729 98
12003 84
22612 68
4436 15
10228 100
8070 32
27337 80
9118 20
785 45
22662 8
28799 24
18479 86
22863 82
27282 5
10116 59
7830 48
23591 81
3138 1
27163 36
28708 54
18552 86
7573 40
17542 96
1199 51
10340 70
8722 34
21750 12
23028 46
5618 39
23596 39
12118 41
20057 45
3012 10
7277 32
17237 79
16904 46
7786 79
18761 59
1931 65
12322 41
2201 43
16610 100
26904 59
20327 6
26298 91
28803 10
27537 54
15763 3
13343 58
14034 24
14102 91
23669 16
3106 8
25796 90
9958 50
26753 56
25627 75
18098 41
5918 32
8982 64
535 40
21346 67
1665 85
4332 89
17324 1
21243 36
6498 72
21693 88
9563 27
6225 47
7582 60
14070 42
1732 56
963 26
2076 37
23681 36
6137 59
2835 68
13249 47
11986 9
7377 97
5324 14
27109 79
5610 57
727 18
13539 17
11012 99
13732 86
25040 95
17768 68
29904 80
23135 72
5502 69
10801 48
23630 26
17636 3
3399 93
21505 19
5463 74
10563 83
23764 69
9680 72
25980 16
26545 10
13948 47
25606 5
7366 68
4365 54
29714 83
8901 99
1404 22
28189 87
25038 46
26294 5
19263 92
23657 19
27296 100
9829 86
21253 71
23580 29
27352 28
22155 94
29171 90
22321 98
11441 14
5992 56
5431 45
10812 48
1375 10
13678 91
5453 62
28051 20
27727 80
27715 27
6155 23
21169 30
22652 81
12220 41
13972 72
7364 78
23991 10
8930 88
18651 40
5343 3
22832 31
20969 52
3066 32
25373 4
23747 47
20108 27
25090 70
23924 43
29050 40
22459 33
23627 92
19077 61
2349 19
3932 73
22003 40
23463 25
23421 91
2175 85
3985 34
28840 76
8666 62
13547 51
4573 10
19221 95
2142 79
17852 26
28596 45
19056 24
15571 75
3096 67
26184 11
22382 77
26620 21
10227 25
12599 17
29528 75
21283 29
12423 86
2990 82
26811 23
6905 26
15978 64
28316 82
5393 18
22550 2
499 68
17773 31
4712 77
14305 47
14775 17
22293 18
15665 96
12465 1
23104 37
13637 99
1124 42
29316 55
4799 35
7624 75
27946 22
20983 51
12087 36
22975 28
602 77
17048 88
7608 40
11115 28
16527 31
16151 41
16517 88
19519 90
6586 57
9895 92
192 62
23666 82
27202 70
27833 49
709 17
3833 25
21988 4
11622 38
8160 88
25746 91
29359 23
24274 81
538 95
21452 70
20664 98
16287 91
13325 56
4460 86
1598 4
18481 52
10673 26
24941 24
17519 67
14165 30
24029 4
21144 5
4237 78
11055 63
21262 1
15834 39
7079 15
3451 22
28139 90
21439 72
26528 16
25744 84
27245 60
26804 88
20911 39
12619 15
26249 91
7716 63
5973 69
15868 95
11406 9
4657 100
19051 100
9401 17
16182 92
3363 26
6886 50
2489 17
13557 37
7552 16
7643 97
14817 62
11535 79
6289 82
2832 29
3216 9
24680 47
17732 28
6919 91
21732 31
28480 29
8574 91
22585 19
19336 81
10268 30
17977 49
11995 70
21789 77
445 48
15205 62
22925 75
18431 10
13973 33
13103 23
19512 52
9011 48
21264 31
255 75
2123 22
18054 12
20628 65
17914 11
14717 43
4962 24
14665 58
23891 89
26323 48
2028 84
8046 62
17177 44
12028 6
3915 26
20123 54
24434 64
6160 7
17541 17
12691 54
13475 74
13691 13
973 70
17539 98
28070 55
14357 32
13634 89
12608 6
13173 35
6262 100
14036 90
16822 69
21317 61
21494 6
28170 33
21239 3
3409 54
12818 89
2598 31
28761 77
14456 21
15077 3
15686 59
24902 15
26727 57
686 58
21900 29
9517 75
9034 6
4820 35
10443 83
4441 69
21636 11
16272 83
3821 29
14255 47
8950 12
15943 54
486 10
19536 7
548 90
23145 54
27165 34
29738 15
26357 68
4729 93
17315 51
3074 43
20771 74
4817 35
28739 24
19905 44
28941 42
24743 74
12192 2
23106 74
12935 41
5928 62
2367 33
5458 34
16090 79
29497 28
2373 41
18705 20
15237 17
27074 12
28443 13
8192 26
10361 32
19447 87
9699 4
11145 78
23340 17
13618 24
29028 60
14755 4
12809 33
16424 31
16975 4
21328 37
2915 61
28021 78
17879 85
20850 71
17501 90
3154 59
18516 5
1309 46
16185 16
6873 72
9173 18
21168 53
7786 13
9279 50
18217 96
3317 17
16242 28
5115 96
889 26
3458 58
26638 92
16125 80
11088 37
22021 43
25592 67
12593 61
7279 18
14922 15
23494 67
26503 63
7638 9
24574 94
23371 16
8287 95
10687 83
15579 28
20747 83
29 55
26530 60
5479 93
5986 97
26141 51
25268 40
16625 83
10572 80
6340 23
25874 82
25860 22
15751 45
11884 93
18346 36
27097 86
8540 100
12821 23
3759 5
22162 62
2691 87
5607 52
6972 78
14476 76
3501 63
6522 56
18956 18
16796 7
17997 25
4405 42
16591 55
24559 85
27242 26
18414 15
4822 89
5960 95
15969 41
18649 12
24866 9
27348 16
29643 54
8133 70
23717 65
24183 89
9778 49
7561 55
15545 41
26757 80
28757 19
11073 11
22694 33
14998 92
23253 90
7586 39
9894 24
5493 67
22258 31
6586 55
18133 87
28272 17
3093 71
4571 90
12731 6
12560 26
9637 90
23079 12
1839 96
27036 57
21989 62
10283 71
15702 38
16844 57
10869 8
9575 70
11548 43
19115 23
20171 71
402 30
17195 15
18200 40
183 60
14682 82
7243 83
24590 69
25800 79
16441 63
3622 50
883 100
5703 25
2189 93
14468 36
10533 89
28299 10
20340 14
5484 54
14448 46
12796 100
27615 84
9122 68
8468 69
9990 90
6524 94
4767 40
16378 88
3764 71
25063 25
19343 52
29684 52
13767 44
27943 75
13235 26
16829 14
20425 80
22996 10
28749 82
10399 47
2380 53
23556 86
20 84
12840 29
1398 93
22317 40
4947 65
18467 99
16397 53
4137 2
27465 43
11028 83
14943 95
21635 96
20942 34
21692 21
10126 62
208 42
8548 27
19511 39
13217 2
11066 40
13430 19
695 67
28390 14
20184 94
22306 35
12579 53
13380 80
6632 17
16705 90
19965 53
13412 87
2198 15
10191 29
16403 44
21215 89
4371 80
8013 27
23905 5
22660 68
2153 76
5018 7
27934 92
5733 49
18014 10
21554 18
17839 12
20974 30
13684 9
5336 54
12748 37
15135 76
3154 99
8706 33
11248 85
24593 75
10768 14
20176 1
2999 16
1718 74
20579 84
11141 2
16791 58
6457 35
11782 97
12341 67
5591 19
8357 66
29863 97
15948 86
3143 4
269 98
2841 4
1586 29
4880 70
25427 26
16147 92
5850 94
25383 87
19326 15
18941 51
23293 57
10634 68
24319 83
10242 73
19976 20
9145 64
25141 46
7555 96
4918 50
16791 6
3036 79
9776 49
9936 97
12543 93
29497 18
21634 64
7572 8
1495 62
27512 82
28599 77
10212 7
27976 63
22583 1
9637 21
11053 100
19287 36
9310 75
10595 90
23230 37
7931 48
20407 22
9777 19
24592 7
2429 39
12645 72
26782 6
7398 41
26200 35
4438 42
10871 48
13844 46
29496 33
18700 45
9793 17
3911 74
27949 48
15571 16
14605 54
16034 96
7275 54
11653 10
21173 27
8114 50
10692 90
10645 85
16734 57
21512 40
10762 31
16678 60
27985 3
23189 46
13597 47
17483 9
16657 74
28531 77
11318 1
2587 89
24643 6
25332 38
25070 78
22892 6
233 86
129 88
23377 33
12006 60
28270 96
29975 88
10080 24
8090 71
12027 79
3587 17
23592 43
24703 99
13088 31
12664 39
15834 37
22847 80
27729 29
25444 4
20555 21
16476 48
2254 19
4853 16
29848 66
20332 78
21845 3
9441 48
24020 99
11787 41
7274 54
6590 89
14533 62
12423 20
11071 40
6666 65
13383 63
3457 45
5083 76
24889 55
15599 80
636 75
14153 45
14515 51
13276 24
26700 37
25151 85
27763 70
15344 25
1766 54
14161 27
6931 95
4171 55
21151 28
22442 96
8425 61
29223 85
6051 46
27464 52
23071 42
17477 17
17885 4
17868 20
18336 81
1186 98
17514 70
10866 35
11744 19
22370 74
10228 94
23085 58
13632 3
18119 37
13024 65
29658 90
11249 31
10838 43
15779 70
11163 10
812 54
22929 22
277 50
13642 39
28119 90
17073 60
4189 5
10880 7
27384 4
1045 40
23292 70
16759 39
22409 87
24754 64
24148 45
7736 18
6728 74
14723 80
26954 87
5348 30
21899 52
29293 7
9778 61
17731 47
10015 99
12771 61
11513 24
11299 85
9697 52
24645 8
10235 81
26653 87
17910 31
18598 94
17453 89
24734 21
7900 34
28092 71
17046 87
10707 73
26813 4
4218 81
18864 4
10196 59
14374 2
3046 14
28769 39
15729 25
2951 40
1646 80
21731 98
23099 95
27231 50
3812 41
28957 40
10214 57
998 81
6001 68
19639 11
29708 85
2855 32
17504 90
14915 68
21311 39
20362 82
7520 52
22954 99
6604 27
27866 63
27676 17
18209 99
25050 16
21371 62
11543 27
5101 21
11457 53
2563 3
19464 79
1601 30
15933 15
905 22
22799 27
8765 8
6730 99
7413 40
17779 16
23500 63
21492 1
4573 90
4352 58
28666 29
13461 37
6403 4
24430 87
25032 57
11145 32
4927 5
1853 35
20548 69
12041 34
8569 28
7593 45
27500 37
21349 40
27643 50
16405 80
9921 37
7625 83
21764 38
19317 96
11141 96
29149 95
23600 77
6617 63
15887 24
760 27
14787 3
3360 62
5084 64
22081 19
7762 59
18814 69
14310 56
20894 66
6921 10
2951 11
10746 5
8183 35
6259 53
85 28
6758 2
6411 16
1464 49
22944 25
90 60
21730 71
2195 71
4664 70
23083 7
20633 25
196 59
24020 81
8572 19
16664 52
4328 28
20455 37
26541 93
25935 54
12490 3
11008 29
19362 40
7341 22
10643 27
23715 27
7642 78
19986 38
27080 32
19568 99
28118 28
26169 86
26282 5
14065 73
24300 34
11720 73
17629 38
28192 68
27548 9
2746 35
18479 71
15501 48
26705 62
21541 88
8123 85
15834 87
698 82
13590 47
18211 13
21937 44
18707 52
13350 99
24609 50
1048 12
2614 58
18702 26
14909 34
1208 68
2033 61
16997 25
23509 19
17609 9
27369 21
8118 88
3298 44
29746 4
19786 91
27872 90
11438 62
10217 46
2367 97
5649 57
11091 18
7313 92
12012 11
9873 65
9293 85
5497 91
23870 21
12010 32
1195 78
21768 47
2356 48
29799 90
10316 47
22355 46
15729 77
2737 23
5869 17
20847 46
15435 93
20379 94
27871 55
23849 100
6748 25
8507 26
15950 47
27486 66
19315 81
25935 1
1741 34
20496 80
1865 45
5751 41
19204 86
29351 51
24355 95
8420 64
29143 72
15924 75
66 76
10002 58
12405 78
2392 5
13295 27
24661 21
19069 59
3556 85
2948 14
101 19
29288 72
7953 48
15976 9
5881 54
21201 12
11596 59
12710 43
17391 42
21757 45
25033 96
24683 10
5345 39
6435 97
1102 42
25716 36
11282 26
4730 22
17113 24
5721 64
3184 87
26759 72
24694 94
9906 10
22149 35
8372 58
386 36
5923 60
25639 74
6440 81
12188 52
14932 46
12717 60
27233 91
22804 96
16794 95
22897 40
27798 38
7259 88
3966 82
6342 95
23967 34
23557 66
16904 67
12259 82
15484 64
4212 52
13636 41
11985 5
21813 49
13976 15
604 49
29863 23
5018 82
25727 69
26188 45
19302 26
27027 79
321 34
17206 67
14869 21
13062 71
6886 90
10157 28
18071 40
2190 97
1925 24
18797 95
6702 2
22658 18
24114 75
11773 9
14247 52
6374 15
28773 92
21863 34
7132 72
15769 55
14553 10
28400 94
5730 52
8977 20
1711 16
23548 80
25108 42
6680 52
17637 50
19123 19
13892 34
18264 25
633 49
27704 62
13828 70
13390 34
1271 64
17497 17
13509 48
18895 8
10359 12
10016 94
24352 14
20848 90
27399 73
5136 67
20566 46
21142 23
26759 31
23634 32
8083 59
27477 86
27546 91
1287 65
1803 33
21229 34
10371 72
17714 23
22741 64
7622 21
20272 52
22845 60
10409 64
17619 95
19199 15
19650 96
805 77
28719 9
16632 35
19610 41
5386 56
485 2
22931 2
3857 44
620 29
22675 52
8987 60
5595 16
12117 83
28783 96
15543 6
6572 56
9254 97
22275 55
26974 11
4794 45
491 64
28454 34
1756 14
22527 80
10469 53
17935 12
3768 19
4596 35
206 100
465 98
1236 83
67 86
25192 71
2085 75
27030 32
16106 43
23945 87
22655 34
5513 72
9724 49
22781 50
1907 73
26289 75
14987 47
29365 14
8204 9
1617 65
27462 87
1843 83
27105 1
3175 25
26807 7
24975 87
19742 46
19621 6
12234 49
3844 3
2131 75
1834 68
18446 12
777 27
14192 60
10912 93
6734 22
20809 24
14846 6
15215 21
20768 91
12622 89
22157 69
18200 35
2149 9
23450 46
15942 14
28968 87
21849 77
29678 35
3119 73
10435 95
6171 52
29836 39
10427 52
27907 96
29447 4
24447 74
9561 23
20949 92
12945 74
1373 91
26360 65
4478 33
26411 81
26941 28
19923 34
25045 16
20457 82
22711 86
28141 22
18770 77
16328 52
1695 84
29082 45
6950 36
29507 58
28815 97
6544 70
28633 73
20671 81
22033 66
8191 73
8570 96
16260 25
11474 96
6851 34
20449 78
29731 80
22927 52
25621 77
22367 55
8808 78
8138 89
11301 88
16947 24
8107 36
26491 21
4011 26
28407 9
24514 67
14931 59
7693 51
20385 64
22954 97
3080 2
7066 54
2022 20
29280 1
25563 17
1702 30
22032 30
1891 31
1540 92
28287 41
6203 38
27267 58
20466 1
26714 76
6177 53
18694 91
29435 17
1879 69
686 18
14590 99
17750 93
19471 81
17257 27
16354 74
5981 10
24397 71
26667 30
11225 77
19999 40
15186 25
15327 15
5911 35
17390 54
7635 99
28158 92
2463 92
26667 66
15471 19
10744 69
10289 69
11744 12
23539 42
22030 52
27457 10
1235 71
18040 34
5171 35
10025 20
18198 95
12158 83
9220 18
1090 34
22718 11
29056 33
9424 86
23757 80
1670 11
7124 47
6155 35
29959 18
7701 38
20290 41
22124 5
7483 13
3041 62
24490 98
7277 32
28222 94
14447 86
27904 29
22964 11
19863 94
10487 54
26079 93
27613 75
809 61
8319 45
4723 9
26931 43
3872 82
11751 27
636 85
26882 60
3832 22
16335 23
13163 36
21444 28
12648 21
5118 73
23135 86
17969 60
6160 24
3066 32
4575 16
19860 68
4424 93
21636 34
14924 84
26756 12
16515 75
9987 66
11469 16
6479 60
7108 71
5677 39
29167 24
8816 11
16346 34
21082 90
20300 8
6567 92
11240 32
20252 34
22741 34
21507 90
4253 94
16149 33
21879 51
3845 7
15219 55
12313 89
25367 49
27939 3
3239 99
22871 24
6162 8
25085 5
19273 16
23716 56
26801 41
7529 28
27208 60
13084 4
2597 9
10619 12
20606 39
17155 34
11475 39
29616 6
28926 55
8288 7
23910 43
6622 74
22794 15
11464 55
25748 96
1150 31
4417 25
12970 83
9025 28
21520 88
22482 68
16 66
15123 43
9760 3
1779 60
22932 25
18950 38
12723 9
17793 87
1184 32
17730 90
13663 85
11224 61
19701 34
19053 16
12686 92
1866 35
26479 48
8741 96
20149 96
13709 2
9677 22
281 4
16734 84
16414 71
2061 68
21617 48
21694 30
27216 19
6888 28
25933 60
5945 89
16942 34
22570 43
16903 40
20724 64
22200 93
26688 38
14940 16
11572 34
3826 76
23348 88
29127 89
4468 12
8721 63
19640 43
27736 33
4626 83
6248 68
8492 95
2963 49
2419 80
3497 68
25897 59
566 3
29280 16
10462 64
28187 63
15219 74
19936 75
10007 40
12644 99
4120 9
14882 68
19394 98
3733 98
13332 77
17672 86
2365 40
11362 8
29975 80
25040 6
20680 16
23881 56
26047 52
9418 88
14373 97
2955 95
23549 34
6935 52
11521 82
3798 14
29165 50
7604 87
16844 73
25010 14
23509 19
10204 47
1848 35
12806 46
21249 44
28175 38
28793 81
21940 64
21253 82
5889 42
5728 59
799 95
18820 71
23474 13
16360 56
7000 72
2387 2
12282 96
8061 65
23187 12
16800 50
21543 50
3168 46
7399 91
28482 75
9524 32
8913 98
17802 62
8987 4
13558 79
336 50
29405 35
1629 44
16476 94
13279 49
23884 46
6045 86
1026 6
9061 52
24982 30
21986 27
20216 40
29120 20
26430 96
17576 74
2921 83
19439 78
4705 34
24319 52
7719 86
18276 86
27824 86
18589 67
26001 57
2570 99
23742 23
23855 89
10961 37
1154 43
13548 44
17949 34
19709 56
2752 88
27525 93
9964 96
1443 38
22298 43
21752 46
5590 44
20459 77
2071 37
15738 51
22715 63
23894 46
3252 31
12434 61
10268 66
4592 70
21451 96
2028 87
603 69
21191 51
11301 15
15985 40
8200 50
9762 25
24671 96
5674 31
24355 22
5644 52
29544 69
2663 93
18729 24
22659 52
25460 34
13422 31
28137 34
8568 88
3472 22
20543 34
29139 83
4460 36
28249 20
25753 89
24168 35
16544 21
11674 1
17249 81
27707 10
14407 81
16848 4
5486 68
10671 56
23144 24
26882 81
20692 75
18646 43
15745 61
27175 60
19903 63
5150 66
16577 19
17513 87
26060 49
11214 25
5865 69
25123 15
1620 23
15302 93
15182 45
13927 93
2627 13
26017 83
24935 29
22482 9
28869 91
1442 60
14267 63
13060 69
8161 86
24621 84
27592 99
15124 78
29975 62
27562 76
16477 41
17561 90
27692 79
21336 98
23328 86
19020 28
7091 29
20967 91
2581 39
5888 84
908 45
26796 70
26651 28
7503 51
5439 24
9975 12
13291 9
1526 12
21938 89
10870 67
4814 20
28324 55
26822 29
6016 56
10396 80
14175 51
16301 35
3677 66
28816 76
16313 92
10107 10
2146 63
9162 81
25791 44
102 89
17974 13
21137 85
21909 77
13908 66
19985 67
17926 51
28942 71
29709 53
29917 94
3593 81
19712 11
14773 35
22024 86
25028 94
5890 36
13235 15
4659 28
28154 88
20699 87
7421 4
3956 14
11443 43
22368 19
13195 99
1420 87
6260 52
16662 39
24622 50
16821 51
4294 1
25762 20
12204 22
24536 17
16590 77
12674 36
7326 35
3729 49
19315 79
27684 92
21811 1
21557 72
25767 52
16523 69
5875 77
17954 39
20379 100
2569 81
29396 3
29363 75
15122 22
13546 56
11415 46
9571 79
6318 16
24718 8
9299 84
29018 3
7249 24
22136 31
7937 48
19541 19
6193 27
16248 61
19070 39
9057 13
27514 71
18671 6
29723 28
26050 83
20151 93
29384 3
16638 80
255 57
19610 86
18531 54
4843 84
21779 9
19431 83
19350 96
1712 83
24878 32
18634 78
23853 8
28243 88
7580 97
11370 96
1679 58
12089 89
28359 84
16840 68
18720 94
22707 66
3723 9
24346 49
28056 75
3183 3
28840 29
25320 25
15676 84
2985 35
21783 21
2040 15
4956 52
12478 3
16141 6
28575 33
5380 11
26147 23
11207 21
29554 82
21430 46
23272 68
7021 93
1213 92
20286 68
2569 48
18555 52
16351 75
28880 16
3078 9
10741 4
25228 18
3731 20
24037 76
16150 15
994 24
5366 88
2385 25
14122 74
25790 81
1470 19
4702 42
2118 23
9206 77
8927 83
10580 61
1673 25
10454 39
5997 16
25874 94
22723 74
18469 21
19685 89
29559 90
28205 94
14970 75
2905 93
19768 56
4957 80
8067 19
1434 87
10843 47
6235 44
26713 51
24206 28
55 76
29768 17
4379 28
14856 57
13799 97
9957 8
14495 82
13376 26
11804 86
24596 69
23939 94
9158 15
24037 70
3756 14
9266 70
12560 54
2625 4
14320 4
8380 18
19834 94
10326 20
7055 89
2177 19
27577 4
20011 59
4341 22
27361 62
4472 37
9165 46
2135 34
10873 2
26742 26
17822 98
14389 24
22523 68
3660 23
22251 37
23699 19
6300 25
6868 37
10496 14
23918 50
18200 93
10145 50
22588 39
3997 85
9258 67
29375 33
26376 23
19623 28
7732 80
5111 89
10642 38
20214 61
9078 9
12298 55
26154 56
16945 93
26330 91
11289 81
17910 98
17002 77
19201 25
23754 15
29999 28
25342 16
7178 11
24485 90
3733 3
23 34
6445 87
15710 51
537 62
6569 24
18633 32
8605 27
13075 68
25004 73
14083 9
21591 23
13247 47
10686 38
16550 84
25640 98
5891 14
4977 79
25016 68
8985 85
10158 23
16841 73
3475 64
18750 73
12474 27
5319 35
27945 16
25436 34
21322 60
2549 1
13934 43
24091 91
18613 34
2387 87
17056 16
11341 37
3283 99
23856 39
4569 48
6327 46
5505 47
3232 77
6260 60
24183 9
7863 42
4460 45
25892 67
29464 33
29956 59
18528 18
8929 69
23154 90
4524 25
21238 82
15945 2
25688 26
3324 99
16885 19
18639 42
25883 74
25773 39
27344 57
16831 53
971 81
14970 17
24662 40
6439 57
8632 20
5327 3
4628 79
554 83
15232 49
8311 31
16789 4
7880 79
7830 40
13777 40
21127 91
22156 91
9889 55
26713 100
13542 68
22854 7
12955 20
23298 27
17739 67
7225 63
2239 44
22714 92
23466 82
9781 24
10400 7
11105 76
21666 72
25109 46
22982 89
11248 64
17792 75
11135 57
13462 67
13836 8
14185 73
27338 17
23426 11
25126 30
14554 84
20777 64
13623 78
13047 41
4338 35
8299 63
6722 92
27226 81
23201 95
7330 94
25680 20
9593 85
24753 91
6606 56
2818 93
19008 55
12330 77
27433 98
244 36
17698 7
4832 21
21267 60
3999 85
25337 59
13845 13
13415 48
4049 27
7564 18
5547 27
14717 61
13845 62
22049 25
11753 91
8910 63
13735 97
18500 9
3976 31
26492 60
20916 17
26125 50
13484 28
16564 57
21170 58
11450 7
21610 58
18809 93
22930 73
18480 26
3252 65
220 89
8097 47
22921 62
787 71
15643 38
8203 95
10608 14
12748 82
3744 66
4131 13
15260 24
29480 68
22736 24
19883 63
23038 83
2488 61
25581 36
4715 1
29289 93
24747 61
25734 34
20527 65
17227 49
5041 35
19770 18
10772 3
24695 30
21031 95
10788 45
2267 20
28406 21
13008 47
19749 34
995 30
29062 67
24329 36
12926 18
23745 80
9945 58
28039 31
28749 15
20833 22
23345 51
29715 44
7066 2
29098 20
13337 77
11694 96
27313 80
25673 17
7845 61
13493 93
442 55
9757 21
963 37
20851 69
26355 37
10739 20
15272 12
18207 12
17733 93
15167 6
29704 74
29195 59
29638 63
10150 19
24718 67
28658 93
17077 27
9467 21
2245 4
16568 17
18007 91
19061 37
21471 16
22266 28
18979 47
7076 54
18045 45
19957 95
1377 23
26544 28
16344 30
3862 48
16979 81
2978 48
23596 46
24635 93
4462 44
23531 78
1331 93
22741 67
2595 89
8135 25
3529 74
10058 74
13003 7
2681 41
26301 54
11561 63
16849 61
17200 93
22363 62
28358 10
11275 93
28242 55
27849 68
14546 93
25441 26
18211 40
17776 24
7732 23
19162 9
21919 87
9702 53
26962 18
21775 59
24638 69
21173 39
2372 83
15317 66
11684 82
26012 61
19101 86
7747 45
26128 28
22429 96
27462 60
14026 98
26696 66
25813 85
26233 90
10201 84
24443 32
27826 69
4879 55
18984 99
16948 61
25306 13
8735 62
17042 5
5094 87
24605 63
8283 54
20721 76
6325 10
20847 32
4449 8
17519 80
27252 36
22644 45
11288 18
28936 89
21841 98
22112 98
27222 72
28856 3
19983 25
19962 83
20306 91
22827 36
16502 29
25347 39
3697 84
2872 73
11009 14
11013 77
19945 23
27314 10
4491 10
29990 27
12330 92
8133 41
20617 99
11886 78
2266 31
24144 44
8436 12
21203 9
13354 9
27368 12
8785 31
4137 90
5593 63
14472 69
2347 68
10378 59
10606 79
26412 47
23443 8
2844 38
13009 58
26436 87
11857 71
24289 78
11569 39
13605 59
13194 50
5075 53
23762 31
22932 25
14290 52
27209 21
10149 20
13318 25
2946 91
8664 94
9012 99
738 71
17209 8
5375 8
22891 58
20649 65
12359 81
294 24
1968 27
2507 33
8004 87
23136 33
13811 5
17314 86
19182 16
8535 20
8973 83
21597 5
7971 86
23147 86
13107 13
3129 22
8826 20
10737 99
2613 32
20759 22
27626 20
16836 4
9314 4
1296 77
9068 36
2893 11
14095 59
1975 14
27829 14
18369 68
21230 40
27705 70
29437 64
20959 50
11679 2
14846 49
6836 72
13421 32
15978 83
4648 71
22968 8
12694 64
3439 20
1223 43
12316 1
28241 36
20105 43
27194 10
10816 34
23425 5
20421 25
6507 11
11317 48
25308 96
7366 39
10656 86
23501 99
29795 46
24744 41
29311 16
20400 100
27999 94
26243 42
14795 86
29770 55
9071 73
9093 64
17942 18
7452 96
22256 60
18712 97
5948 4
5312 71
22733 77
14972 41
3342 67
2123 37
27730 36
19683 31
1070 5
17317 94
9270 42
4415 67
26776 41
12401 2
20854 100
18965 9
26190 19
10903 93
29189 51
15916 70
10317 8
23538 20
24062 5
28852 81
1661 25
14179 20
27711 26
12735 4
16895 92
23919 50
25094 33
20689 49
5862 15
23574 46
19381 11
21414 29
19847 20
15938 67
1398 50
26282 31
6378 72
14185 86
9992 28
29221 89
16407 75
19577 37
27747 21
5454 7
24376 19
9089 35
15789 6
3172 50
21557 65
3690 4
6098 4
22132 54
8002 1
25812 43
29364 8
13606 43
10126 10
9691 32
9093 45
5894 20
4760 10
5672 57
3114 92
14316 12
4397 13
2226 40
4563 11
15819 61
23273 88
10140 89
15879 10
4862 96
3231 91
24681 80
18850 7
27575 74
3328 12
16604 72
25223 2
9690 38
10094 78
4878 60
3004 6
36 83
637 100
24250 64
7835 48
25739 5
23375 69
28077 20
18454 28
12249 14
21413 37
7650 74
25744 17
11987 86
3958 17
11401 39
4661 3
21032 53
14589 15
3529 60
22187 71
21875 40
21492 32
29015 20
519 92
4465 61
20001 58
21738 42
18166 74
23954 18
15873 24
1125 83
22986 68
17123 81
16518 55
15808 97
23719 39
2717 70
25938 20
21226 65
28376 11
3616 86
18632 33
16262 63
573 66
16416 37
3783 56
7883 53
24876 55
8802 39
1202 74
9611 39
7345 10
29936 57
2005 36
959 71
16532 33
24335 5
4901 76
2216 33
11682 2
15073 32
2788 16
20416 2
5257 3
27792 83
12626 18
28378 36
18800 57
3343 18
7803 60
26097 26
25324 100
29155 17
17782 24
4102 64
9162 7
9381 8
18068 56
5657 88
16528 7
19493 33
1522 95
7889 100
25712 18
21255 46
8223 50
6292 29
14004 21
21727 37
25124 68
29584 18
25663 94
4457 64
3767 26
14483 99
11761 4
2904 22
10728 85
21471 71
14735 70
530 24
25120 57
21506 67
17606 74
3636 70
17362 47
23308 43
23547 40
20886 22
23206 79
23769 29
23683 7
7721 78
10823 43
8907 65
23247 35
23319 42
20743 28
27119 8
12034 89
11146 13
18425 82
21874 16
8336 46
5397 13
4404 9
20026 23
5112 20
1494 27
22583 30
4731 46
8432 96
20673 72
22601 34
29304 7
22301 61
28373 13
10100 92
19897 30
5734 73
17254 35
25594 83
25675 78
8635 30
5131 27
7810 49
18662 82
10858 59
18393 3
1202 32
9479 21
22729 82
22954 69
25976 53
6946 61
13960 71
16552 55
7373 89
220 71
3028 91
27766 59
3822 43
17752 86
21913 91
21867 64
10581 74
4089 37
5944 36
12487 28
1961 9
316 57
7378 54
16079 61
26864 91
23186 89
24239 83
21885 33
16478 94
25589 27
1140 25
11802 34
9228 83
9583 14
29327 1
1010 79
28367 90
29064 98
25236 42
22538 84
1063 69
18290 35
18099 31
7134 20
1153 69
3386 58
24828 72
22665 50
11768 31
3725 63
18101 78
10340 93
24192 79
18704 66
20799 10
26691 67
15866 66
1099 23
12873 71
23609 42
3323 12
25925 87
22216 34
18776 27
11578 42
19925 84
10543 38
17468 77
21604 86
12954 32
5688 14
19178 22
14916 26
3577 3
19480 94
25186 5
22039 69
21219 17
6335 13
14588 24
16529 18
29664 54
20397 90
28409 27
19535 41
23682 38
28778 52
14683 24
20748 56
13071 77
18867 38
3561 20
27839 32
13072 49
5436 63
6085 66
5283 85
10373 61
9192 56
391 76
27211 46
6241 91
26672 55
1834 82
10805 38
361 46
10100 56
8158 84
931 63
2448 59
24090 94
17022 53
742 87
13528 69
15700 84
2882 13
14366 55
9342 93
17465 62
20363 81
28555 53
5610 76
27252 75
538 6
8956 90
25308 8
19079 98
25530 73
12797 34
10055 66
15684 32
10673 29
224 9
15600 49
2172 58
4950 99
11394 97
28326 47
20837 70
9123 82
12024 28
13549 70
21365 25
1413 7
19921 21
18013 6
21356 28
25653 57
14891 28
26868 75
12222 92
28976 49
3486 34
15738 73
16472 89
23600 99
18676 61
19922 75
16321 62
13052 7
22203 15
7220 44
13430 29
25084 90
9284 91
11871 58
19789 62
26339 6
17904 88
8781 41
1978 8
1032 27
21824 36
19124 4
9671 17
25449 71
19784 6
4602 51
16391 89
9493 80
13367 58
10135 47
4993 42
29191 2
23900 42
19511 70
21382 66
1191 22
27045 35
28569 73
19756 55
7637 18
19530 23
16183 16
16680 9
6189 83
11406 69
2541 33
26438 13
3858 59
19463 97
21194 29
16608 84
7694 33
22329 80
9028 58
27528 16
10792 44
12572 32
1073 50
3366 89
2237 51
21049 48
13378 71
19571 5
14884 54
7992 82
21603 82
11335 9
24344 12
5476 95
28569 49
25660 15
10887 88
18214 15
27211 93
24794 100
10226 22
3531 71
10425 43
25033 6
13843 37
21100 19
3077 19
7054 50
21562 50
25840 47
15274 17
5937 39
258 2
7649 96
11231 87
18943 7
20477 20
13369 56
20073 68
176 60
15980 25
22064 54
1327 46
1738 56
5834 96
13220 54
964 57
5428 99
2910 89
18051 88
3649 70
28186 73
26979 61
9813 66
13720 58
4948 100
23545 97
19187 64
10874 56
27615 93
8981 64
8674 65
17834 80
4229 85
11171 47
14993 77
7085 54
26154 53
24472 81
12923 20
21455 79
10317 96
2793 67
6983 68
16479 14
28380 31
12147 31
27980 43
9544 25
14718 74
13141 88
22242 2
24629 9
9290 23
29892 37
28372 81
11840 61
14255 40
4661 74
29368 40
15914 2
10816 63
27749 53
10642 51
27947 6
6741 38
21793 56
17635 52
23963 15
11500 65
11946 14
22710 39
24224 40
26468 54
8906 62
20780 14
21610 38
1537 60
28825 50
23812 35
9369 67
4570 95
1850 6
9698 20
10488 80
11933 39
548 4
25266 3
20617 57
18524 1
24539 65
20992 11
12512 47
21326 7
3806 89
10371 38
25100 97
20827 68
4694 91
1178 92
18744 97
15744 95
17574 52
13626 63
8774 41
2334 34
19079 28
2009 31
20980 64
3053 14
29883 78
28584 13
19859 81
5996 58
4893 26
4546 28
12907 8
11818 76
7248 67
21438 93
11709 25
6106 58
29214 4
23739 29
19462 4
22782 60
24504 48
19165 40
3704 32
9691 13
24980 32
5409 76
21333 4
7167 71
21845 83
10673 36
29451 89
24044 81
20698 24
19126 29
14620 37
28023 33
15469 81
20522 53
11266 55
19202 7
19283 9
15176 11
15445 25
10548 77
1918 55
27036 87
3594 97
26273 81
21621 25
718 78
21550 84
1635 36
15586 26
14734 3
17919 34
19177 22
17267 12
22398 58
28950 5
15901 37
20031 23
5226 63
9803 34
17110 3
22868 19
14658 23
4139 47
26692 35
1570 95
4572 52
16121 57
5106 28
28806 62
411 72
13169 60
836 31
21063 41
21463 37
8911 14
23507 83
10902 20
22815 37
23830 67
9577 67
3746 72
15255 20
27839 68
12867 2
5922 73
18684 73
6024 23
28353 91
21489 4
25100 15
20904 43
4978 14
16579 4
6382 74
7308 62
2023 32
3294 41
20904 5
4198 79
17140 26
28707 62
26138 47
12003 70
17672 85
25642 84
23052 39
20312 21
27415 76
16073 82
8765 50
22977 82
27843 21
11965 10
8279 25
9289 83
15785 43
14051 42
2944 16
21361 68
4411 71
16368 45
23752 41
24128 37
16070 39
15770 67
25152 72
15629 41
2733 46
23977 94
5965 20
22123 63
11717 4
6389 10
25137 9
17822 24
25966 93
12774 10
8729 53
15879 79
23156 6
29384 44
25907 41
17144 4
26196 68
6821 3
27378 58
27987 67
27050 50
18121 57
26303 76
6798 21
26476 51
20157 20
9334 84
7471 26
27336 23
24291 38
22170 13
27500 54
29751 39
15466 86
1328 13
6463 22
27365 78
6693 73
17739 48
15471 59
29440 1
27983 10
10611 18
11217 43
24777 54
5101 77
7273 47
11278 1
21411 26
25803 60
24963 29
9736 10
3042 45
20663 30
4795 24
25628 16
19699 94
21885 8
19293 32
25688 74
9469 67
26959 71
20235 69
28970 76
19372 17
16667 31
19141 97
19238 22
1069 41
12469 37
7501 91
12254 49
19294 29
15405 90
8780 52
11592 81
19586 31
812 77
28472 17
23889 40
28112 28
3818 67
17660 88
5286 60
26441 15
29994 80
25506 66
23436 6
17462 19
14972 2
13283 69
21357 8
2866 66
7015 65
14226 62
7745 39
20761 6
18913 84
10733 60
14893 19
27673 16
7163 84
8250 93
17345 44
3191 88
726 82
14665 27
8634 57
24601 42
12498 12
21395 17
16956 83
20415 42
24611 78
23973 40
4981 11
3409 37
28290 23
26510 25
5142 54
4390 77
18068 81
21549 80
28275 27
394 75
11062 92
24981 69
4561 17
25290 71
4144 62
7658 24
12614 92
26717 23
10774 59
25284 23
8934 46
17598 9
17370 19
5772 74
26646 76
10967 78
2877 57
4181 7
5780 20
25630 66
25806 11
21735 82
28007 49
11836 32
5802 55
17713 86
27502 34
17717 20
3350 3
20265 64
596 24
1326 79
6045 53
18682 62
12802 34
4466 83
29341 57
12392 56
11169 94
20983 27
4848 80
8020 95
9047 95
24867 60
21648 73
28887 59
4283 70
26553 24
21185 18
18235 58
3234 75
4782 77
23093 41
4860 79
7938 21
13205 54
9897 77
2533 47
16786 73
23207 84
23462 17
14007 100
29067 23
753 59
25 71
22480 35
28388 79
23221 86
20280 64
394 100
25557 91
9528 56
14698 1
1430 11
14544 63
11555 21
2671 48
14583 32
1512 31
15830 99
28974 29
11701 20
17701 22
560 74
6314 100
7788 20
23128 59
28604 96
8493 64
10811 61
4724 77
15803 8
27780 51
7391 29
23133 80
3745 24
25266 14
28285 7
12878 84
16544 38
23375 75
17433 73
17999 93
548 4
13267 4
2569 10
7162 99
17730 57
612 58
13840 12
12372 37
10569 53
25283 52
11530 8
18721 48
10613 71
786 36
22588 77
6947 27
7938 22
27520 84
2576 44
16016 19
28825 64
21742 96
11148 89
775 88
15450 11
11776 80
16189 87
19317 92
20075 61
26959 13
13580 57
26008 100
11675 86
29218 82
28346 82
5763 13
12014 16
9959 99
3396 21
11090 58
24860 69
10681 40
17102 51
6927 53
7665 26
21838 15
8691 9
5864 39
5280 39
10599 7
5466 30
29722 61
15444 21
17588 38
2593 18
24465 20
7938 28
4202 70
13488 99
15874 28
18848 16
5224 36
12430 50
10729 50
12996 39
16978 39
5374 32
5321 50
16721 64
12137 24
12614 16
7146 19
2503 78
7272 39
13057 68
22628 27
16373 33
11660 58
21679 83
13263 56
28762 100
2682 12
19849 9
28305 37
8352 11
5767 83
2658 55
14216 74
17118 37
6092 72
17083 13
29134 39
19092 40
24969 86
21949 52
19696 100
12123 93
28317 87
16156 37
11773 10
1405 30
21796 97
2069 39
14424 87
11300 43
8501 12
24113 84
15907 65
1638 93
14346 2
11254 95
22416 2
27778 19
26228 49
10765 77
13294 81
25793 35
7136 68
11127 89
2646 46
3759 70
12340 36
1272 20
1191 42
1416 19
1151 62
19439 87
14300 82
12786 93
20416 84
13 83
7159 30
19755 100
23070 11
4184 50
6491 73
27057 54
26450 30
18909 56
10474 68
28628 11
1975 82
4273 26
24195 54
21834 29
28694 95
20930 100
25784 61
10971 27
26421 59
5399 55
801 90
19279 91
17714 66
15576 83
25563 26
11002 49
24263 98
6683 45
28748 15
13506 83
11501 23
7624 45
18409 91
28650 100
25372 83
4753 42
3228 11
563 44
22861 12
9675 82
10827 84
12854 35
8498 30
9687 75
9730 7
195 18
22909 86
991 54
10456 12
13410 69
19030 80
25262 31
7975 54
25359 98
14189 21
12947 39
28521 84
19938 75
10208 38
7486 48
1015 96
14154 54
4319 69
10348 52
4202 13
25992 90
10082 90
20103 76
21718 82
22565 9
6233 27
22251 41
5981 9
23600 97
29139 1
21737 31
11510 7
22122 62
24761 67
11982 7
15338 38
29326 45
25098 25
15791 81
23685 47
2801 29
15538 59
20935 58
9083 57
628 71
23022 72
1371 65
21216 12
921 64
16300 29
383 87
2749 30
25445 38
4125 14
25981 70
12118 27
18297 95
1806 30
21340 85
7310 54
5967 43
9364 29
4847 54
15877 55
9642 23
157 73
20896 64
11059 64
10629 62
22117 6
26451 44
10408 41
18903 10
27968 23
23949 41
18061 94
3703 1
2745 50
29617 55
3054 25
10840 11
488 30
20119 86
15825 41
14333 3
24819 5
14330 88
23217 98
23233 1
8273 37
22432 45
5390 79
12153 99
28 26
12192 93
42 8
6827 98
8773 98
12735 69
25565 87
23027 45
22503 20
15218 36
26821 44
26344 93
17175 50
16366 20
7894 47
9544 91
5081 70
20733 95
16945 20
7735 22
25965 83
26031 84
10936 99
14840 12
18595 8
1079 11
15327 49
26984 89
3095 23
8999 60
6827 73
19221 36
27175 54
23348 83
10853 28
25783 22
13694 62
26481 90
9665 96
8777 36
27403 13
7033 19
5043 79
4303 85
23558 52
21452 51
22408 84
16871 51
17111 92
15741 69
23824 13
9673 67
10505 5
16234 35
29181 62
23736 61
4073 80
7737 82
29806 1
10167 6
19787 53
10938 94
17107 32
29287 74
18289 35
19712 25
29652 47
24370 57
19868 32
8726 9
463 87
17699 96
23118 17
4652 73
15636 32
26786 95
21206 10
8822 65
2941 64
2224 53
16314 2
17607 69
21173 36
25714 9
27410 60
3538 45
21274 49
26146 11
1275 86
27355 10
21745 18
10686 80
18054 62
26710 72
6324 17
27525 19
21159 30
23674 19
25657 22
19186 45
12579 4
29676 16
15201 82
4731 49
4103 46
5197 18
2962 56
26001 99
12176 26
28403 55
12094 76
22945 28
16934 35
18154 70
7224 56
2661 31
9009 86
5270 79
2286 76
19086 25
10926 62
1658 83
15802 52
27811 18
8807 10
17296 9
8227 63
1638 22
24685 35
15411 93
22387 33
4844 38
15749 84
10290 82
11863 26
6941 78
17259 53
9256 24
7278 55
4974 35
23581 74
29103 43
7340 13
10226 70
7965 61
11780 54
9761 75
19267 42
10004 52
12636 64
27987 31
27806 33
28345 44
22439 6
22576 20
5729 98
16885 75
25579 89
2038 74
14579 80
24283 52
21856 85
24470 21
27199 35
1622 12
2449 66
7904 38
9790 38
25555 94
1153 40
12556 5
21838 51
28729 96
28570 14
19645 22
12956 42
23332 8
15420 83
23768 37
18059 48
17923 37
20601 46
1285 30
18306 34
8952 57
13478 79
23695 100
3824 5
8651 46
26936 38
24955 32
7218 99
24273 27
6121 17
5926 81
7642 79
11804 7
14418 15
15565 42
25569 37
29560 9
17199 14
3891 91
22359 92
12533 97
7260 99
24877 3
28392 16
8061 6
10182 50
14695 62
7046 89
1547 46
1624 77
7084 27
15261 52
17903 62
5230 48
6049 52
20780 12
13269 75
18153 30
14961 98
10922 61
27560 68
22134 66
19352 12
29453 14
18620 86
26723 91
25403 78
4401 36
9951 24
24413 81
15969 93
20572 61
26880 66
14364 4
946 29
14668 14
9081 88
24581 48
15748 44
19643 70
9674 91
22737 46
10460 46
4194 90
20086 12
18081 83
27869 59
8830 40
13500 47
22022 83
16548 87
8535 60
19004 78
20640 76
7147 61
23506 32
18202 100
21317 39
16124 85
11464 78
28226 72
15364 57
1565 92
19080 19
18528 31
6746 42
12959 61
29177 39
26106 49
20388 17
5455 94
3358 52
20416 72
351 88
10662 30
11421 65
5851 18
14898 36
3138 7
11383 44
3014 77
27476 31
7109 97
8127 55
7211 8
25428 16
15285 72
24555 51
24683 78
4903 5
9549 49
18677 23
27763 23
23957 87
20929 37
17359 6
9467 68
4405 26
2079 92
28141 75
19789 41
10815 72
22322 18
10023 21
18129 100
9342 61
12494 59
2148 52
3942 21
10436 95
10263 36
15667 51
14896 34
7414 50
23289 82
10243 33
9398 2
13345 60
27981 87
4405 83
13023 4
23774 76
23380 92
6929 67
18387 72
18868 34
4181 87
10815 66
17385 70
5764 36
10618 72
20458 59
27887 13
16751 2
914 13
8513 93
8923 69
12863 34
5430 63
23985 51
3617 64
24151 68
20309 58
1583 50
25125 51
24611 89
20425 94
22678 86
15050 40
14758 33
9785 24
21178 29
14134 2
18524 90
20412 94
5615 92
21048 37
20900 72
11525 60
3077 99
17964 16
5116 42
6320 84
7285 38
16609 10
1250 27
25213 74
21649 50
26530 3
8589 83
7085 85
10582 1
4877 82
24360 71
10178 59
11261 65
6184 80
20378 56
10604 75
17504 63
1340 74
541 9
154 61
10699 46
2951 68
23298 75
27769 93
24292 66
5359 88
9427 76
8874 21
6418 13
14118 36
10955 7
15883 95
22684 93
20991 37
9640 78
5132 32
13966 16
13526 61
22436 89
26040 23
4076 77
16258 85
12195 47
29828 7
7018 31
20779 97
24455 45
16935 83
23468 79
27328 77
14628 44
29674 88
21291 47
23315 99
7424 97
17824 47
15483 100
7116 7
1264 80
10418 53
29961 1
11547 13
18049 44
5592 70
27016 71
20589 2
24767 89
4741 44
19184 32
3604 99
25866 84
27608 21
22544 45
16421 10
7751 28
5217 11
6999 98
28825 35
4548 53
25882 22
530 51
9175 24
6107 43
8984 66
13660 97
7465 83
20997 63
29510 43
3298 1
7775 19
26078 29
22218 60
11218 16
24148 33
20974 8
8821 7
29690 20
12244 9
1342 39
4613 61
12439 51
6696 14
28581 95
17033 85
20824 28
13154 94
18195 96
19662 19
277 21
7239 15
25043 24
21400 2
1988 65
28816 19
19924 21
5355 83
28442 74
6286 24
6832 95
23913 26
6446 99
10422 32
3790 25
24933 77
1530 56
11675 15
28283 63
2747 58
252 20
6806 49
23381 15
9071 94
17887 13
14322 23
11602 3
14709 45
28070 82
25470 22
26896 83
20274 45
24606 57
25520 73
15021 67
12812 25
24009 80
3296 4
24688 14
16799 8
20936 57
23511 97
19600 19
10531 82
1869 57
1550 63
20900 95
1893 81
21553 25
5111 100
13907 1
24739 54
19974 18
22289 98
23527 3
27182 75
27253 68
28360 58
21800 74
20597 59
234 88
22144 71
8108 63
1132 59
4410 42
14591 48
9479 23
13464 4
20649 59
19537 59
13590 80
7450 14
26386 32
25530 33
21916 93
16521 75
27903 62
17900 95
26070 55
20190 6
5621 76
16717 26
29549 63
1738 20
23847 79
29061 40
17622 68
147 81
16531 18
1497 96
27094 46
7898 20
13759 60
11858 19
3240 2
25783 41
9881 41
22313 34
2756 55
5090 62
8109 49
7290 54
22064 16
25591 7
23246 75
1064 27
11967 52
18964 92
14141 76
12861 93
5788 80
9668 7
28882 66
19371 62
16752 24
9383 74
22187 3
9047 3
21060 45
23984 57
12051 17
8986 50
19942 84
16899 65
1748 74
22004 66
9043 58
19902 79
13192 90
12765 46
25882 15
9755 20
528 90
3193 30
16957 51
16442 58
21775 70
16715 66
3342 10
16691 63
16843 65
28440 47
8321 100
18141 8
18603 30
18375 35
4186 81
1130 6
22347 48
19634 84
4646 7
10798 81
6841 46
3301 23
26541 81
16371 75
29316 58
10696 99
14243 94
3483 26
1512 9
29456 13
21486 10
9675 51
24345 36
17192 26
20474 15
12356 62
9793 2
3468 9
7097 48
22478 33
19745 22
28072 69
4093 52
16941 100
15595 30
2033 92
13384 83
28996 56
5081 27
16123 71
4716 2
22731 99
10886 20
20874 74
29985 50
22919 92
4970 28
23667 22
27020 25
21208 23
3850 26
1510 95
1856 55
10455 98
5640 13
4932 30
1610 86
9268 78
5673 95
21280 53
19815 49
4125 43
21899 84
4096 68
28580 28
20011 74
9668 72
16121 12
13001 32
2818 57
24157 55
10000 97
23592 84
4647 17
20772 6
1814 78
8668 13
13000 24
19139 61
19678 20
28452 86
16782 99
21292 49
16819 13
18458 4
4319 37
18401 4
4093 15
18140 100
724 56
28598 53
17223 43
4922 66
16364 11
29199 13
6657 88
17183 37
16471 35
6004 61
28424 34
2660 27
26383 24
21724 7
1833 67
6181 86
23595 99
5559 42
12845 86
2298 48
28017 7
28542 63
21823 83
13074 8
15874 46
9105 79
18092 1
8839 67
3811 49
3708 11
10005 66
20787 10
27917 27
792 15
22041 32
1984 36
6046 71
6147 32
22150 90
8916 51
1587 3
16108 83
12065 81
28208 94
20337 96
13 37
15164 46
20466 87
26941 42
16245 4
18024 16
3570 72
24645 70
26849 73
7349 60
17451 64
10218 10
18843 43
5224 40
21142 69
15299 21
13777 58
3949 9
26665 83
20761 91
7447 62
1350 53
2252 65
7860 95
7379 70
15189 67
26132 67
28718 19
15412 2
15253 42
13579 46
24653 22
10855 81
27360 53
13116 47
26466 98
6059 53
5891 97
8071 44
170 17
16421 55
17620 86
15629 71
9535 82
22133 6
3379 48
3578 10
9219 12
4421 75
9683 21
26675 65
26797 54
16910 46
28391 71
22715 76
10816 67
13114 83
1901 43
7348 13
18522 39
17472 50
8898 66
5205 27
28295 46
24829 43
1000 35
25684 12
9216 30
6171 7
239 8
9015 40
11598 57
14746 100
22007 39
13242 8
16191 24
23549 98
28813 92
5694 1
14379 75
9925 43
25764 4
8012 24
4593 72
2967 55
28997 87
23514 86
15614 33
26989 46
19135 23
29374 43
18970 49
16858 3
19522 24
28689 29
4007 40
23769 66
9214 64
17250 3
12172 28
20848 76
26170 60
6463 94
17198 77
18563 5
8015 44
12381 62
17295 7
2357 80
23988 39
13631 29
14189 43
26225 85
13673 11
6403 73
27204 17
4253 65
8505 52
26489 14
21342 20
23750 96
25987 98
344 54
25105 37
19938 93
7905 79
25640 8
12766 27
27935 88
7909 69
26510 40
16378 46
23639 19
2458 10
1388 73
14654 27
1671 89
11598 49
26153 20
10421 58
7228 39
20878 46
5885 61
16736 30
29226 85
16478 78
16189 24
18788 32
25207 99
1900 37
4958 68
22359 30
18355 31
7882 41
9923 81
26297 92
17664 57
21989 59
27890 80
18388 67
28674 41
569 84
18526 76
6503 76
10145 30
24146 47
24327 30
5871 80
8202 26
7447 18
127 76
5912 3
3192 36
29210 50
20572 42
21652 27
15402 69
19974 97
3930 33
19003 78
18177 55
22151 49
5128 69
17824 92
874 6
26107 50
1414 42
5295 1
23659 39
17595 11
20706 87
13843 98
24204 30
2314 34
23679 30
857 55
2787 76
10415 72
11672 47
10910 16
6729 32
23752 75
3861 81
25172 81
17499 15
5005 32
23024 49
11235 90
14993 96
15700 3
5426 96
774 95
28531 65
25949 38
26501 92
27844 55
15170 7
20878 85
16095 13
19342 74
7983 95
9446 48
25924 77
7620 32
14972 66
13004 43
6165 82
1454 9
18571 14
1981 69
19707 88
4112 97
25337 34
76 69
15433 95
23463 17
19290 10
1975 6
23866 24
11452 86
15045 33
23243 68
22022 83
26286 36
23114 23
12222 60
13415 33
28729 59
16600 33
13460 3
3707 1
14642 4
13859 78
29710 54
8053 44
13934 34
14130 99
16385 6
4379 77
29435 21
19015 37
7445 87
22194 75
1718 9
17102 79
6192 36
7732 43
19565 99
8720 83
8271 10
19150 88
16380 83
13021 83
12931 91
17017 52
15356 77
6029 6
21114 23
11667 60
10826 32
3091 38
6626 95
22764 96
23467 22
27957 78
2464 71
3446 36
477 33
6067 53
16821 13
26514 80
25529 11
29905 23
7587 15
29498 84
6813 1
24972 33
8981 47
2113 59
23844 64
21694 99
4098 43
28884 44
18630 42
8746 51
11324 95
25150 50
14158 64
1432 94
2501 22
2409 88
11281 97
23152 80
782 92
373 6
10650 65
18932 85
22176 39
400 18
19485 68
13099 8
6252 43
19322 11
26294 9
28376 96
7436 30
24116 18
29489 17
22523 23
5614 26
11617 12
8945 100
21853 96
24129 62
13638 81
11883 24
17363 74
9702 74
26387 73
15950 76
25767 20
22554 74
10191 31
17685 80
16906 23
8699 82
21097 26
29873 56
20377 60
4218 34
23212 53
20843 7
16548 1
1036 4
19173 74
23531 79
24178 51
25051 6
6506 42
10552 94
27597 41
5825 94
23889 10
3308 63
108 60
3905 7
11774 74
25217 57
6993 91
4822 53
12893 41
21037 82
1799 35
29408 71
3751 37
12760 98
17910 19
13107 21
3430 63
29134 100
26795 47
26656 50
16238 89
14393 34
11541 4
29605 38
8330 75
29058 93
1294 25
28313 60
66 59
27121 19
9558 74
23202 28
19173 3
28745 41
22621 32
20128 72
2646 72
20762 80
26798 65
5403 22
16949 50
26210 29
17632 12
12459 91
13897 98
6203 82
14163 48
1216 2
24626 26
22526 98
2226 61
18497 22
7310 62
27105 3
1937 95
19640 46
20021 42
14863 41
595 27
18310 31
13236 33
4217 68
20545 89
19063 37
563 47
28398 70
26419 48
1485 6
21357 74
23149 51
12352 88
19027 30
14560 29
6038 33
17402 10
10234 45
26517 9
3042 20
8797 4
2120 64
26609 10
4059 70
1745 24
16572 30
14747 34
5968 4
19986 34
16735 7
15044 60
10445 56
23944 96
20897 25
27822 96
1520 80
7865 52
366 66
25167 40
14459 10
862 66
28728 34
12655 45
18189 77
960 92
14634 75
26329 98
23162 100
17398 76
17828 69
2138 46
512 32
1126 95
1265 98
13853 99
1118 43
3476 38
2976 74
28203 19
24796 23
2304 20
11112 3
4253 93
29693 99
13535 90
25825 34
584 61
29541 16
28428 5
5024 22
2952 100
10916 92
12263 60
22655 97
3477 42
8930 49
14523 97
11225 1
27286 52
22214 2
9855 38
28005 77
24650 28
23678 45
10470 29
18185 74
19782 77
26283 6
12999 59
21086 10
6579 25
16986 74
27797 25
12350 54
24894 62
9264 40
7097 83
26375 46
23734 53
13285 5
12686 75
16380 100
6115 26
22936 11
29987 43
26049 67
17654 31
28049 59
3522 81
28736 49
21645 56
21446 52
23792 91
9755 58
12864 39
11176 13
26568 88
17946 58
12806 34
19549 21
13909 97
15949 48
242 73
29375 87
27488 10
24900 72
625 6
22125 97
12772 55
11966 98
11389 76
13124 21
10764 35
14491 100
4404 99
7726 43
20311 82
29415 84
901 20
26090 83
2317 49
16648 52
14076 83
19637 75
4666 87
3298 90
21860 19
5745 2
312 33
3729 5
849 75
8893 14
5425 63
4352 45
19697 47
9530 71
8261 14
14304 25
20105 96
28197 79
1195 43
4207 77
25345 81
18377 40
25805 99
4883 50
21911 33
14546 91
15041 10
19871 52
12293 85
1277 43
29119 57
8883 47
10101 55
23235 99
9465 47
2601 17
21096 36
6558 2
28146 25
7230 27
24954 46
15321 31
19102 80
5499 10
28514 31
11376 46
17617 20
15859 84
26629 93
27634 87
6200 12
19208 96
24956 12
10007 28
27943 48
7424 68
25063 8
7918 32
21961 70
6912 97
29467 19
7570 41
20324 48
9679 70
25508 97
6290 37
5084 54
15175 17
6653 3
17506 45
26999 42
27441 12
286 23
13638 16
341 9
7579 65
7317 16
13589 45
24083 25
1118 36
11374 75
20301 50
9592 30
3965 41
15832 31
12212 17
1472 68
21288 74
10646 17
4166 34
16319 78
10920 58
13672 32
6449 47
4018 72
10670 64
24509 21
1955 53
3043 11
27130 30
5702 84
6256 18
24850 88
24600 79
8900 39
14736 24
20831 4
19862 98
29293 4
3639 2
11852 46
6392 1
29535 34
26642 23
23796 12
10705 6
9919 51
25776 18
3830 79
26438 11
5545 2
7808 15
24001 76
16318 43
14224 75
25854 71
4750 69
29638 35
27184 30
22739 9
1621 48
23845 31
27967 40
25786 82
16842 38
3566 27
16311 69
16766 7
27182 71
16806 73
22255 17
15726 59
5302 39
16238 43
7754 48
15390 64
17275 40
12840 65
10116 37
21594 86
5162 56
1461 78
23100 88
841 28
15495 2
4160 78
26120 100
25709 13
17241 93
10664 71
27405 38
12377 38
4677 100
8635 72
4778 22
29176 69
10078 55
2578 21
12309 28
24702 10
27425 61
7765 30
22388 1
19782 65
11668 6
26417 6
7660 75
24964 59
24133 24
779 22
5322 59
12937 63
17205 4
15206 44
15750 5
12557 90
9178 85
7014 92
21870 47
15503 88
19294 22
25735 57
16563 92
11116 87
9591 3
26193 16
24636 2
13514 50
17359 3
28820 50
12786 95
2441 12
21054 87
1855 88
27311 43
1618 26
28673 76
8487 92
3318 91
5407 9
9352 29
1975 57
19152 93
17182 100
14733 5
3471 41
11073 29
13360 100
26295 55
24732 39
13271 51
17483 23
4314 52
28331 12
21980 34
1678 61
408 1
19200 42
21352 80
9218 93
27478 1
15209 76
23368 90
2042 78
11550 99
15693 37
18846 5
16962 82
632 84
29914 72
13732 12
23318 59
24372 3
444 42
16594 94
4717 57
25027 32
4863 80
13525 98
2513 1
4811 94
26635 26
29061 26
23241 56
24817 13
27570 47
13385 74
13682 84
28836 63
16745 88
16151 8
28247 98
25214 39
13487 28
913 77
17401 33
6686 6
20350 55
25093 1
4954 86
18471 76
13386 80
3081 87
19836 84
11148 85
15965 21
19181 72
4346 3
7642 25
4736 2
21027 59
19277 100
15949 69
25968 96
1424 39
5355 10
26878 27
882 58
15152 78
10986 54
5108 36
23038 67
6310 5
7389 26
20871 68
23474 81
27537 73
2277 41
5337 13
23963 6
3849 26
20302 83
27003 7
24103 91
14374 72
657 74
9415 36
19770 18
20523 69
10679 64
9852 72
11657 65
9063 87
3026 81
18307 86
27399 100
10666 37
23994 66
17642 27
25892 83
7718 95
25199 71
6590 29
25767 30
10853 63
23079 98
3640 5
24660 88
742 29
83 30
20630 14
28224 22
16235 9
14654 55
29585 28
5272 9
21733 82
8540 61
28675 94
16002 74
15624 100
12748 60
22025 78
8160 47
29194 30
19326 100
3612 52
2293 90
27039 44
2318 53
13058 7
2260 3
6151 57
16465 39
4205 12
10436 43
362 39
2135 65
7855 76
25797 12
27979 88
11738 20
10688 13
15052 32
7715 97
3647 39
3650 36
3774 48
17254 22
4917 81
25503 66
5363 28
16180 91
29225 68
27826 14
13744 43
11772 22
1998 47
6185 55
19187 24
7743 31
28209 61
16233 17
2956 87
17772 32
28098 95
25357 65
23807 46
22647 14
23069 88
18867 66
24083 23
438 29
12730 71
10176 27
12480 83
27571 62
23279 72
26726 70
19994 7
17781 61
4294 32
7101 97
9230 37
17989 17
7015 84
6267 7
2682 37
27649 58
26741 12
20176 20
25444 75
13650 20
25084 40
10748 5
16671 95
16336 92
7154 18
18843 59
1275 7
17628 39
26345 47
6237 2
22413 21
29111 38
28924 43
18356 25
24878 28
25556 23
19307 73
20943 15
5833 27
6902 47
21927 27
8721 28
898 67
26374 75
4880 3
28886 29
7716 56
25124 89
28752 91
18509 2
23317 71
8748 8
6799 5
28373 9
26326 27
12814 45
15551 74
19638 53
3289 97
29579 32
21749 92
1049 61
26483 55
22977 9
4711 75
12369 23
7352 24
22416 10
13418 27
29414 8
28197 95
3802 55
17703 37
26297 67
335 59
28731 55
4137 2
11504 40
3291 89
27375 63
27969 95
13382 60
16868 100
13237 54
23889 83
3368 51
22965 53
21274 1
5978 48
17294 100
26196 79
27828 21
9685 48
12675 3
749 78
15461 45
16730 73
1752 35
184 17
19330 91
23425 29
11725 85
17679 56
19772 51
22097 17
7655 44
14838 76
19439 96
14686 3
15447 86
18444 42
29035 97
7842 73
22370 61
10503 1
19403 13
1734 41
15591 22
8376 5
20585 50
29751 94
14031 51
13791 83
13056 99
1875 73
4373 9
25960 98
27248 34
18324 39
15855 88
23245 71
16272 55
21622 18
18218 18
3735 86
20671 13
20845 38
11277 45
18050 80
29848 3
98 55
27515 72
9110 40
16100 33
20158 32
28385 6
10737 77
1553 100
26349 42
28838 2
10252 65
1802 82
16685 30
20022 76
14611 21
25858 35
3563 35
22679 60
12692 49
22918 27
18904 24
8108 14
26146 27
6686 45
24847 37
6712 79
20478 65
25860 83
25802 10
14792 37
8527 5
10977 67
24228 40
1793 64
9898 66
25374 79
395 90
21656 99
8824 20
20982 21
6168 73
22574 92
21941 47
2406 14
20023 76
29154 91
5232 96
9096 31
17553 50
286 77
21872 23
3653 14
23369 41
12947 79
8188 51
11092 91
7469 54
3643 99
6834 92
28614 58
254 16
26517 18
10919 26
24677 48
4944 76
1013 11
17487 51
26234 79
4412 27
6187 98
24767 92
21552 38
27858 45
10505 22
27649 26
8686 96
14853 46
13958 68
9048 59
20819 93
2873 83
1500 94
16093 53
25837 82
1664 22
6117 11
11404 21
16975 17
1371 47
12967 73
6547 61
9658 83
12932 35
18380 73
9524 37
24252 30
28052 30
26798 71
28097 81
4110 29
13226 82
23009 78
10597 62
23378 73
26800 13
14235 13
27027 44
19124 57
26474 40
5877 41
13636 100
27020 70
26772 17
4780 86
20380 1
3820 69
26410 27
28947 51
10 66
26292 36
9402 51
20133 98
17677 53
26396 81
2740 20
4165 70
19993 55
19369 84
23543 54
21592 75
4459 65
13539 10
27617 26
24873 89
15116 57
10393 15
6328 8
19903 4
646 38
25500 73
27210 67
15877 69
24375 98
10477 60
8889 93
25728 23
19923 92
27740 34
7128 83
21190 48
18812 51
23208 95
21264 100
4704 7
4364 68
8408 28
28456 93
17202 55
22592 91
12113 51
22789 45
7854 45
20953 8
14283 85
15617 76
8169 29
14403 54
4900 85
5059 100
3748 84
4040 11
29433 78
11847 58
17059 44
11307 52
12094 51
22874 40
402 5
3843 14
2329 55
22119 90
13150 74
5309 96
13133 37
1465 8
22270 63
19105 29
739 89
18250 1
15022 71
16988 93
20811 98
23521 26
24429 45
18947 88
16171 19
13499 60
18029 12
24764 38
19162 67
24601 95
7159 14
12883 60
12545 89
16095 97
15434 41
25508 70
10118 63
1972 82
29894 68
11223 43
23396 64
16505 18
29402 33
4565 69
25138 7
17808 56
25388 66
3926 37
1261 100
12502 45
8486 49
19338 22
441 71
16112 16
3719 91
14728 90
14768 29
23753 26
21396 19
10533 91
28845 73
27261 86
25857 57
25207 22
18192 6
841 50
25842 95
26200 46
19288 46
10692 87
22556 81
10490 61
9789 65
22390 8
26872 5
22660 72
3797 93
7170 6
25990 26
10231 57
470 94
14233 14
5902 65
10935 26
20846 82
871 22
13949 100
27199 87
23977 44
25218 43
18914 52
9158 77
1845 94
21256 100
29891 36
25783 83
1504 60
9109 6
15679 81
3242 17
19098 77
24259 39
29159 96
20702 7
28769 19
24146 98
23883 76
27103 21
18644 68
1865 44
1380 11
29982 39
17384 79
12220 46
18044 40
26511 82
29717 13
5873 58
29967 51
26891 100
6238 34
15977 35
24466 72
23801 92
751 6
9176 43
14289 73
15187 42
23075 15
16357 44
5521 59
9896 50
25118 88
6342 34
9537 79
28342 79
29069 90
23959 54
16835 21
29081 51
23417 50
5823 3
22445 99
28971 55
25523 7
2298 70
17184 89
22875 1
8864 21
2850 77
24233 17
22315 35
5338 27
14577 35
6574 94
6115 17
3368 42
28910 37
3881 67
26057 97
20880 52
12761 93
23016 96
13889 26
28196 39
3736 84
26037 92
7640 18
17797 22
8040 80
16947 1
18322 47
18113 9
9856 19
18973 28
25245 67
11105 75
7975 92
761 33
4203 86
27338 64
2800 70
27214 12
21495 46
21948 33
2958 69
17950 84
22011 89
29037 79
17495 14
1772 14
14796 10
14400 60
1977 72
25888 86
28109 90
17456 77
8019 100
3173 43
19570 86
13850 81
19011 27
620 61
13822 94
24020 87
78 91
7843 7
3634 76
23451 27
7167 72
2355 75
23052 86
7387 49
21925 8
11403 30
13682 47
8767 7
12457 34
25806 67
10113 97
18830 99
21061 60
27034 21
24673 93
14686 35
10827 52
27566 34
11158 37
4343 34
28844 88
16919 77
21316 91
16539 81
22710 95
21063 48
13886 45
3519 37
12859 16
15963 72
7161 36
17657 1
9795 58
8124 32
19581 55
11041 53
29877 52
18444 63
15429 9
17749 15
4720 13
3228 30
10511 84
10048 89
21339 88
6612 66
13855 41
11405 16
2568 87
2236 55
1090 68
4020 38
16152 12
9721 57
1115 26
16935 65
29801 61
19302 42
7303 30
6263 43
2444 55
26837 55
13544 34
12855 55
15610 99
21371 100
29382 74
12846 87
8959 60
27385 34
25541 63
12646 65
28393 36
6324 28
27098 5
22370 5
10641 57
1021 20
21694 58
1094 70
13496 6
21915 63
20277 25
12959 87
10722 82
5484 71
6087 32
7485 39
9584 75
1849 76
24718 95
29154 7
273 19
6438 70
28009 96
24310 90
21092 74
1653 19
20001 83
2069 34
8713 85
11906 62
24323 22
11038 43
6760 83
15292 86
10728 36
8553 80
2288 19
6011 87
27025 75
2001 99
23740 39
5397 87
17090 78
25371 76
4936 91
21230 5
17535 54
26195 32
14345 69
3683 62
12232 33
5100 37
28106 13
15924 87
12465 33
5693 97
25711 41
6362 52
14321 23
25156 6
3812 23
21986 66
6962 27
3510 63
10897 68
29041 47
26115 67
27091 56
28220 14
18271 74
6376 11
5007 93
9799 86
17515 17
19858 98
1037 89
15474 48
18345 99
16575 13
8182 31
11962 12
10479 87
4968 90
29801 45
26688 9
9163 10
14536 62
28684 20
29438 48
4542 37
17891 55
21940 33
1273 66
26624 92
3569 91
21722 71
456 71
10086 68
22126 8
29586 39
8928 28
134 47
29315 79
4792 92
22489 92
20911 84
10073 4
8265 2
5797 60
13129 54
21998 69
7082 17
23543 46
18832 14
7097 89
8528 93
23910 57
14106 47
13187 26
21445 54
24451 50
12365 30
12925 91
218 10
14953 97
8591 11
16560 76
15760 58
232 77
29819 78
14607 80
23421 66
955 97
25435 99
21675 8
2196 40
15321 73
1187 32
8063 41
13616 73
24199 29
16448 33
1868 60
24643 53
5711 7
3486 19
7918 17
13160 37
11188 13
5320 60
11738 72
5909 67
28765 42
6886 37
10818 62
5576 96
13584 93
26144 68
6862 100
15747 14
23664 43
10923 68
24395 12
8681 13
19924 75
24635 95
9977 85
25486 8
12499 80
18703 16
23158 38
20662 37
10671 24
13822 83
3360 67
5706 25
15976 42
17528 49
4777 23
17299 67
112 67
5784 13
29167 13
8978 75
14340 97
2098 93
19670 50
18849 80
543 63
5304 31
24344 99
12787 56
9076 97
11601 100
20279 9
22152 96
6762 60
23233 40
5842 51
17455 26
1411 36
4825 34
8191 10
3910 28
19630 50
213 26
22060 28
14690 100
7597 61
18299 24
9400 80
23538 50
17251 40
10401 12
21013 28
8354 9
28611 6
27247 39
15476 71
12497 39
21458 35
2163 66
19667 33
29181 82
11551 10
9902 64
14328 91
16087 39
17956 62
11393 56
23048 91
9821 21
26569 54
14749 62
20502 86
26284 33
5343 52
15549 28
7611 99
23166 46
17106 75
20436 58
28257 61
29521 18
29145 6
3848 27
11060 36
23506 23
16140 36
14413 84
22825 10
11513 55
23934 35
22281 8
22056 78
26631 79
1900 62
25613 49
16427 23
1800 29
3162 85
14010 73
18535 21
8653 87
8968 100
21040 1
17904 7
8499 97
10726 22
5801 54
25739 24
26343 24
28115 92
12374 100
27655 48
23134 28
3730 18
21284 92
5814 9
24229 23
20157 54
5161 3
20037 11
23434 91
29702 45
15684 72
25895 52
13436 81
8881 4
5586 98
10424 58
701 7
17594 95
19147 5
17388 97
17072 96
16652 31
17384 38
29149 44
5193 63
10937 16
10444 49
26680 91
10886 6
20911 78
14772 78
6205 56
27123 35
6375 33
14332 26
15350 23
16666 19
439 76
3862 73
23365 44
29269 29
4364 100
2965 54
3229 100
29289 17
12074 48
17547 94
11306 30
27409 72
8087 56
28202 33
21441 86
21773 94
28858 22
3456 4
7718 62
15879 69
2210 94
20611 66
24374 96
8324 80
18694 17
17027 63
3649 87
28752 78
16122 63
24078 87
40 42
3219 40
17296 45
7955 14
23302 97
22193 62
27722 1
28634 2
28205 34
26759 75
4685 23
1510 30
28780 68
26071 77
12401 89
8486 74
7266 5
13529 87
8803 22
26595 48
25783 10
16406 54
19733 36
10623 97
4194 33
6825 50
21433 64
12461 63
14201 21
14026 2
15699 10
21549 45
9860 28
21951 38
26445 10
2647 15
4632 49
13005 12
9031 52
26978 18
19540 82
8482 11
14945 11
5242 72
26113 3
22355 59
28514 16
6441 76
11218 77
3898 7
15928 43
29285 87
16869 2
2499 83
8542 91
7679 92
28697 60
876 97
26331 34
12223 18
8034 61
18650 48
18094 97
16137 58
28022 8
19332 81
3579 23
178 25
18487 84
1777 7
5236 66
28753 76
15538 51
2039 97
1333 46
9373 46
10633 87
6054 96
1210 12
28573 77
29368 28
26309 96
20932 29
17172 51
23260 84
12310 34
9558 72
4706 31
11121 90
25688 76
9959 14
21641 7
20526 100
29684 17
21383 28
3003 16
6337 4
1680 74
29532 10
23305 30
21749 98
13700 27
6572 24
29044 9
15427 74
25594 42
7665 49
20219 6
18352 44
4192 55
13308 21
17451 14
17309 82
20742 5
18699 20
5506 66
4384 93
12726 20
17737 6
20016 60
16309 78
20698 65
18740 99
26542 45
24334 3
23708 71
12837 91
16844 13
22448 36
8491 43
4215 81
12158 91
4682 18
11287 14
3407 89
24285 44
14912 84
12641 47
13445 7
20152 36
16646 76
8611 52
16923 24
4144 16
8166 93
22541 88
3924 12
8903 45
22014 53
15410 22
3900 10
21359 11
24449 84
11937 56
11717 84
19286 66
28451 7
19839 23
9370 48
11156 40
5177 58
29481 20
20943 40
10657 32
15989 68
9941 75
8524 35
3372 58
1494 2
15866 88
1725 48
28491 28
16205 24
7679 17
13030 90
2803 46
6771 13
15988 6
9257 51
25211 59
27435 78
18159 9
16766 96
4226 23
25935 85
29855 31
22387 60
29058 99
16069 26
26089 96
21820 44
13450 27
15141 3
27895 16
13068 32
13380 93
28897 96
29692 39
15172 51
12594 29
16236 75
23956 59
15140 40
2308 8
8875 6
1361 32
14467 64
19143 31
11838 1
14619 61
21844 56
5858 24
20177 79
19767 29
4209 35
28018 29
11573 91
25578 41
23469 19
6006 18
26870 27
25977 75
12021 98
23259 62
26608 47
10290 36
18516 1
10663 40
10928 77
4407 5
22065 30
11504 38
10294 85
8594 61
28458 85
42 31
29187 17
10743 81
8827 18
7796 47
12156 44
6596 64
23813 55
21851 55
22854 89
15510 92
22150 72
24439 12
20432 6
26053 98
10172 35
10728 60
15252 8
35 79
178 40
26385 91
10972 66
24750 46
16182 53
3518 85
26599 10
5727 19
24573 61
29689 47
19676 52
28655 14
10163 88
29854 77
12734 52
15083 55
13125 4
6474 81
18566 29
9666 25
11354 84
14520 26
7526 34
17105 87
11831 17
1872 76
13783 3
26469 88
25894 69
13611 95
1521 35
2483 91
25671 86
14389 48
15500 100
22445 81
4363 32
22351 30
17890 13
29913 38
2995 77
21059 49
22483 44
24178 73
26738 44
21970 64
28791 11
26158 65
12773 45
360 97
11 73
5282 80
6014 24
8125 51
13247 94
10089 8
23129 70
23390 7
39 66
6023 13
27314 18
26543 8
20386 91
16200 5
27929 88
24472 84
12248 2
18078 31
26813 43
22101 42
11503 44
15507 63
29346 14
25250 69
7101 27
22884 98
8966 47
1505 5
5487 20
23552 95
6748 17
5438 74
17899 30
20893 84
17093 91
8610 33
21285 33
1307 31
10405 20
21575 5
28074 32
15437 28
25331 54
13427 36
19747 66
20887 39
18720 77
13677 53
7844 100
11802 78
27495 43
18578 44
3391 51
20748 52
13731 39
10578 12
13939 61
24928 40
5242 97
8185 91
13133 78
29347 59
23303 57
23819 66
8709 28
6619 8
16259 77
16071 55
5616 79
9132 37
24861 80
22911 54
20652 8
29652 79
9502 95
13780 30
22455 33
22677 61
22437 16
8714 49
22474 71
17586 15
16970 50
9556 4
23122 66
12182 92
8631 63
19264 96
3912 61
8381 77
23308 90
3995 91
15436 19
8394 64
20359 58
14120 64
15537 16
12796 21
13813 92
9994 17
29154 91
12954 12
28874 88
11501 89
14670 31
25005 89
15646 59
26097 7
12504 1
7489 28
15592 36
29052 59
14949 60
6952 35
25125 32
4093 25
15577 95
11371 90
20152 28
25548 84
28390 39
2855 17
6339 60
12504 38
6269 4
19346 93
6161 86
897 25
20576 28
4916 17
875 6
17463 99
1029 77
26204 85
2911 6
28615 31
28930 2
29592 34
6014 34
1656 37
2957 27
25573 34
3909 78
3919 93
7394 34
18910 57
14098 23
20103 97
14070 42
29601 23
24976 10
10748 76
12738 12
5772 21
26580 84
10895 94
21916 49
29905 3
8080 52
19755 26
25377 95
27746 83
158 83
24038 11
28195 73
24544 72
27576 80
22658 81
28456 93
28556 98
18687 16
27076 16
4863 48
6884 60
16412 51
19193 50
4013 26
21406 14
21166 16
28018 19
29251 63
24246 6
22469 61
12780 85
13586 86
6860 38
19095 48
28481 59
28584 15
22709 27
18302 40
24078 26
29395 30
16857 34
25338 39
18116 48
9822 81
16459 89
5544 52
8373 27
943 40
3031 83
19051 64
18463 83
20257 53
13350 33
21340 15
21958 74
29633 89
2649 12
11082 75
17568 86
13394 61
10653 80
15636 50
11513 98
483 91
21443 14
11832 6
17514 86
14969 34
9508 50
28033 62
5523 74
5068 94
3178 54
9266 72
24449 49
2899 52
29664 67
13290 20
12012 27
15130 44
15691 15
9866 94
29335 46
3947 22
21632 4
2904 47
10046 8
19474 61
16744 5
20516 16
6962 78
6605 99
20972 3
17750 62
11593 90
14700 30
2270 15
22347 47
27086 80
1404 83
1550 88
13921 72
26400 82
17244 98
11552 86
25045 89
4105 44
25772 93
3738 61
12285 35
11229 62
22635 28
29395 55
463 91
21285 40
3395 89
11185 70
24454 27
20052 91
2626 30
10336 50
21157 96
28413 69
22193 15
2125 9
8204 52
12209 28
15505 15
9259 26
10420 78
28405 95
25205 52
3898 94
9459 73
8267 68
24187 73
6119 80
17815 18
7897 50
2632 53
18897 28
21920 48
24287 54
22298 64
5691 5
1964 57
27628 56
26629 57
11345 61
12009 19
16047 22
28845 87
5752 73
11893 49
7611 27
19230 21
29039 27
13951 79
15789 56
19042 53
20499 43
9500 49
23140 94
1167 59
25126 77
26154 36
28029 81
14816 77
26353 7
14680 80
15654 27
24052 54
11832 70
18255 25
28917 31
19611 30
14469 63
9921 73
19829 44
4083 75
13880 69
16037 5
28279 55
10631 74
18956 48
1753 46
8489 99
17101 17
11664 43
21850 91
14336 26
24117 24
18447 91
3604 35
1456 48
25567 31
23470 6
852 67
2242 35
24523 86
213 86
787 12
12953 14
19150 19
9107 100
23232 30
27481 60
12326 81
14248 7
29012 48
6298 83
1153 69
18952 2
29040 56
18101 14
17772 53
27400 16
18601 94
5221 22
24660 25
16395 47
26796 71
10742 46
10973 85
20749 82
11791 8
27414 51
16239 34
10026 68
23027 4
10392 25
17038 35
19801 5
28661 88
1859 32
20327 37
2718 55
17475 75
10228 30
2687 23
19499 76
23630 87
21759 63
24252 87
27916 59
1001 91
23752 53
5490 20
12386 93
8491 33
6467 97
13769 12
6545 79
26091 64
10794 38
12659 45
2907 82
15124 37
29470 65
26668 5
21030 90
21857 51
26277 42
12046 40
12047 44
11017 75
1994 100
10820 72
2138 89
3635 28
27454 21
18808 38
5895 65
16192 23
28276 59
29503 95
8142 91
29879 68
27735 29
16145 62
24755 45
28389 41
28868 88
9381 3
26976 97
5872 69
4354 15
24001 7
13391 56
13 38
22578 42
22409 38
18743 6
5914 25
20633 32
1152 95
6062 21
4773 1
2412 14
23045 67
8526 2
520 45
20140 37
19136 76
12433 26
3219 49
16910 56
19569 25
15026 96
20417 43
18801 9
11101 20
20067 66
23116 26
28278 9
9921 91
29406 48
23352 39
10409 68
4368 14
20600 40
11755 91
25267 38
15762 66
6128 31
12675 86
24993 97
26274 36
3780 51
29446 91
23276 46
14083 14
13096 93
26072 11
20919 49
19227 45
7905 9
25761 80
9189 34
19535 75
26985 44
5345 19
24909 16
27702 29
10748 19
8827 93
20732 38
3826 41
5139 87
11323 88
29852 80
19778 76
7662 59
1618 58
6102 40
5697 57
24984 38
11209 57
4718 94
7293 100
12963 58
18354 4
4592 35
6524 14
6712 5
6753 48
17493 32
5720 85
22180 65
83 80
15497 41
4051 93
9272 55
25357 9
14627 100
24868 25
5469 42
24818 78
29681 51
12096 28
28849 62
17506 5
13819 67
23851 31
14330 91
23590 12
25942 55
1576 13
16186 77
28273 47
12202 12
15700 94
20680 78
26575 11
21739 73
13531 62
24581 70
6823 98
20631 53
29500 24
24453 45
21311 29
8788 18
10172 1
17002 98
2003 1
370 27
28437 47
22258 63
7719 78
3364 56
24293 43
8652 81
25982 40
1776 41
2294 70
3299 6
88 68
13647 58
21211 15
14347 62
22974 56
6550 14
5377 14
27983 3
11102 61
8126 79
6089 80
15365 86
27176 6
21595 53
16933 64
26683 21
27617 45
26748 61
29971 55
27064 14
26365 88
24570 95
2941 55
17022 57
7341 11
7796 68
16281 99
15752 49
22839 58
21851 83
11020 95
28589 41
17691 50
23789 84
10416 29
29372 87
11752 65
20959 22
18122 92
7833 71
13126 44
20786 53
9854 79
2815 27
5861 22
9624 28
3465 19
28543 87
24460 15
16506 34
12623 79
29735 30
18694 90
1125 51
19074 47
29176 9
8814 3
6264 85
11234 80
13414 48
6625 31
1493 48
26352 39
3286 87
10226 32
14461 76
18616 63
13983 63
5347 24
26295 70
2312 2
23427 6
26002 42
2717 93
7423 23
23851 97
24739 37
9669 97
5942 62
22966 67
19942 75
20469 56
16336 7
5949 69
287 20
10832 57
1944 47
13905 26
4786 75
14179 47
17485 24
104 11
20097 12
23163 41
2658 10
29143 29
7197 18
7358 18
18120 68
1610 19
29747 53
9251 66
1683 100
17699 46
14888 40
1041 100
25903 41
27022 70
556 32
79 26
29728 73
29001 1
3283 50
25357 98
26474 64
1951 98
25085 40
11703 77
14377 38
9539 46
12144 85
18457 75
1846 8
2410 61
15821 74
22274 17
5788 70
22861 8
18128 29
16788 56
17522 66
6262 72
20785 68
24746 23
27648 13
751 26
17409 68
2344 23
9136 50
10462 98
17594 77
5118 61
18156 87
21582 12
19451 71
12677 19
22193 53
17843 62
6154 1
17131 39
19214 31
24497 66
20378 8
13501 43
2246 85
26174 26
29986 23
22875 5
23689 78
1728 43
25548 97
13565 37
16020 27
8199 47
29196 17
26368 98
21493 69
26187 37
27295 87
13454 27
18884 59
13363 76
1550 63
20174 60
894 29
25374 85
2448 14
20654 60
13189 9
7691 16
29402 48
6429 86
22490 88
22093 43
11348 67
26198 77
15662 27
24201 43
27438 27
18269 99
6572 46
6323 9
17719 9
21553 52
5235 53
28889 33
1402 69
8072 86
3946 27
6314 80
12727 9
7853 29
15058 14
21072 68
10948 13
10517 9
19217 69
17593 3
29797 86
11516 90
2138 55
15497 32
6093 37
5371 99
11311 3
18844 77
14616 16
1859 9
11880 3
2999 69
12354 26
6126 81
124 55
22412 44
22866 21
11000 47
9153 18
8589 86
10762 20
20955 30
29072 73
8749 92
14205 5
14542 42
23574 79
18196 100
11018 87
15414 94
10561 51
17374 23
25296 15
13118 69
23956 6
19217 86
11521 10
3654 88
16740 7
24619 70
2148 50
25815 95
12513 97
10314 26
19525 48
13385 48
443 76
14446 61
29544 2
13021 54
14036 70
15212 36
26355 8
25471 82
5905 42
27079 56
14334 10
16163 15
7170 16
5522 18
7170 74
20382 83
4697 30
16771 49
727 8
29692 41
27321 91
15405 97
179 37
13834 98
2222 31
18308 84
19070 39
14501 48
15120 91
19142 19
29178 77
3708 75
16950 82
19442 3
22125 47
6038 78
2849 95
25073 5
24091 25
7888 2
135 24
366 12
6734 52
23165 76
10297 31
7589 30
21406 82
11079 71
17718 2
29722 6
6512 7
22199 99
4277 99
10785 65
5529 60
7920 31
26341 13
5080 72
11506 55
5305 11
4207 95
14478 95
25028 21
23372 88
1146 29
6773 17
17801 15
19394 21
11931 57
15078 15
6660 16
9474 17
5739 15
21639 27
16069 18
28612 48
1744 58
15696 21
8252 71
25746 54
22162 65
15713 20
17279 66
12943 97
13137 84
24226 44
29323 21
7989 48
14456 63
2392 26
798 71
11382 91
19253 83
659 20
11898 67
22777 85
18717 17
24997 97
23065 6
8825 95
16934 97
5643 77
27538 34
7476 99
22524 85
3739 18
5438 43
24986 98
6826 38
25499 67
467 95
28444 46
26836 44
14192 9
25935 84
14016 9
13245 94
20059 10
24422 51
26674 10
15425 16
18668 49
28535 77
20541 35
20292 63
29792 24
12104 37
13226 87
19718 22
14216 17
25141 58
29032 76
4979 15
24698 97
22958 78
1833 24
15643 72
5632 54
22578 79
20586 23
10702 35
3663 11
1594 29
17856 66
18175 59
2626 83
8314 52
19546 38
26044 71
22297 78
24799 9
3699 84
29788 10
8986 35
12431 82
7805 79
16747 43
17223 95
18069 65
17637 29
4567 71
12078 75
26453 17
11450 21
12984 90
27443 58
22432 67
11748 96
9848 88
10938 55
7608 50
1115 11
28540 47
8432 9
6142 37
2693 55
29369 78
25188 53
17740 68
16760 56
18118 70
11440 90
17041 11
18742 32
14139 8
17165 11
193 54
17396 11
8659 9
3588 72
14584 60
15066 97
6589 99
17327 43
4232 71
23 53
12048 45
14157 38
16575 95
25237 34
451 13
20326 9
6598 34
15829 70
6866 50
5826 95
26656 100
19085 59
10826 90
10045 8
4459 34
18355 36
332 41
25191 22
14292 96
11341 78
21628 45
24146 39
4474 32
25315 93
15778 23
14866 68
568 53
4667 2
21154 8
12022 56
21952 93
1620 57
9441 80
6384 94
17405 76
22420 83
26711 97
26205 34
5881 47
19433 98
12377 74
25515 80
26535 88
7152 41
5672 19
27571 78
24669 95
21087 57
26133 2
11159 37
22818 100
16867 60
15292 97
6461 95
22331 2
9013 86
2228 44
21888 21
3093 19
11904 20
10987 25
8677 5
8142 7
25367 20
5238 76
21547 91
8607 28
24757 94
23319 97
21696 78
23617 89
6936 94
29952 62
14763 89
502 37
26718 6
12578 72
4484 28
9359 15
13132 66
20361 21
13620 24
520 83
5871 39
6165 83
21693 53
16228 19
7102 59
16635 46
15605 74
7111 47
20148 77
4806 96
3266 98
6069 11
8142 97
24551 72
20530 20
7407 67
16173 20
1290 14
9172 40
22307 65
25599 82
12807 20
21933 89
23764 13
28455 11
26181 84
13123 58
2460 22
6421 13
27962 77
5928 32
7606 18
24386 75
13902 74
15753 3
26460 72
7516 9
18702 85
1456 72
24171 2
22170 66
24526 14
19913 51
3785 41
17377 97
11627 39
20466 64
20753 1
9445 67
3245 97
5336 14
7995 95
18202 74
25444 100
23972 90
7310 25
29612 7
13846 98
22738 74
3310 62
14320 94
985 68
28825 34
26038 95
25738 71
8895 10
15689 97
24807 67
6225 95
25682 31
18803 56
14589 87
19306 83
22456 77
24950 42
4873 5
4185 18
28323 80
26028 52
28700 38
19828 26
18943 15
25239 27
8864 2
27463 65
10189 74
16267 28
29730 25
3670 85
12441 66
24139 1
9728 41
4021 99
12633 2
21726 80
12193 87
13661 45
512 73
12831 11
3933 69
24371 22
26636 83
20252 51
213 71
5729 9
4867 56
10730 43
14260 32
28933 1
24954 99
21025 68
16839 63
1672 56
10308 39
15762 80
29029 66
28270 6
5165 93
18996 14
29472 48
22680 57
24795 74
13855 41
9577 97
22550 4
2461 14
4246 20
14861 92
24351 98
26514 86
17542 3
8944 71
27468 96
287 37
28129 47
26756 83
28839 88
25638 36
15018 25
16353 93
10318 22
22247 11
2843 55
27943 80
25741 57
26893 90
16000 18
2489 46
2646 95
23373 61
6476 78
3356 36
17201 3
7529 23
12314 100
7134 8
13478 14
29787 6
28057 29
23939 94
13131 62
3254 31
10503 64
14718 63
17637 77
14150 77
9692 57
5489 22
24648 88
28157 67
6281 15
27379 69
4273 65
18191 36
3741 23
25553 74
29492 47
8701 60
13329 97
18792 35
23102 43
13043 78
8912 3
18524 31
29371 38
27007 2
29464 42
7829 5
27527 54
26730 58
22737 29
7535 36
20488 19
26886 47
19943 100
5278 44
7829 44
25473 18
4469 28
4620 9
2765 58
12964 7
29605 14
16002 8
11900 93
5815 31
675 56
14695 63
5393 28
23231 2
29842 78
29901 82
8353 97
25593 18
26683 53
27352 50
11866 2
8040 93
16279 32
2308 95
2848 22
28556 96
1942 43
12528 18
5069 72
23507 49
8062 1
23263 9
26912 62
17294 89
13328 90
17255 5
14139 81
6986 22
9026 17
28050 90
26735 21
12426 77
17981 38
10703 13
25192 33
4970 56
16480 73
19618 93
5589 46
2438 13
28253 31
12879 3
20508 81
19082 75
24199 45
13190 28
4498 87
11585 94
2984 2
3694 89
2402 69
28279 4
7075 44
7107 88
15759 24
2296 13
1115 89
25124 45
22968 50
17909 39
19143 16
23255 84
2358 78
13097 54
19277 11
17470 31
13726 16
26031 46
27284 27
13411 86
20650 96
24816 70
16786 82
26633 60
9142 22
6370 69
11197 89
23379 41
10078 15
22673 4
4157 61
16932 87
1012 100
28910 70
22376 18
3873 5
14129 10
13799 75
16231 11
12123 8
25868 100
28831 98
1686 83
3168 42
28260 62
18734 27
4377 63
20534 22
26016 60
24792 1
22227 42
29666 41
18825 62
20132 7
27633 2
23964 47
24944 8
12260 67
11293 69
18398 98
10415 98
17246 13
23287 59
577 59
8515 87
16792 68
13705 86
20753 23
28230 91
10002 16
12927 40
27105 60
3923 58
6897 3
28086 44
13944 3
22063 7
6963 40
9140 26
5297 45
27874 87
8318 42
22814 97
8196 36
20722 88
7315 28
14552 91
1321 89
25115 5
22668 39
12005 9
28140 51
6857 57
26121 27
6951 18
26662 98
18775 32
15530 58
12024 40
8302 15
11384 31
25959 55
949 18
6932 92
20152 11
10241 97
21264 49
10436 62
10294 61
29312 74
7522 72
13026 20
10075 64
7565 17
21615 23
7345 39
11054 74
1743 23
9805 58
29236 17
9583 39
13460 3
29374 65
7504 52
28006 37
17590 35
12298 44
3270 43
15941 86
18572 34
7389 94
7117 40
18386 71
14044 98
16507 70
13648 78
18007 55
27101 88
22736 96
20474 7
25112 43
28843 47
21762 80
9700 44
14393 50
4633 16
10920 59
15805 56
5182 93
27268 42
21598 19
21883 98
370 67
24037 33
27231 89
14363 20
24785 25
13357 39
13466 73
18853 7
26667 96
29737 29
11075 48
1574 88
29591 62
9564 18
19937 66
16908 60
10247 13
17181 76
22734 61
18477 98
27846 51
17247 20
97 84
18879 29
4254 39
17131 4
19708 21
20053 17
10546 8
25614 96
17497 35
17628 83
20093 85
20778 72
19653 56
21151 76
3097 11
12598 22
29762 16
12127 97
690 57
8319 35
12340 75
1492 6
12178 88
10694 91
18974 17
28764 82
8248 84
6510 70
17863 13
3762 34
6381 70
2592 49
7009 80
3957 14
15678 47
13423 73
1087 27
12751 16
1410 31
25954 34
16836 6
14776 100
19938 66
8351 36
16739 95
24745 12
24594 23
11813 66
15141 97
15603 37
16571 39
25480 62
23192 22
13493 30
757 78
11156 29
10738 84
2960 78
12353 99
26821 57
6109 33
3618 80
3276 49
21890 86
22379 95
8331 64
14523 38
24972 78
9834 98
27177 69
4325 21
20142 2
10437 49
994 21
7369 13
17537 50
23739 51
24268 87
24998 92
20120 68
3738 69
4905 73
29122 8
29515 84
14968 42
9952 22
12236 97
21286 90
24560 13
17770 40
2646 13
5572 3
6738 30
1242 23
13834 83
9845 2
3961 80
8782 63
20552 47
3871 67
26736 83
28 51
27471 26
18769 72
9718 73
27284 2
29796 40
16189 97
18599 74
14483 64
13197 39
25316 12
19864 32
15134 11
22356 25
6121 83
9337 40
19743 55
9828 89
2542 27
25823 73
2796 34
