2963 3969
2547 151
889 910
1269 140
1882 275
2070 302
1419 511
2395 682
1313 846
1221 454
1492 369
9 37
1532 256
1981 331
561 919
492 248
800 142
2947 515
1013 557
1143 575
1031 117
540 485
611 443
2437 904
2927 213
1030 879
957 408
491 276
1463 94
2176 245
1510 796
1383 536
2589 640
1780 921
2823 50
48 496
161 792
2841 304
2819 467
1708 208
1886 101
1506 238
957 598
1151 621
63 726
2264 926
165 359
2144 167
436 337
189 661
2798 33
42 754
1026 576
2776 802
812 765
1818 524
2332 803
2569 736
1305 710
1936 687
859 981
1706 362
2651 289
2974 400
2505 823
1091 578
2096 421
451 283
592 348
315 812
2923 40
1292 86
2596 962
1819 211
94 626
502 166
1593 916
1559 599
2254 578
1390 262
1375 655
2874 186
902 586
2573 490
129 721
2634 357
1025 89
989 14
2220 630
909 80
1248 845
1107 383
2623 263
1769 601
601 743
1389 188
1215 198
273 748
2633 665
2923 828
2858 696
1916 173
468 784
749 49
1183 861
719 713
2708 543
161 181
2041 322
2331 306
1543 694
1656 658
410 322
1116 582
616 541
1496 755
804 715
710 158
514 433
1448 197
1485 530
1619 524
1769 410
1754 680
717 884
878 330
470 773
1832 751
467 153
1088 520
137 411
440 266
1160 791
713 886
1991 635
2374 66
704 988
2198 897
1747 52
2472 749
2517 431
237 972
980 18
1721 698
200 335
1490 777
768 881
2526 905
541 357
2839 763
1218 762
507 793
427 786
1085 842
504 814
2411 818
206 154
1375 445
1991 751
1844 422
204 846
231 405
2343 749
1707 922
2735 838
270 692
2119 874
1584 169
288 856
298 51
1253 762
2056 539
1368 534
1914 230
1033 55
2031 797
1114 166
2211 437
2958 239
1128 897
2709 16
2072 891
2093 621
2579 214
1942 822
1703 88
2180 224
2211 613
2840 95
2528 349
121 85
668 204
2241 380
2190 28
1707 252
1924 661
721 755
1949 395
2771 424
608 551
171 617
434 552
2628 608
1552 517
1953 148
246 304
1504 352
691 107
334 438
2002 531
363 48
1829 667
2307 620
1796 640
2400 903
1126 677
783 602
1984 334
2352 694
2395 799
2235 671
2105 794
1872 409
864 857
2341 159
1017 898
2626 750
1588 667
1627 944
1675 232
1449 686
966 450
739 909
1051 285
1095 491
2165 737
2881 68
1245 590
1338 639
358 554
2810 940
2954 851
2436 144
1532 626
2613 926
2232 728
2515 241
1639 77
2702 684
383 305
2317 878
167 713
1687 136
1047 164
1527 82
675 305
1185 832
2810 505
426 590
1476 358
1399 57
576 683
1165 593
2577 108
2805 267
2621 692
573 734
237 60
1007 374
1899 487
746 646
2610 87
589 681
514 783
1490 223
162 813
1371 940
2994 44
1957 176
1914 800
2856 822
141 225
312 376
977 124
1916 361
1175 163
1001 866
1702 853
2843 281
1389 820
1888 1000
819 449
545 243
666 301
2229 971
2865 501
1167 311
1417 516
1911 255
1475 370
833 47
1781 439
1872 281
447 415
2688 410
2352 130
966 730
1466 905
1814 326
1284 615
1350 709
2925 907
1638 352
1439 534
2195 641
201 523
647 885
1849 83
1284 854
281 182
83 104
1057 479
2606 235
2284 396
733 444
1702 61
1646 353
456 601
1244 21
666 750
456 920
378 479
1737 672
1390 194
530 820
1265 729
2949 616
1339 784
469 396
627 540
177 681
1731 73
1959 227
462 200
677 798
434 254
1154 992
352 321
2561 442
1944 496
220 110
526 155
902 715
347 503
1567 59
2488 719
1337 713
857 118
271 802
1687 648
501 112
1014 22
1852 473
910 253
1565 837
1286 948
203 504
673 617
1874 861
516 837
1993 884
2868 617
957 673
2085 949
2032 960
2290 944
1521 824
1651 280
2994 975
2422 235
638 872
360 293
813 68
110 501
2316 226
2141 749
667 149
892 693
365 442
2987 179
1730 535
2012 335
1097 832
1927 555
2867 933
2809 291
1233 218
659 688
1935 962
1259 992
2042 780
1114 544
2261 884
1854 416
2865 140
1871 489
356 950
973 498
598 36
839 425
639 784
840 465
2870 577
685 370
1315 922
477 560
764 223
1615 95
835 645
2 622
906 732
2397 652
334 716
688 601
524 699
2000 746
1074 597
342 319
2916 539
1622 396
360 195
1549 955
144 455
1738 36
261 579
566 548
451 292
674 428
2041 644
1435 971
1471 644
1912 365
553 852
2207 970
2871 744
172 233
1904 493
2639 857
1431 568
1487 887
1414 51
1109 106
1165 424
1010 501
103 873
641 350
68 250
641 572
958 962
1386 848
147 987
1979 774
2009 140
1066 136
2908 437
949 481
496 922
1128 224
444 728
685 532
2289 727
1908 394
2284 823
383 233
2869 291
541 447
2208 880
1695 95
1223 92
2168 898
2923 336
402 263
565 832
667 481
1792 438
690 245
1513 296
1152 844
1913 98
1448 160
1051 192
741 249
816 303
2167 676
2851 378
1924 689
942 61
1114 554
1183 355
1813 177
1823 332
2067 830
218 849
78 274
2703 147
469 571
1787 455
721 483
772 578
2580 935
1708 217
648 397
2083 971
1368 34
707 423
1519 993
108 628
1572 610
2070 472
1493 998
1351 183
966 804
1055 448
224 140
393 621
1494 662
425 396
2181 376
1781 598
2656 615
331 11
105 226
669 65
463 572
1109 44
2723 175
1436 120
2670 89
2272 759
574 47
1197 291
977 616
1836 953
2115 905
49 274
2670 719
125 347
2177 661
1741 898
2327 39
2972 249
477 583
1379 391
2388 695
645 478
1209 14
52 459
2697 790
1088 804
961 216
2283 534
1718 759
822 533
2687 303
325 500
2073 32
618 289
1549 285
1512 806
2273 495
781 516
2198 558
245 335
279 343
2165 644
733 591
249 264
513 116
2705 328
110 953
134 613
1468 491
446 475
362 584
1605 891
1372 900
1793 881
2514 673
839 899
1222 790
701 418
2823 992
554 513
1580 52
98 45
659 459
1861 171
1495 515
1156 778
1974 997
2068 607
2035 846
1169 696
2072 556
1056 671
2439 577
1969 618
1521 760
1545 784
1730 115
1864 373
1555 362
639 512
648 805
576 854
2115 446
2713 542
2214 154
1649 789
1955 13
2544 507
772 463
759 186
779 966
2351 386
483 553
2268 240
1576 774
1461 15
2862 105
2697 639
959 710
150 757
1426 957
459 949
761 324
1139 553
1056 185
433 195
1444 836
2611 339
1847 633
612 256
1732 391
1207 933
1992 704
1713 739
2077 149
276 462
730 881
1523 108
208 180
648 726
2038 53
1781 118
1435 836
1046 864
2022 136
2418 880
2118 867
1427 676
2085 661
2259 567
2351 76
149 658
592 991
560 265
2979 178
2435 48
1595 964
2925 677
649 946
2646 509
479 436
2819 194
219 959
810 340
1481 915
323 488
645 233
2260 614
273 614
2288 828
1200 300
2931 878
368 1000
980 997
2339 216
550 666
2341 552
2503 451
2448 343
2702 729
930 503
2338 344
105 828
703 359
1924 755
2474 595
2106 580
545 444
183 628
505 266
2102 884
1296 453
1184 355
1090 771
1626 834
761 179
1242 984
427 282
1866 835
2920 750
2385 856
198 338
2483 702
2423 401
2923 320
2486 258
1465 823
1540 503
491 525
1174 572
1682 604
151 510
2580 394
676 176
828 730
1238 752
2407 420
1833 603
1072 362
1109 573
1054 348
989 410
786 393
1455 125
1403 291
561 47
435 62
1629 461
1998 35
116 602
943 615
125 605
1466 847
618 697
1154 983
267 810
2694 764
230 553
2778 755
1632 62
270 283
2411 786
1261 115
1114 674
2090 471
1273 880
814 86
1044 347
699 115
2346 934
259 340
761 146
2841 123
2632 711
1775 307
1492 757
405 339
455 611
498 628
2933 562
1425 522
1063 150
2780 581
745 791
1039 858
1100 405
215 991
525 876
1640 489
58 27
445 869
1262 783
1677 297
1184 795
855 705
2361 583
609 945
268 837
957 660
1390 223
1932 179
88 443
1183 853
1040 922
2095 990
2946 412
1713 295
1343 682
2369 882
2963 633
2340 767
2156 625
2618 575
757 992
2258 849
966 445
2437 667
1638 878
924 488
77 614
1379 496
1195 749
45 739
2664 889
594 863
1683 649
439 292
1884 22
2590 567
1532 689
2928 886
2228 924
182 768
236 817
2860 522
2554 594
2566 49
94 637
549 511
389 764
1887 569
1592 522
276 635
1426 709
2947 492
131 527
1308 715
1354 587
1020 560
2759 280
2145 568
581 841
1604 774
537 48
690 508
1194 447
1391 884
2750 664
574 792
2879 908
854 582
1729 150
2102 132
1078 165
1742 261
2208 679
2967 837
639 877
2499 535
2638 531
530 639
635 946
1795 900
2200 484
430 47
2159 196
2543 690
2209 93
2484 300
59 776
1571 19
1572 44
1467 549
723 300
782 98
1905 807
2482 309
454 831
2442 823
773 762
1607 62
84 159
985 858
2144 949
2422 120
956 738
262 57
2904 567
1770 580
610 656
1040 245
664 226
929 844
1687 537
2938 612
2255 27
1775 415
74 360
437 106
327 897
2369 176
572 971
750 349
425 274
1174 358
1663 355
864 497
1446 610
1213 228
923 11
1057 239
2847 343
1771 871
2960 501
263 100
523 216
989 397
1256 726
442 464
1123 93
2163 871
92 595
2715 342
1142 422
1295 138
1468 698
1973 504
1332 453
949 206
1988 190
1394 195
1854 889
1777 452
315 527
1509 876
1148 238
272 806
1685 329
2342 503
2610 523
1201 844
2538 878
75 149
1124 691
2135 601
1278 813
2243 889
1560 979
600 197
725 361
1364 304
465 579
2797 896
891 819
1125 941
262 332
2648 403
279 81
987 799
2384 668
470 378
333 992
2434 897
2719 667
522 842
2500 324
1418 674
160 32
2434 316
677 967
170 751
1256 42
1321 270
2882 421
571 932
932 888
1862 626
886 254
1350 189
2632 93
1756 616
1409 154
947 484
2635 974
203 711
2894 200
1535 269
542 75
2435 785
844 420
2886 306
1476 426
1803 64
30 50
1944 714
2802 74
2967 208
1894 285
1743 699
2537 443
2544 247
2667 328
475 321
1921 431
1056 600
2712 849
1714 423
2613 788
2565 562
1072 20
1084 298
230 508
2463 515
1934 994
1460 648
894 952
823 419
2191 932
402 828
1731 467
715 321
2336 40
1139 552
123 96
360 477
2455 795
633 600
1963 192
142 699
1269 610
658 584
1601 294
2455 477
90 79
886 159
160 40
2143 477
53 349
1430 300
1481 818
274 405
850 373
915 797
2412 397
1215 460
2177 542
198 82
20 730
783 151
2884 881
2670 821
2768 621
1390 789
1275 247
325 590
1522 66
2186 262
2807 43
2165 77
2303 992
2169 472
2362 122
2209 257
1124 571
1521 895
1707 938
1880 101
737 221
2682 356
286 320
489 46
1467 656
1597 680
1512 221
280 714
1498 77
598 767
2176 505
2053 725
1247 401
13 169
1707 111
1355 14
54 326
2321 584
2099 857
1857 31
1785 392
1286 494
414 408
1793 346
2728 930
2041 201
670 428
2005 672
2217 905
1149 635
2267 98
385 735
582 76
727 361
612 469
2177 566
1961 255
426 676
2126 201
271 407
1276 815
1232 274
2597 127
1128 787
1817 931
1199 630
652 279
1911 19
2328 838
201 25
113 113
2373 667
1074 443
2154 862
2308 719
2064 779
1661 916
1725 390
1686 397
2915 592
2272 175
2466 985
1459 646
305 464
1070 570
1118 135
347 271
969 41
2601 223
2953 346
1017 565
1887 310
2183 506
1308 586
1368 731
2145 344
469 817
2579 300
2338 488
1871 940
2220 676
2869 222
2389 522
2651 530
904 71
2680 663
1435 994
1114 743
2679 776
1550 631
2606 819
1708 81
707 464
977 279
1180 838
1355 486
2815 957
2063 111
540 628
2456 519
2360 806
2278 136
2194 176
2871 411
580 196
1955 99
987 901
714 474
2255 618
2973 366
2198 672
440 811
2208 963
1952 877
1111 703
1020 518
654 711
818 82
2677 588
73 936
285 229
2974 479
995 976
1207 299
1850 611
2059 308
125 322
2609 20
975 35
1 640
63 513
353 381
84 437
855 562
913 603
2422 810
614 618
2358 631
2445 31
1457 621
187 856
1424 464
1856 776
295 267
2835 220
46 65
1595 495
274 954
839 865
1464 268
2421 836
635 542
1521 652
536 232
2956 902
1270 912
1525 492
112 793
1038 435
2348 816
1542 454
1978 149
651 689
772 970
1159 384
1374 276
1055 196
2568 108
427 681
2867 289
2550 169
852 609
374 267
692 333
665 224
2116 277
2185 190
1957 58
235 529
13 102
2037 24
2591 761
135 787
2109 92
247 438
471 820
132 33
888 693
2948 303
2634 457
2854 993
2936 776
2320 503
1854 298
919 647
1310 162
2800 784
1499 563
2580 19
1660 967
1339 629
1147 809
2741 620
1034 263
1757 374
2521 842
1585 895
1238 187
1832 406
1846 26
875 160
2844 525
2246 237
2633 482
1819 221
940 724
79 960
2788 584
512 517
625 959
1259 50
919 408
1430 688
1147 162
1031 441
2863 313
2951 726
1500 51
1485 654
1504 453
119 602
2466 612
1655 60
19 833
468 164
415 707
1956 167
2041 395
2395 913
793 561
1809 265
2809 85
2478 922
966 529
137 229
2101 507
428 122
2170 494
656 115
400 43
773 540
863 84
2372 482
1321 559
368 615
2013 766
849 764
2684 962
1530 589
673 48
46 349
1636 791
557 255
2654 420
2162 299
1855 848
1699 204
1642 902
2761 936
1132 898
2322 182
2989 385
704 703
2677 178
1552 260
923 448
1759 192
2024 600
523 775
86 595
718 34
2850 979
1798 932
2665 33
2222 284
1483 25
1360 104
399 446
849 977
243 653
2962 210
1429 621
934 804
2744 962
2160 35
2493 621
2494 24
1410 620
606 540
321 100
352 990
2315 875
1934 690
1010 522
662 749
2010 674
381 432
1922 728
628 435
1869 423
57 389
566 192
812 421
1732 902
108 791
393 361
2159 216
1570 407
1818 549
894 324
1504 650
1554 458
2050 258
1189 226
2470 848
1178 848
2646 166
1503 910
215 874
5 616
706 935
1563 33
1656 336
505 885
609 944
295 11
1765 947
533 333
1452 430
55 161
712 800
391 775
1911 202
1652 425
394 188
143 855
2161 743
386 336
2153 134
2006 503
1702 680
160 420
2899 602
1304 120
2701 23
180 962
1187 320
2343 141
2025 46
2798 660
121 189
362 348
1620 960
2005 889
2800 82
1533 253
2233 333
529 866
499 102
293 821
2222 744
509 786
1017 960
820 884
1811 224
1582 959
637 697
1128 159
1990 217
2306 33
2655 32
1176 98
2982 844
7 334
1610 197
1671 176
2725 805
2368 921
1423 492
2197 639
555 425
2654 161
1422 794
2286 866
2098 783
1872 586
489 964
398 975
802 798
2601 35
1828 92
591 188
834 672
1085 909
2557 361
820 601
2954 901
682 765
1471 448
36 526
1270 338
1113 291
2831 286
156 355
666 760
2547 926
1593 263
1619 744
1491 969
2898 496
1435 625
2326 158
429 501
2604 764
1906 855
2290 448
2232 385
2189 559
322 61
157 599
2801 531
1337 846
1844 984
2544 626
587 772
2710 560
1838 107
314 608
94 925
1830 244
1422 917
1936 561
732 266
190 793
2495 542
222 786
2619 395
764 98
2698 922
524 406
2012 133
2993 888
109 292
2967 813
2849 243
1891 317
2317 426
1633 474
990 391
2654 913
1343 940
2003 653
1050 972
1495 973
427 602
1708 434
494 897
1610 194
1652 156
975 576
292 379
1898 220
126 547
2728 347
724 46
296 767
2082 501
1446 283
2616 935
638 186
1514 351
860 572
504 967
1709 589
69 981
2913 644
2689 880
2713 345
376 167
2618 854
1657 638
985 205
164 634
982 335
1400 12
2617 944
2198 126
1108 687
383 135
2203 693
2332 601
1776 742
2312 809
1553 141
1195 219
798 653
2223 694
2555 225
358 140
869 772
174 528
2106 166
1327 427
2080 260
651 21
980 190
1398 839
1113 587
2461 725
1212 874
817 91
1327 282
377 847
1131 200
973 369
2343 349
2433 760
2914 927
580 272
2584 786
404 710
2080 283
2306 693
2285 694
825 852
1578 395
1395 429
460 132
616 501
50 635
715 189
1550 548
6 98
1842 312
2567 457
1576 941
2892 809
408 210
1117 783
675 630
1767 838
1135 73
1962 961
1808 262
2706 57
1494 345
1892 218
191 334
1436 584
1093 568
156 348
2547 51
56 660
1779 261
2249 975
1010 854
892 739
1531 100
2948 200
2683 166
542 529
501 449
2176 366
2244 490
575 688
2751 828
2367 554
509 679
2715 689
221 896
2716 108
2544 122
1301 752
168 980
487 304
1825 981
1245 262
915 419
310 546
261 616
1842 448
1833 814
419 615
1793 837
2577 481
1910 399
2281 123
1953 528
2643 416
2711 197
1801 505
2555 496
2346 484
1733 772
2500 942
1156 391
2158 123
1033 71
1978 768
864 485
2397 459
732 292
721 716
729 117
2437 937
2974 12
844 188
1334 826
1897 680
1268 230
1018 89
1523 375
2942 437
1935 214
2932 750
1166 574
662 954
2275 863
2269 274
2086 823
2812 672
1842 581
516 899
983 335
2813 729
1114 800
1619 975
1483 405
1938 732
1548 47
1913 917
1507 148
1119 608
2628 323
2970 918
422 181
648 70
2881 971
2574 76
558 274
858 733
260 131
1220 130
1903 949
815 748
1715 644
1773 655
784 964
2205 216
1594 872
1826 433
1071 688
866 636
2325 285
2572 555
65 44
2444 321
2676 109
655 110
94 918
1885 628
57 554
2017 910
608 768
2601 104
896 805
2208 515
640 457
1837 933
1431 860
2999 354
1391 395
264 840
1589 302
2037 792
2762 853
1670 167
2181 671
1541 208
618 748
557 986
872 414
1615 104
1430 120
489 37
2050 66
2776 816
2692 587
1684 578
87 666
2448 968
1870 205
2617 238
2910 687
75 27
1175 271
868 474
2110 524
2358 725
1619 476
1159 179
2277 686
705 421
2967 944
2393 197
647 981
1793 946
2478 825
1784 25
1156 990
2252 170
175 381
666 635
991 248
2316 390
1941 74
2144 265
2139 513
2875 213
2853 480
1018 296
2888 494
1271 981
1448 556
1447 539
2343 536
630 250
2858 791
2234 130
469 604
1098 629
2184 598
2624 86
1414 435
28 644
2094 385
42 764
54 328
1038 543
2836 887
2540 552
285 535
2629 422
577 945
1793 459
1917 164
446 546
77 293
1020 587
2859 783
2171 54
732 68
476 749
2541 573
1107 284
164 858
2265 276
535 295
959 907
1072 765
1632 252
2844 722
1300 669
2060 763
577 148
2348 582
2719 901
1867 709
109 577
162 620
1331 745
964 932
132 471
1755 604
1353 667
748 568
1870 58
1676 41
1246 298
2853 853
2258 303
2758 934
1185 545
1516 286
2886 853
81 188
2759 767
1033 898
1719 309
806 533
1810 80
1745 282
2601 108
2217 164
2197 508
2182 235
1129 496
826 69
1681 315
2026 790
775 356
554 316
2824 674
1295 107
85 780
2939 153
310 484
1564 746
510 673
2359 11
1869 543
763 877
1852 329
1565 344
2982 87
2031 170
2347 583
1090 877
778 234
2863 422
2632 730
2621 158
452 461
919 179
2695 154
1704 958
110 641
2757 494
1379 628
688 236
1858 591
381 44
1600 113
537 427
1668 244
762 223
1800 925
1513 454
268 422
1044 528
2737 463
1892 918
202 556
747 421
2083 405
1939 711
1417 370
328 146
2130 412
2907 500
1555 828
2720 630
1996 327
1667 877
1696 910
674 842
959 920
506 903
1512 954
985 549
1060 460
422 880
1551 238
312 156
179 353
2632 67
2857 632
1792 594
565 67
1612 215
81 768
2895 948
63 200
118 424
1933 274
1215 377
2550 782
1904 759
1117 630
944 783
173 809
2377 118
2560 489
888 981
448 822
1314 854
2841 791
2848 841
2665 934
1011 153
2357 359
1553 171
803 138
1044 686
2483 986
2588 879
288 981
1449 507
398 506
1719 835
1307 313
2405 77
2768 188
2104 909
1047 90
926 53
1342 209
1116 899
2197 397
386 401
1466 663
2527 257
890 111
2653 635
2668 769
1247 181
2686 552
2876 464
448 923
2388 562
1558 74
2176 489
1922 676
272 304
1208 190
2232 646
1571 177
1790 960
1403 184
2203 981
1615 594
1975 427
2100 546
2715 326
2131 589
305 408
2082 411
1945 32
2451 328
2833 431
1711 234
827 309
2872 181
1348 642
556 108
156 968
2804 774
1065 530
128 784
39 412
2506 871
1424 387
893 201
788 870
743 556
317 418
2855 526
2023 225
334 239
2528 231
1627 388
279 713
2443 236
1027 451
2473 718
1935 39
2593 340
234 831
1674 911
1397 276
816 358
395 433
800 96
322 326
1787 480
1001 171
2255 99
2745 634
2696 155
1467 324
131 570
2270 346
1080 437
558 606
678 865
2359 310
510 221
2028 11
2984 663
733 896
362 60
1889 718
287 762
524 335
640 936
170 490
2798 110
2445 475
2649 943
2857 13
2118 226
1598 426
2539 11
2319 753
131 610
1737 44
415 755
523 189
1297 504
2198 638
2272 367
1908 531
1335 932
2881 338
1283 654
2081 968
2841 349
1957 371
289 336
2026 853
2445 759
11 363
2788 693
1068 52
1968 77
478 670
1892 756
1928 535
2859 877
2439 321
2611 719
2281 18
2848 171
1229 251
2640 404
1449 135
1209 497
2751 899
838 771
344 953
2984 747
194 885
2826 536
2368 529
1895 249
1087 515
1767 74
725 254
255 807
1759 303
73 527
2603 877
932 515
531 746
1947 419
744 817
1162 480
1253 377
1741 372
1599 602
1083 889
2953 572
1447 271
889 723
1781 758
1496 701
2068 528
637 696
1601 288
1877 357
1915 320
2913 273
2510 383
2315 97
2871 864
2283 332
1482 411
3 99
2801 833
166 745
1827 53
1389 824
1600 66
1183 224
1370 292
213 344
35 697
1066 797
2457 507
998 525
2045 483
2898 854
2735 895
454 482
1720 233
2234 542
356 875
2285 532
310 470
1578 195
2298 144
2396 97
417 735
1461 274
2 160
1704 223
2575 306
1237 372
865 716
1109 808
932 112
1507 390
2393 887
1614 388
2801 623
2276 897
459 984
2373 921
1229 127
856 526
1658 330
2284 150
180 758
656 861
1333 453
1949 727
2352 234
2657 727
2971 88
2583 799
1213 162
109 934
2401 810
28 666
2526 25
1339 452
2444 372
753 413
1211 759
2804 605
1258 393
555 424
923 870
2221 308
997 104
2627 76
2926 536
2695 940
1312 50
2869 146
1117 195
812 604
820 939
343 562
2069 604
2912 234
2272 507
1984 155
436 954
1341 519
2075 562
338 648
1572 470
1353 722
655 606
767 372
645 471
1794 178
440 489
1375 959
1089 493
1541 356
1457 220
1950 353
2586 98
279 707
1170 258
1905 910
1843 163
388 404
1420 872
599 668
1120 206
1480 381
1644 368
1851 744
1106 738
1366 654
2856 495
1497 633
1693 299
1998 456
2189 98
1694 920
2257 281
1717 300
1604 516
1131 14
1792 782
692 212
936 980
348 601
2469 50
330 437
2233 631
501 705
1926 427
678 692
2583 827
532 666
1796 465
2697 537
718 467
37 661
57 814
2265 483
436 226
1470 203
1416 278
1126 403
1346 637
2501 515
102 275
770 712
2717 965
1511 762
1189 932
306 545
1778 103
1885 599
1578 412
2680 433
1441 907
501 819
147 703
2766 737
2520 362
2436 703
2662 179
1278 855
2408 977
1247 258
2538 212
1881 143
2883 277
575 518
2654 825
1798 379
1 362
2296 757
2302 431
1090 209
2431 428
1147 869
2932 687
653 51
507 298
1145 519
2337 609
22 138
1244 508
166 245
1867 457
1165 38
1465 701
2082 653
685 194
1497 280
2044 900
531 441
986 288
1867 566
333 13
1982 731
1814 23
1533 219
2797 705
2721 950
417 140
161 163
698 522
2407 349
1824 56
626 256
2058 228
2069 391
1129 920
2838 369
540 695
1124 926
1497 76
500 805
885 880
1685 794
2768 518
791 39
1952 501
2948 923
2587 481
487 56
422 573
2006 798
788 314
271 311
832 848
657 340
1418 87
1623 940
191 479
1594 78
1488 256
2074 557
329 751
616 667
462 249
2697 332
965 495
2256 974
1493 569
2905 936
2184 275
709 379
1980 191
333 407
761 957
1521 12
470 807
1324 767
919 777
2624 593
584 279
843 239
2913 236
2210 510
2509 288
2445 134
1671 50
279 820
1104 520
2703 812
1227 400
419 368
1213 325
1601 270
1180 669
2994 949
2905 340
1763 764
1611 550
258 10
2975 770
1014 992
1492 503
301 123
1611 465
2110 268
2280 647
392 55
1481 628
2513 674
2116 466
392 725
1735 43
804 805
505 607
1768 130
852 745
409 818
1013 219
848 156
107 216
422 888
2587 935
2228 792
2354 562
396 455
494 605
1387 966
1239 733
1122 674
774 262
456 984
653 20
2423 488
1446 989
1792 789
790 105
2668 525
2207 293
854 194
1871 480
324 23
2807 14
2230 636
1142 37
2611 655
754 87
545 517
1350 24
2745 108
1411 170
1493 910
313 607
2069 658
2019 413
2790 78
1097 148
261 412
2053 34
2214 895
334 171
2204 539
96 319
2221 591
915 969
2310 680
617 458
1495 470
1060 170
1920 773
958 895
1193 425
1419 599
1400 20
965 568
542 574
34 344
1626 226
1286 812
821 945
234 532
1359 647
1606 769
2197 464
2627 629
1469 814
2046 259
1950 899
757 771
2043 597
2698 312
652 696
1733 241
206 554
1066 358
1022 166
358 226
2659 200
641 401
619 242
197 17
1192 126
2959 605
1419 411
1113 187
702 443
1723 90
2445 196
148 987
993 137
47 115
2591 368
2697 369
2443 557
599 545
2758 903
1551 616
1840 544
1308 699
378 830
2728 706
2338 293
1771 735
1917 808
2060 637
1466 455
1633 915
2270 381
1956 47
2333 195
745 248
1247 789
2190 891
612 403
267 517
904 274
2880 23
2684 826
1795 87
2218 347
2684 306
949 223
2369 785
340 603
2163 153
1790 796
2901 280
1017 580
261 157
2328 451
1834 306
1488 922
1362 406
2052 273
1888 282
2571 997
1007 327
1023 182
2673 227
1383 496
2230 836
650 229
549 94
2833 218
1064 572
1102 877
1143 719
827 909
2890 122
368 178
221 684
504 149
1829 10
1063 255
1879 979
1038 240
856 580
312 735
1553 44
935 102
1299 509
2867 596
2761 497
1377 152
2485 142
2069 312
1852 527
1330 668
47 67
862 768
1493 907
400 683
641 279
413 795
2521 899
1941 438
448 610
1096 146
962 595
1330 479
821 307
2029 84
1559 538
1147 687
2997 47
930 919
2452 314
1533 29
2855 202
2647 859
2031 872
1208 824
2490 37
2322 371
453 860
47 615
2811 766
939 961
2015 758
576 376
2509 854
1137 250
2704 746
2903 585
759 358
2597 164
2368 908
301 246
734 649
2915 989
605 240
365 43
60 445
1468 654
1490 373
2271 856
2311 509
510 427
2689 234
1217 838
2781 366
792 488
1326 221
919 571
1191 192
612 510
2621 204
678 125
994 822
654 777
2232 558
2455 397
2890 83
1709 708
2401 482
1137 360
1652 710
2763 127
1064 74
983 161
2322 325
1203 152
1053 733
2889 187
340 718
1824 214
1827 905
1487 450
1071 648
578 717
2347 41
1060 440
748 648
2183 485
2675 677
600 980
641 918
299 614
1366 336
1119 942
913 300
2189 692
1225 408
2541 502
2585 267
2718 42
1268 246
1326 727
1918 556
294 195
653 758
2023 200
1162 526
228 104
2029 235
464 684
1924 106
1308 796
753 156
553 97
336 872
2546 560
2532 380
1435 739
528 444
116 310
2540 270
2859 278
1968 430
2727 904
2298 693
1352 200
1835 666
2198 646
533 419
1314 919
1262 790
2984 302
2814 170
2345 582
1239 492
421 688
2224 319
1365 445
276 610
1406 260
2997 955
2147 226
2839 523
2670 926
194 458
245 904
1589 160
136 467
974 327
2821 821
1442 239
2743 210
192 85
332 139
1071 972
253 613
607 531
1218 170
21 535
891 364
2069 869
1743 682
426 30
2732 15
539 839
36 708
547 753
2323 767
1072 626
2250 495
2992 459
1308 176
1923 217
2299 292
1165 598
2964 322
150 541
15 377
2312 256
1482 713
184 518
2955 689
2573 505
957 728
855 720
1916 357
2359 172
1327 465
540 986
2385 539
950 42
1889 849
1858 892
2845 378
1269 838
417 732
745 414
1797 673
2008 763
224 942
240 938
577 25
671 144
1963 345
151 127
1880 889
1293 559
2427 707
1783 744
44 359
636 571
1849 566
1138 108
2684 308
1359 846
335 169
1698 354
1464 187
1556 633
2968 341
2381 509
2285 923
364 681
2125 887
611 598
1761 810
1221 933
668 393
2691 110
1558 275
163 351
889 182
1509 158
2193 628
1280 315
1601 875
120 278
1036 223
2638 96
1175 739
255 815
2262 524
2659 743
116 777
2453 181
2963 798
1933 612
2024 143
2527 486
2987 864
2509 956
1533 552
756 888
402 938
566 111
2319 416
1191 842
941 371
2911 416
269 50
1611 45
1352 506
790 276
455 768
690 205
518 988
1042 660
119 963
2101 925
121 910
1687 764
381 159
1021 541
1661 581
598 820
235 324
993 623
2109 758
933 233
2840 319
1281 454
2050 450
2160 465
1464 570
2766 335
1030 763
2967 964
2895 120
2892 377
1359 250
174 427
1286 44
708 286
519 10
2907 11
2623 643
2493 342
2956 258
214 993
666 517
1955 246
1578 241
1998 1000
1446 286
2524 304
111 720
2978 197
553 494
2355 57
1025 333
509 551
80 562
427 938
1360 911
1444 369
1119 878
627 83
2749 716
200 984
17 559
2482 464
2735 279
1113 371
1817 529
1919 990
2326 662
304 738
362 336
2076 647
1788 353
233 741
1616 571
2074 161
1068 556
2338 68
1856 599
1696 486
219 190
69 227
2179 720
1827 772
1491 166
2943 222
40 200
1197 458
349 893
1852 524
1431 728
