4873 3976
1763 344
2147 661
1622 323
2433 195
2291 960
1894 117
2814 660
565 101
2880 459
2562 270
2522 205
1797 816
2605 118
112 766
2929 986
1015 74
2194 814
376 828
2022 612
1735 477
1543 451
1132 828
1297 591
2366 97
31 233
1110 939
2016 458
610 727
607 274
2821 669
150 994
1090 995
155 62
200 328
1228 452
1542 877
2709 83
1148 825
2691 993
2545 664
227 511
454 32
2981 66
2510 777
836 356
1459 879
1511 188
528 444
746 304
2458 79
2395 512
827 295
116 617
2100 362
2461 47
1034 520
1316 734
2401 635
1412 74
198 409
940 333
1293 888
3 298
602 100
352 489
2020 745
1735 576
122 180
2662 105
1687 767
730 180
856 957
1346 955
940 213
615 40
1065 874
2498 344
693 698
1970 682
2863 523
1924 124
2948 464
67 933
230 751
2133 961
1269 640
2807 543
2855 401
2375 957
2686 734
2623 505
1699 953
2090 601
948 355
2325 913
687 620
1676 494
2611 64
2835 520
1660 118
289 520
433 356
2198 47
193 347
626 930
642 449
1829 899
122 337
2439 858
2905 245
135 32
2736 759
2511 338
5 620
1020 638
2415 963
758 121
2161 587
1532 499
1224 330
2790 651
759 825
841 743
611 101
402 793
259 644
1993 751
2517 83
2851 370
953 599
1149 990
2068 407
1259 69
461 880
2233 242
2834 289
2635 601
2110 724
1881 598
277 747
1132 251
1295 767
2738 556
1172 100
2585 347
1951 525
2971 12
2213 331
2986 271
10 889
1728 911
1725 256
101 753
1766 390
1855 798
1989 257
254 409
2230 312
1800 262
2298 231
135 888
1353 613
230 231
1969 229
842 900
2115 383
1483 372
1256 721
2990 516
2697 787
268 585
905 556
2669 686
2308 179
1441 116
2161 815
2477 345
2546 27
1554 380
1667 456
229 480
2815 381
496 46
2785 278
2649 495
2136 480
1657 452
2951 365
310 824
793 929
2730 392
1502 762
1267 545
85 235
1372 842
1537 51
1541 218
1597 773
1091 787
636 460
1343 770
2463 696
1383 94
2208 707
1972 82
1130 153
2219 129
1754 909
1301 666
1567 278
2460 34
1959 876
1488 821
1197 427
495 947
481 285
1160 300
2868 430
2051 345
1789 496
1977 926
1743 584
1902 217
2753 842
918 996
2101 273
1976 445
425 658
929 467
2737 378
622 244
2993 949
2305 125
2671 803
2048 971
2908 39
1998 719
1957 35
1512 635
2161 616
1293 26
1688 157
2128 720
920 609
2698 290
1736 687
2257 506
528 990
1051 146
879 354
1043 294
639 985
1775 454
1935 971
2428 605
809 20
1159 934
1399 181
2353 143
1522 460
2129 245
1813 559
2408 87
1704 873
924 590
617 252
298 802
1165 776
2929 238
1037 980
958 235
2925 931
29 802
1359 399
114 336
2718 525
2726 974
987 535
2543 496
1599 540
1124 67
2379 684
2932 374
2136 366
1967 428
906 597
624 59
2499 230
2070 664
2020 890
70 930
2462 793
1396 494
1813 392
2503 885
863 418
2765 645
676 364
778 401
1676 901
824 881
630 132
525 904
1592 929
497 434
1368 507
2669 461
2484 100
1795 492
1726 38
833 398
180 536
469 211
1332 967
603 846
2121 88
168 331
2601 51
1264 437
1322 381
1737 703
767 87
1624 884
436 712
2360 410
242 519
1053 415
1511 977
1611 793
233 862
2043 613
1944 312
736 647
1968 861
1434 107
1937 119
167 722
1805 243
2114 366
1198 74
2046 921
339 936
1789 244
1944 930
78 400
2887 548
1685 248
2875 647
1664 769
1608 356
439 597
1157 607
1629 878
2855 374
1235 454
2900 586
832 939
1370 293
2060 553
1674 530
809 779
2585 908
263 516
2889 911
2290 287
340 892
1617 896
1342 667
772 539
695 608
2421 124
514 676
289 909
2900 312
2 97
134 825
1226 876
368 494
2377 474
513 303
104 942
536 500
393 481
12 450
2425 59
665 470
228 288
2351 394
1528 560
1713 642
856 817
1010 847
1144 755
2976 270
5 217
1879 744
2060 22
2089 993
2010 302
311 179
2233 693
180 64
337 739
902 611
376 436
1696 729
1384 281
2133 285
582 910
139 280
2540 1000
104 361
1763 419
2555 343
209 726
1898 71
1826 864
1873 304
2735 212
64 26
743 828
2493 829
1635 435
329 768
1242 959
161 155
2094 543
669 693
2101 136
479 132
2440 851
94 205
1009 393
919 95
1 959
382 41
1956 332
2641 259
1492 230
1707 849
2660 906
2259 469
1216 513
2061 541
2837 885
2423 144
2095 251
892 537
2215 450
1415 458
1108 635
497 933
192 227
1830 266
1730 554
1677 756
1557 743
1201 97
2442 868
2520 656
2268 619
1235 649
581 526
880 51
1156 888
2908 519
1580 910
2405 638
1461 22
1071 539
146 209
2582 451
1917 136
2508 597
419 53
936 716
2892 701
983 919
2431 483
2216 587
2225 416
2221 629
2742 288
308 398
2077 177
263 83
500 357
789 691
971 544
1260 129
2615 260
977 94
2073 64
2615 544
1391 410
998 906
2256 184
1478 789
2887 277
91 676
2397 421
2016 227
1108 371
1723 618
881 933
1876 847
2231 821
2839 724
1418 256
2122 792
2329 205
2378 928
2490 222
2307 657
2173 137
1094 367
1909 938
2814 182
183 679
2657 429
887 352
245 350
2497 549
2136 554
2627 631
1593 154
1508 19
2592 331
2829 831
2139 435
1869 18
128 690
1006 870
1171 972
2001 396
2268 993
145 900
841 688
845 256
1771 67
290 198
1396 816
2898 366
897 439
2027 943
2712 38
42 205
662 605
2147 407
1756 809
1432 21
1193 928
617 719
2584 538
464 353
28 773
2103 973
1649 627
1920 378
713 482
956 333
2623 19
2625 897
1785 897
1146 299
326 72
2963 223
549 715
1633 906
2079 821
497 977
789 572
2516 550
2525 131
2790 460
1036 21
2333 174
2842 136
1484 468
1090 662
1554 468
210 554
1188 924
1504 949
659 659
2425 286
2550 528
278 426
574 130
2046 159
1213 611
2396 442
2414 48
1529 162
1684 834
647 160
1727 989
1648 317
1035 502
2969 213
1285 940
2359 687
2465 938
442 925
1343 760
2269 357
2631 933
729 875
1148 743
2546 810
830 998
1177 770
1315 828
2794 40
414 239
372 196
1105 582
114 678
1879 970
464 89
1552 324
2739 771
77 438
1379 363
947 847
1622 459
1284 396
2748 388
2669 700
1655 686
332 172
1839 815
2084 801
2675 52
931 470
2656 171
2909 372
2346 717
666 762
1878 168
2525 464
1854 173
2490 749
994 398
2766 773
2906 415
1634 947
2141 75
2695 488
336 253
2974 193
2417 525
1253 525
718 371
680 487
1971 473
1598 70
1246 369
570 348
2301 726
981 187
2157 828
2839 605
152 784
2562 949
241 607
2656 938
2271 944
2668 659
1327 744
1360 957
2720 115
838 57
940 178
2146 226
1878 185
1176 130
1739 739
1736 311
645 741
12 960
1020 993
2654 28
1316 97
636 654
1839 941
1097 257
1079 507
2982 994
911 628
2206 300
146 404
2754 480
2440 615
1555 911
516 561
2767 938
1044 815
1539 710
942 832
746 162
2850 550
1491 445
875 512
268 138
2922 114
551 858
1358 184
2959 668
2939 885
1242 333
807 295
647 700
1957 267
1950 117
1766 912
1649 950
1301 777
2425 797
450 15
647 411
2320 898
668 498
930 454
82 87
2847 136
97 167
20 305
1884 298
1250 879
754 637
236 485
610 211
1181 933
703 424
1438 479
2907 547
2033 618
2907 724
2480 556
129 559
1739 997
2306 231
85 878
3000 82
1806 51
1358 938
275 297
1682 36
1223 841
1934 409
2062 431
126 264
2339 302
1803 283
2509 495
2581 386
2367 244
1029 551
1874 175
1709 246
1927 14
1794 357
20 509
2394 169
1868 767
2959 538
1681 495
949 107
1041 979
839 387
2018 756
2861 67
728 429
1041 319
277 323
795 336
2099 316
879 199
1998 829
2972 797
1666 696
617 620
1160 420
1556 876
1257 183
1782 687
2318 172
924 382
2027 261
983 834
623 893
1601 193
489 250
1123 619
1552 219
3000 645
1283 467
2420 324
2252 202
2194 780
378 448
1677 417
1253 276
66 60
818 598
85 283
1660 926
44 746
362 392
902 310
2304 14
457 999
1883 953
1852 606
2759 219
2738 579
417 605
2578 564
2198 762
1459 771
582 126
2594 870
2342 739
1373 108
2077 807
1467 339
238 164
658 473
1704 179
1774 435
1058 234
2516 656
1104 848
491 362
1142 737
281 272
1402 714
317 481
903 15
2742 112
1748 211
1800 183
1934 979
2702 164
1778 21
572 808
2013 825
1051 675
438 728
2877 957
700 609
2104 739
1986 779
506 534
2533 518
2680 612
1335 37
525 338
2967 355
1815 494
421 851
2675 914
2751 489
1202 987
2108 771
1211 837
1307 998
1390 125
1231 374
2877 115
1511 369
395 962
288 177
2337 331
1804 448
305 463
327 538
2451 524
668 325
1281 89
1829 905
1968 805
1233 749
500 822
2759 739
1708 833
2096 388
1915 422
410 403
913 636
1512 620
2679 743
1676 692
217 259
453 728
1559 313
693 999
2404 230
109 335
2851 66
1863 864
1748 326
2021 926
2862 773
2194 370
1247 387
1771 99
2497 35
2739 246
1494 189
2231 908
2119 369
2901 107
2429 970
1565 346
2465 36
1120 801
108 136
1739 583
2781 209
462 779
192 949
2024 502
1421 188
672 882
376 260
2323 687
2808 271
1058 35
763 569
2229 981
1200 866
351 242
1916 522
853 552
2216 624
639 947
39 572
1406 523
2002 823
651 289
770 962
1224 857
1237 889
814 361
1527 183
1654 376
2930 460
1561 689
2524 135
464 767
119 449
2623 314
791 621
2124 67
1246 190
1051 312
1973 113
341 319
2910 995
2111 472
1636 952
1503 722
2032 672
157 951
664 858
2211 439
1243 684
1825 412
1548 643
994 943
646 974
2003 313
2584 400
784 512
1884 304
2430 591
768 392
2865 617
666 298
1643 415
1556 149
2479 285
1911 485
1845 871
2160 627
100 634
1854 177
1780 890
1599 225
309 747
2972 112
2561 375
1501 745
1877 447
1480 872
1074 813
1236 469
503 87
1755 262
870 772
559 996
2705 210
322 875
1382 366
1568 992
198 563
977 422
123 33
329 487
2798 646
2495 665
482 188
2676 790
2553 288
570 136
2293 936
508 281
1524 193
2206 760
1054 339
420 638
801 853
2563 216
912 639
2217 705
2183 24
1994 522
380 654
252 329
1169 382
727 836
1435 204
1890 457
2812 569
2024 715
1898 22
1512 115
925 863
2939 217
786 267
1560 158
2480 894
2093 241
786 727
578 837
2426 655
2266 490
917 970
443 38
1296 94
820 299
2387 461
1580 942
2492 157
400 359
1392 446
2561 215
95 349
1921 296
1629 486
2077 339
1217 289
99 379
2547 419
1269 475
2489 463
1820 131
546 279
223 883
2711 816
1323 147
835 25
297 594
1412 411
1437 254
1741 768
702 221
167 562
694 968
685 888
2228 528
2086 383
108 865
373 468
28 920
697 425
1066 865
129 569
2386 466
2316 623
960 56
308 227
2055 833
832 48
95 225
1238 879
188 474
1114 186
2737 405
317 433
493 443
1713 457
804 893
2624 724
1582 962
1427 143
2780 286
1981 217
2459 593
550 890
2472 763
1860 507
836 869
226 303
1493 354
1477 669
1103 562
1095 503
1178 960
311 249
1208 937
762 328
1775 557
2738 142
2397 951
875 481
1734 58
2523 36
1537 741
1653 231
2088 279
2934 706
1805 713
150 235
546 862
381 32
1371 426
1508 185
320 916
544 824
1813 11
254 933
823 338
2328 700
977 311
516 809
2214 300
2904 445
387 738
964 714
2580 718
1062 377
2751 965
1875 584
2678 370
650 634
817 530
2982 664
2130 907
157 499
2886 525
1471 993
495 329
2101 163
2386 570
1523 26
550 558
1078 138
2539 586
1220 161
1314 242
277 330
2542 791
1811 659
567 605
2779 41
2554 997
2066 215
1738 503
2335 589
819 194
2680 116
1857 671
973 674
1300 343
442 80
2107 848
2306 198
245 546
2303 477
2812 648
479 628
1048 856
2058 898
1960 277
147 832
533 635
851 147
2620 439
1563 92
2124 698
108 665
2133 461
938 98
1894 25
2785 705
2673 701
2839 479
690 245
895 697
133 16
868 180
475 842
2093 273
278 581
2641 44
2330 786
1024 671
232 652
314 984
1894 748
2475 49
2066 955
985 956
2306 478
1003 288
1309 794
2186 35
1105 226
1216 109
879 529
1219 506
1542 479
2992 185
1562 188
365 54
215 109
1650 481
2250 530
609 89
1025 274
1805 804
312 443
742 732
2198 550
576 737
767 101
2815 502
1458 104
2971 54
598 886
654 879
2275 163
1668 840
2178 185
734 932
363 629
2321 148
2209 111
2887 668
2769 788
2423 880
696 78
1727 113
36 518
2629 255
2426 874
2655 342
2967 720
2340 449
1643 300
613 665
1432 37
2046 989
304 260
2935 646
2319 393
1293 133
1082 371
939 623
2926 347
1288 754
2647 919
1428 327
1767 722
2744 984
1437 894
2817 507
162 271
2602 923
868 493
2593 105
1444 965
1137 840
2835 449
1305 167
1220 756
477 782
1797 677
1323 139
494 682
1494 970
2432 493
1496 249
791 821
162 492
1744 832
2508 114
1086 329
417 602
1947 935
84 158
898 700
2690 300
36 467
989 900
1098 268
2318 296
1910 295
1859 922
2449 366
1532 346
2792 637
1369 870
2749 609
2784 423
2417 309
40 507
1790 987
1001 398
536 996
2028 444
355 929
532 79
966 588
1798 72
1671 74
2477 954
448 50
322 162
2131 658
2166 486
1599 929
1615 301
952 777
912 623
2947 687
1880 897
1048 236
2123 831
858 662
723 684
2941 975
1796 313
893 306
1925 43
1851 415
2441 443
2286 630
616 622
1582 454
2499 525
647 148
494 54
2026 843
169 484
2719 622
1645 804
177 655
2134 467
316 879
351 76
1945 888
2403 241
1010 251
1223 149
954 15
1380 276
1201 119
1673 769
2584 449
546 835
2976 121
715 928
1271 322
2469 260
86 813
2120 119
2290 203
1036 350
2527 66
2967 811
2844 365
2333 84
91 191
2069 82
411 484
1331 167
1787 61
1438 354
2791 14
695 933
779 405
322 189
792 750
1849 781
797 524
1232 414
46 856
782 704
330 675
730 413
1173 744
532 903
1009 708
2875 217
482 288
568 348
1101 842
2149 712
773 962
2520 344
2396 437
561 858
1377 84
401 339
3 965
2655 171
1201 381
1821 198
1764 225
2776 296
235 577
2051 555
2587 134
900 249
628 753
373 610
2788 377
243 819
2551 871
960 667
2006 694
74 761
306 583
1702 338
109 502
1182 789
496 187
2508 952
2352 304
2069 64
971 527
374 11
30 375
1299 835
1520 38
2654 302
2845 965
2268 366
1998 388
2873 556
1918 609
132 951
86 687
1903 189
2944 11
1035 667
2628 57
1979 299
1355 783
626 458
2869 139
1367 910
376 80
1664 608
996 170
2309 845
282 685
2643 818
1852 162
1685 926
1246 335
828 577
1060 306
1825 387
1649 182
1063 609
1012 169
1403 253
695 249
1064 565
212 735
2523 881
1468 963
170 698
2502 406
1295 142
122 972
505 599
2620 293
753 637
733 974
1878 995
1258 93
1314 898
1105 866
460 76
2371 891
2507 972
1944 974
996 106
1912 308
2648 92
2765 964
758 889
2369 488
915 676
745 663
1894 725
1614 141
1130 705
117 100
546 301
2317 528
179 496
1297 469
1928 950
204 200
2766 178
2025 273
2389 120
347 194
1606 172
1070 703
1440 444
458 635
952 528
1600 481
1874 148
2359 508
1539 519
1103 296
876 528
1956 234
583 351
1660 965
314 246
2040 676
492 342
671 642
505 736
2435 665
488 185
396 643
1402 718
1188 124
1614 980
1848 523
1073 799
179 77
425 40
1359 874
564 554
348 45
818 793
1043 146
1006 925
1999 243
2562 886
427 70
1951 801
2570 609
1918 82
1335 910
824 808
2922 11
482 332
799 980
2261 324
1375 441
957 980
1851 774
2789 303
1516 963
1358 237
1792 555
1523 150
2710 931
31 686
2316 615
1717 266
2078 830
345 448
482 178
2023 825
1298 521
2505 194
1167 681
2085 719
1820 621
2803 724
2720 119
2855 884
1754 932
2981 265
921 577
1387 176
539 843
2129 562
1368 286
2156 889
1448 59
2776 241
2400 482
252 961
2213 685
2998 18
2944 848
2856 18
1533 62
1713 886
671 143
1863 596
66 927
1003 775
2932 214
2721 91
435 748
2240 807
2339 108
579 975
2783 843
1984 454
2363 189
927 563
1690 877
1939 330
1670 975
2137 67
1799 828
1657 165
2857 569
2978 407
2202 305
679 615
847 345
2750 992
115 986
2071 128
2665 397
2117 609
2460 346
2450 838
2097 622
60 895
2324 648
1276 883
2513 412
2839 412
1981 449
1802 77
2702 945
377 305
2163 165
354 54
767 186
2505 546
2348 631
1434 857
2865 447
2781 903
2541 165
740 475
1926 410
1617 149
539 783
685 651
1850 45
2998 169
1651 595
2732 897
2688 620
1643 490
2521 66
687 485
1168 926
2712 777
1047 713
1708 993
2905 809
1344 412
939 159
2044 610
1027 562
490 809
2917 791
2014 546
1139 657
881 496
26 48
225 760
2054 314
2404 947
92 10
2675 425
289 263
759 140
1727 938
1675 236
107 891
181 209
1554 838
2413 285
1265 388
549 284
575 833
390 772
358 815
1565 476
575 706
1347 213
2326 382
2782 978
1198 890
1335 655
2520 502
833 992
1316 397
1270 426
844 260
2754 728
2387 536
1381 327
1359 50
96 265
1880 849
2667 756
1808 80
1082 461
2736 576
505 49
877 864
99 979
2027 234
1501 957
1585 688
2497 957
896 671
1400 941
1403 688
921 456
852 119
937 242
2478 673
2491 465
2591 654
227 632
1037 431
335 871
1361 606
652 365
209 705
1036 762
2665 1000
2165 338
2323 596
72 844
1221 991
412 572
330 468
2600 288
940 115
496 651
2245 54
2913 688
1683 772
499 767
2699 623
2723 191
2401 521
1235 631
2228 524
533 70
1713 218
559 402
1773 496
2089 420
276 375
283 537
1869 929
1457 922
1175 549
2782 772
738 403
2253 566
982 896
2003 291
2184 865
1826 364
796 41
2626 959
1189 959
123 61
773 964
1979 73
1478 133
1941 103
2789 682
1606 527
2253 751
624 228
2302 55
1129 253
738 223
2425 811
2277 217
2229 228
628 48
2794 913
2438 562
2500 152
1871 605
1891 854
2901 968
496 603
1801 208
1502 780
2711 381
2570 116
2530 209
1585 702
1451 27
2880 349
8 595
1898 252
2106 174
992 910
1098 407
1588 123
1221 665
2851 303
2645 77
104 688
104 954
2632 979
1341 201
1149 826
2912 435
2784 466
1234 272
2408 426
2837 935
1450 493
2469 764
1297 195
313 883
1846 955
1375 310
1506 146
2743 813
2504 986
1224 776
1690 493
580 383
2631 232
551 947
1770 463
2089 807
1809 382
1493 913
1882 596
695 75
963 436
618 127
996 224
32 17
1873 742
1938 839
1177 338
971 291
2330 31
55 151
10 78
1542 84
349 315
1774 376
1490 306
1359 837
916 358
2298 850
2733 780
1569 374
2476 404
2609 12
1238 789
2414 620
1466 340
1119 312
2900 684
1843 195
1534 508
1280 290
1887 593
1475 149
176 204
1548 64
2066 166
2327 590
1934 121
1632 590
2899 978
1786 837
1109 803
1852 463
1004 987
2153 461
2542 809
1263 513
2052 821
2074 453
2336 640
1253 153
1995 87
2658 762
1494 599
188 981
2324 1000
1355 275
1972 938
2235 118
1603 434
850 598
2978 356
1491 788
2928 866
1584 692
2101 833
1152 787
2934 34
48 410
2517 169
1876 162
2585 777
1401 45
246 903
1547 407
2980 61
2447 700
2217 919
1662 415
1768 665
1719 623
1058 680
185 137
88 181
1695 622
2460 260
2265 964
1476 896
676 970
519 589
757 159
1626 289
1811 416
564 31
2473 137
2794 833
160 981
2916 763
927 972
2659 614
1634 293
2263 568
1422 740
562 246
905 104
1324 196
855 371
2234 91
687 238
184 481
2574 824
704 931
2414 763
1966 451
2481 678
1263 471
1820 225
2840 938
621 401
1715 89
2268 76
2006 792
1510 154
462 571
79 180
1392 282
577 594
2553 663
197 798
897 434
2784 115
824 312
1188 48
7 781
861 208
1546 114
2512 844
1049 106
1570 949
116 770
658 759
2589 483
2905 571
1248 791
2189 487
675 163
1052 195
1494 206
1090 536
2390 756
941 443
1316 804
671 448
815 398
337 254
719 11
1145 273
148 179
961 166
766 113
335 416
1904 196
2352 852
1874 570
1697 124
2513 165
2539 445
831 459
2389 575
1592 546
1453 550
1215 437
2065 412
1407 530
2463 511
953 507
987 120
2023 597
45 39
1370 101
187 579
1178 864
2800 309
1813 539
1148 251
1456 622
391 314
736 669
786 360
551 627
574 918
2545 733
1782 841
2645 908
1713 656
502 459
2356 781
864 349
483 641
1035 154
2292 669
519 133
2444 250
209 821
1358 26
2167 237
665 593
1092 88
295 93
768 992
2189 202
1425 32
2924 284
1677 849
2203 740
517 271
1051 549
1882 985
1929 280
1521 955
2650 862
1069 248
332 891
2720 223
1240 578
604 712
2735 274
2216 668
71 493
1981 267
2167 947
2197 528
238 849
1659 59
53 608
1992 762
2709 660
549 893
1132 896
1673 744
2747 249
1254 15
1908 539
1902 734
2945 418
890 297
1598 271
2231 481
1063 956
1919 312
30 469
926 327
494 96
2506 434
2345 563
535 538
1837 270
962 946
2375 280
2521 362
2415 386
2372 501
2328 342
247 735
2366 424
37 96
144 232
1730 660
2810 751
2759 879
1803 572
2880 492
526 859
2820 71
1443 812
1526 83
2975 65
1687 72
678 368
2723 33
139 925
2151 268
1493 932
2612 773
2896 534
2456 590
2396 399
165 558
976 319
155 367
797 516
2766 698
699 192
1148 989
797 275
2416 286
796 908
2034 913
2239 229
271 309
704 910
2114 420
1813 122
1476 465
1449 717
1741 359
2852 124
2799 961
518 39
357 862
1687 640
194 617
98 961
2819 686
501 172
2976 38
1395 501
579 687
727 642
2039 953
1542 811
473 541
694 48
1427 504
1012 933
2156 213
1453 178
933 931
1386 49
554 818
404 603
102 460
125 455
1451 61
890 264
1622 235
2111 606
153 872
372 75
1045 928
2976 160
693 667
1543 873
240 500
468 399
2870 435
21 367
2905 153
2454 172
1 827
1993 992
2954 618
1137 466
98 739
1131 83
714 367
2128 234
2011 311
168 582
2282 595
2815 942
2974 612
197 34
819 752
1297 821
2747 672
1883 603
1632 612
422 711
1695 380
2046 872
750 78
724 575
1653 859
1572 827
2366 397
34 54
174 432
811 105
2361 95
1415 729
2655 622
2156 678
1395 567
372 730
2242 765
516 265
2093 967
961 388
402 160
883 475
499 26
222 463
1241 995
1515 82
183 688
2089 284
969 499
182 571
1423 26
186 496
1015 512
2093 431
1714 335
2409 223
2951 310
2451 759
352 620
531 870
1878 922
1685 465
1726 755
201 196
1448 992
810 961
2605 254
2649 769
169 417
1573 616
953 246
110 869
156 876
1898 593
953 849
1141 349
1097 601
909 258
1349 603
2814 949
2367 449
515 287
477 532
483 405
2717 120
798 457
1257 495
1713 932
2916 41
2984 243
1481 851
2928 626
1389 852
681 184
1543 78
1243 565
142 904
232 247
1008 624
1230 384
2916 103
2691 713
2493 631
2184 702
2667 879
240 632
33 984
1928 676
926 353
2559 600
1519 404
106 438
2199 863
1764 655
1487 421
1854 187
1747 644
311 72
2285 915
2109 210
1441 371
1606 403
1130 170
202 718
2966 512
2768 60
1130 464
1677 956
2734 546
1422 708
1175 526
38 933
949 576
2578 729
1619 341
1079 692
1120 367
2723 217
2156 790
1970 336
2030 500
651 142
2059 284
2814 816
2626 316
909 232
2108 474
500 708
694 413
2758 719
2491 190
2582 588
775 744
1273 743
536 526
1814 896
2360 738
1320 571
675 58
114 816
2057 28
721 993
663 77
1432 859
1150 582
796 298
2352 891
1612 95
75 668
1143 736
1566 809
531 530
453 586
508 669
546 962
153 661
2461 465
2783 862
2179 509
2520 569
1481 96
2187 282
1578 427
1957 283
1712 455
507 57
2055 73
1152 849
756 246
1062 978
486 188
2799 123
2590 301
2301 182
2802 170
1401 653
1559 685
2132 995
1339 537
2483 327
2313 887
209 931
2396 369
512 329
283 236
1150 650
1200 529
370 474
2461 709
1165 996
2618 764
1328 702
2538 937
2063 951
1222 169
1353 744
923 514
2225 897
573 622
2538 609
423 676
1177 536
523 587
1428 491
2683 574
1435 618
716 990
1030 274
1244 951
2463 338
1707 81
612 192
513 811
2948 770
1894 521
239 400
1154 196
2685 547
1172 830
2710 290
1231 397
2795 672
906 495
773 500
9 902
979 52
2680 588
2066 45
777 807
515 550
1591 430
2405 796
1186 234
1748 475
828 612
757 365
2715 875
1110 918
600 866
515 583
1834 849
2234 768
1797 83
1217 796
732 327
2374 687
2650 152
660 20
2924 790
973 326
1603 231
369 882
2762 982
2244 746
2259 657
2595 635
2984 542
1271 638
1375 535
1927 879
2234 512
2840 206
979 304
2116 836
1359 166
714 680
1241 442
2005 144
1504 328
261 536
1059 128
1984 703
905 955
1319 471
1885 347
502 752
2889 987
1216 566
2313 520
2783 975
2866 49
1541 888
367 489
2846 440
2191 87
1032 728
1783 603
117 452
2253 735
1217 472
2574 27
2619 364
654 133
2772 959
586 918
1434 788
2111 955
1937 634
1809 955
988 533
1629 879
965 420
345 665
1916 703
890 469
1340 236
407 910
635 794
927 125
88 477
2951 299
2395 789
1637 186
228 672
2721 77
1792 78
1477 406
2488 415
748 349
624 31
2167 23
443 981
1269 264
2541 45
448 137
1538 43
1078 914
1943 646
325 514
2480 446
2437 376
738 180
373 204
2261 517
6 386
1409 217
2065 284
1774 555
114 821
1793 125
1490 163
2560 355
1819 803
397 801
2600 203
2447 180
100 737
2244 386
2936 94
2694 53
1465 311
2580 687
1933 653
1510 406
2009 645
2595 632
87 960
2749 429
1804 103
265 538
2813 643
1337 878
1392 459
958 904
1970 538
2916 885
393 430
414 448
2515 862
1441 919
724 229
810 119
1937 41
2341 540
2987 750
2554 400
1108 294
1494 846
950 47
1008 600
1889 397
2145 975
1257 292
82 362
1113 311
2752 113
227 593
1781 272
2174 643
1450 289
181 10
2069 657
753 921
2097 841
1120 99
625 779
2714 484
1342 529
182 665
1377 394
2099 60
95 310
2358 757
414 188
2328 868
689 820
1600 853
1520 91
1554 92
2701 321
943 608
2055 665
1222 242
1453 40
407 601
2059 935
70 348
1244 372
2738 374
359 917
1619 294
1897 687
1441 308
990 355
2897 599
908 600
1609 488
1359 809
359 901
1765 132
1651 458
1377 630
1592 249
1695 713
518 875
1875 914
1575 395
2408 109
2940 114
1453 278
2914 790
1786 365
837 779
1908 86
433 18
196 433
1 997
2252 910
1878 20
1203 593
1254 334
600 774
2450 597
1850 257
1923 38
19 290
880 573
294 212
1994 291
1088 341
586 440
2032 593
831 504
1786 18
1650 441
1410 509
2962 161
2607 252
1446 796
2735 666
2603 265
2551 377
2322 343
1338 878
1819 893
2370 924
2856 454
1149 586
1542 260
2370 907
2252 548
1052 161
1871 139
1330 861
2876 638
680 974
2153 850
1083 769
1974 536
537 497
1794 171
1835 606
358 388
347 349
2786 439
929 584
288 861
1787 501
259 783
2606 504
382 975
928 570
2494 789
1262 928
2916 67
2274 877
2687 692
2505 159
2279 606
2152 134
1490 673
2032 62
1493 490
1420 759
1362 917
2230 941
1176 592
591 288
96 354
1835 557
1504 764
246 529
1574 681
1704 271
2263 388
1631 749
507 717
2931 585
1641 838
2872 48
1943 959
1558 630
575 861
118 878
27 816
1452 997
1015 391
2712 845
2775 238
531 335
674 980
812 868
1372 325
2666 187
2167 701
989 46
368 36
615 576
405 832
89 797
1633 615
1465 643
2384 578
2747 564
612 907
2134 898
1572 548
2393 725
950 997
844 728
1526 657
632 846
556 637
2591 302
2195 390
2211 583
2364 237
1970 327
1822 229
216 471
2192 213
1531 935
1985 910
395 83
1627 347
12 116
579 857
1632 178
893 816
2050 56
1128 334
1016 230
2548 793
2020 258
1196 437
1099 530
2461 408
2704 946
1161 821
675 638
1798 15
1740 176
2619 719
2461 839
1448 610
2607 364
342 867
1995 561
1420 595
1344 666
748 802
1716 871
2395 308
1643 269
899 474
71 659
621 642
182 200
2670 956
746 765
1323 422
1115 704
2951 636
2755 694
2724 386
1440 573
790 461
13 282
2772 969
481 932
2296 833
1737 544
1784 134
2067 723
1079 680
2130 891
2129 812
800 69
2329 151
1381 552
461 945
1776 186
2115 858
309 939
2467 789
734 746
1549 761
2781 708
1779 227
2066 846
1440 533
2220 520
378 610
172 733
1852 845
2689 137
1776 742
728 372
2198 758
2688 352
1082 653
1668 652
1609 488
2139 169
425 462
2540 545
1337 543
1094 262
1929 699
1616 796
2112 664
619 928
1399 539
2535 614
1698 914
1890 558
2757 626
82 505
2998 788
2499 998
1591 35
1775 688
868 542
187 614
2557 418
1471 600
2725 607
666 60
770 609
2935 607
2705 758
1099 483
1079 943
1824 355
2165 527
1114 531
335 843
1074 241
1685 500
270 553
1123 973
506 851
712 308
1915 962
1491 50
2345 976
530 737
2202 623
586 66
1890 427
2315 974
1629 325
1501 119
44 942
2116 948
2341 69
515 752
56 138
268 844
2971 127
2208 67
1523 464
2606 193
2910 184
1944 863
6 81
811 842
903 123
973 926
2293 292
2368 741
1373 351
1531 218
2551 737
1533 311
2214 917
2321 75
162 336
2401 107
1859 913
1738 165
1768 795
1125 82
77 658
22 542
1661 70
2468 362
2411 91
1687 604
2626 834
1323 70
255 155
2983 988
1183 601
1153 922
1073 72
246 214
456 564
1942 277
1447 735
402 215
2661 408
1568 613
1977 688
2066 555
138 809
475 628
774 409
2212 203
2421 493
1197 452
2803 540
2452 852
2419 75
1649 580
1419 400
736 774
2863 751
637 447
1400 277
2134 90
1073 515
1075 609
2974 305
1630 546
1019 605
1897 416
2789 425
443 270
2985 800
157 186
2373 98
2394 235
2243 452
790 383
1331 51
630 855
2675 659
1960 58
2353 711
859 274
1637 696
2972 278
330 911
1347 42
2056 431
761 375
2746 689
106 392
2890 960
2632 351
1802 318
793 742
1930 607
2741 563
2862 581
2280 568
1912 479
656 481
1044 720
1671 355
1381 496
2950 128
2535 195
1254 720
721 196
2838 424
1527 906
1623 939
1837 788
1118 865
1107 395
1552 794
2552 718
764 198
2526 481
1554 329
2363 757
2606 258
772 588
1937 653
2476 831
2590 957
1526 370
2589 724
209 94
2872 394
1952 476
2241 878
1054 500
1839 82
1621 77
2608 214
592 817
1709 729
1778 124
2038 447
867 581
452 128
2806 386
2222 279
1912 672
1520 700
603 344
1786 608
2227 238
1447 864
1728 776
715 195
1045 453
2185 327
2446 667
1011 362
2583 95
1337 680
541 244
305 857
2879 655
1380 594
336 206
2428 955
2281 147
903 90
212 30
2380 296
1890 40
2239 976
2509 179
223 689
1650 353
1305 122
2147 414
1515 212
2214 779
2495 925
721 254
2024 125
1220 544
1474 396
448 787
1966 251
2402 230
1892 922
4 362
809 474
297 892
2919 318
264 256
2013 255
2546 975
1221 359
2740 75
415 477
2106 471
2474 508
1880 819
811 604
425 224
549 219
1302 612
1844 752
2306 455
2831 304
886 340
1929 525
2623 644
1813 952
2596 213
1215 506
1770 428
1298 122
2182 320
1140 825
272 269
592 777
1110 158
640 421
1515 106
2900 757
514 401
85 724
1300 659
1682 391
209 529
1331 856
2390 492
389 229
1921 26
1013 99
809 27
1323 834
448 581
1741 148
1670 566
1957 608
2716 220
2225 594
1359 312
1035 267
2849 455
240 66
2649 888
895 409
1636 886
1082 719
894 577
714 304
2030 653
2922 749
2420 550
1410 938
2351 837
989 694
2729 169
293 922
2591 56
900 514
2877 599
936 363
2102 295
518 436
2961 357
1898 124
1677 247
2005 75
332 186
216 820
192 973
2666 581
760 774
211 254
1511 383
386 484
2277 846
2414 66
493 46
2494 801
2620 191
324 359
745 357
981 55
1502 30
154 378
2919 742
2333 224
1955 399
57 982
2665 871
773 119
2744 55
1822 309
2844 383
1213 560
2401 25
1368 647
2617 496
1670 909
34 174
2511 785
110 815
1814 308
1947 526
2742 697
1644 114
2310 736
1711 218
245 226
2245 177
1387 75
2793 600
1965 192
780 228
62 983
2135 680
1047 34
2906 310
785 42
1927 222
186 255
483 49
2203 985
663 442
263 590
1379 829
951 900
289 271
2484 532
470 733
2672 227
1863 987
2105 460
1385 15
505 433
2945 847
1242 115
45 172
1827 628
806 895
234 456
2173 285
2899 126
48 638
2052 881
1767 858
468 336
1336 794
1543 774
2909 353
1763 310
914 380
2771 468
2220 937
2231 399
1526 800
2560 132
2436 863
2494 182
50 86
1582 988
2201 936
2969 264
2302 163
2239 58
893 871
1780 373
1055 179
2474 970
232 777
1579 581
1107 448
2983 957
2506 934
1393 846
2822 426
1193 318
167 63
1352 847
2722 663
7 654
2739 264
2538 103
1890 582
1444 917
1570 980
1420 232
619 106
2030 12
1587 124
1639 405
1420 915
526 51
2562 405
309 194
742 91
2981 84
338 24
2163 797
1719 917
844 55
257 822
447 738
2489 902
273 78
1273 221
294 295
294 401
1443 973
2391 617
881 133
845 994
222 107
1066 944
2400 262
2083 137
1586 729
1271 561
1119 89
2188 103
2337 986
1079 845
84 142
2039 303
547 514
2160 217
461 994
1207 615
996 316
1038 468
80 169
1699 911
86 262
2110 761
1058 229
2024 458
783 659
1872 809
2110 390
114 832
855 49
243 444
2902 105
1098 179
146 624
1028 557
1598 268
2881 219
1380 786
365 175
1314 96
2936 420
431 803
2957 416
1459 628
1338 955
1795 991
2937 411
2649 360
1359 864
1214 88
2574 100
2041 672
1173 292
2035 361
1566 336
2597 476
295 52
284 151
855 342
221 708
914 374
1150 936
2709 672
1521 482
401 220
1480 180
2568 151
937 154
1820 514
313 555
2120 224
1537 157
2403 146
2582 728
2923 715
229 624
732 913
179 640
2388 716
1046 640
2945 123
2995 279
2824 450
1456 122
788 689
994 129
433 103
1229 47
1792 65
2384 703
1600 181
188 365
1070 223
1865 997
1589 643
2023 467
2038 941
2425 546
2810 126
2806 527
687 946
1622 814
1821 512
9 28
1462 133
820 896
1750 630
770 645
1348 677
442 93
2408 674
2636 423
2487 577
1051 208
1132 418
1400 123
607 333
162 391
1147 233
2256 919
1642 212
1201 865
2134 349
410 416
627 839
2366 373
2607 860
1490 248
499 55
642 990
1443 12
2030 275
1602 636
2616 267
1230 527
16 770
2264 478
1931 331
2592 986
317 902
1044 275
2553 495
1647 929
1231 326
1872 851
2161 886
1266 370
2452 886
2810 171
2292 382
2043 268
2372 710
796 943
1216 719
1811 579
2807 731
82 468
2306 689
1979 231
693 183
2994 553
437 848
2858 929
1631 856
1112 819
1808 342
1178 966
2332 39
1110 832
2543 73
2884 534
938 926
930 102
151 648
737 366
1300 594
1391 410
1975 175
2376 403
1078 19
2161 794
1021 289
1141 972
1843 707
1003 165
959 525
2057 698
668 937
2328 888
2158 10
1838 782
2313 266
2932 887
1635 139
1612 986
2800 709
894 687
2535 126
2886 788
1590 230
1864 968
306 93
2310 960
2373 221
1951 539
2476 157
1054 276
167 763
2763 871
1107 508
97 746
2695 346
393 133
2450 471
2500 241
2702 388
1185 512
1079 349
177 40
828 692
1939 129
1438 471
1883 938
2220 1000
598 22
828 721
415 375
1373 167
1886 411
837 705
74 73
1081 360
362 729
569 856
3000 741
1107 634
1628 249
2665 965
194 894
1162 835
931 970
2179 772
335 761
2003 606
756 652
2228 664
2867 749
781 90
565 500
249 597
125 389
1608 609
1555 673
796 846
2606 556
2615 914
1433 533
1035 269
1055 586
1292 978
1938 948
723 777
2046 559
2116 229
2757 301
1203 533
1656 376
581 761
104 280
766 306
1031 727
765 616
1033 852
52 535
1660 12
1839 651
2613 241
751 762
345 798
1012 84
2630 18
289 816
630 738
1578 10
1370 889
2715 898
1165 38
1049 413
1920 169
2523 116
2290 731
467 328
258 86
1356 681
716 875
786 903
1252 111
2138 891
340 997
2443 784
1360 571
951 62
1595 651
2354 354
1360 806
2813 21
145 119
1986 365
2738 969
1507 830
1338 752
1630 566
2096 194
118 682
835 913
1808 968
452 45
49 124
1506 667
1371 917
1902 147
1087 850
2131 629
1635 297
794 98
1719 25
234 862
1756 607
123 395
1449 140
1183 695
1152 510
840 489
840 474
1664 647
2207 269
2040 800
2187 256
2404 140
2447 466
1473 968
393 850
457 97
1447 142
2935 809
252 88
1110 957
2357 994
612 569
2331 873
1904 255
2573 852
573 79
2246 171
521 218
187 294
2550 816
1933 211
588 165
2468 126
2755 491
1613 628
1416 662
2937 560
336 824
2464 318
862 269
2121 278
2660 297
1458 274
58 373
1956 894
1745 987
38 86
1267 64
1765 384
2512 890
426 832
2858 880
446 464
556 438
2154 775
2009 570
2020 290
2970 508
2487 211
39 704
334 191
2436 448
2846 54
772 357
1013 748
2208 192
462 360
2763 428
949 192
141 346
523 433
1156 481
297 228
2896 19
815 550
1799 813
218 423
2374 409
2028 564
1050 639
483 637
1196 617
2094 362
2937 631
1002 556
976 747
280 463
113 538
1348 339
1040 444
2609 288
415 784
1862 770
1074 888
994 12
2380 659
553 831
1149 795
1420 678
1105 725
509 866
1330 118
2798 908
2485 229
1006 708
2654 199
2251 469
775 318
47 951
121 945
2722 463
1210 233
2805 324
2977 157
453 957
1060 973
1495 957
147 62
1705 466
385 322
1816 885
2202 165
1478 925
2178 228
2642 600
423 928
2449 923
1803 158
1339 638
2986 74
1443 574
1290 359
2227 541
1459 527
394 845
2438 294
2690 336
1627 195
1211 630
2806 863
2189 974
358 309
2671 635
1545 31
1627 541
1597 67
1270 881
2114 29
1077 780
467 65
2307 827
2757 329
897 26
1309 136
1880 469
1744 250
2519 85
1096 188
78 750
506 574
2360 195
1735 114
2861 481
408 959
2320 634
2939 980
2707 64
2552 250
1365 48
303 198
1025 621
728 715
1288 717
2746 90
2288 54
712 257
409 404
2918 69
273 451
848 140
332 268
285 569
2763 853
639 567
837 254
37 636
2432 980
1462 264
1994 849
2691 715
1006 807
1211 409
1548 868
2295 830
202 936
801 989
1881 762
700 217
2986 534
69 937
2709 490
2424 796
246 853
432 417
1046 440
56 995
557 18
700 523
673 230
1641 247
2482 222
1494 542
2104 69
2312 943
568 458
2404 784
1551 926
2561 318
1033 390
1036 691
1291 27
2431 797
2845 985
1224 251
1157 940
2284 928
27 213
2692 938
2737 270
715 593
279 776
2785 538
601 315
14 19
484 818
2771 918
651 780
779 375
154 633
330 609
2368 157
1084 640
2991 117
1363 756
1816 568
2161 151
2582 41
200 714
1495 720
1865 637
2933 401
2341 704
2494 973
779 345
984 70
2747 296
2880 709
2850 884
1165 454
1869 563
1582 499
2019 218
2596 23
1410 783
647 483
2481 438
923 921
1802 975
960 383
1879 768
327 448
506 774
535 932
852 474
1254 608
2350 710
2673 172
1132 535
1543 657
1409 327
78 548
2021 474
2637 231
589 198
597 671
2014 579
521 212
2973 284
2725 742
62 746
2406 189
466 767
546 163
912 179
2787 74
7 291
749 112
1646 861
699 587
1027 529
2173 856
2862 257
2046 52
420 181
965 314
1624 678
38 259
1825 987
2710 638
650 993
519 26
1062 744
591 855
1082 185
1370 884
229 10
2168 923
1399 454
1886 268
675 367
1430 384
2102 407
2841 589
1573 478
2055 576
1094 199
2316 415
1499 952
1048 233
2368 897
1402 584
977 419
2356 652
1816 225
1159 156
891 328
2296 910
1422 835
782 411
247 478
2381 768
881 965
2717 806
1650 937
699 130
1893 850
199 494
432 585
2647 895
101 414
1212 929
1227 531
156 518
23 890
2671 115
290 839
2137 801
2225 56
1719 311
2625 258
395 702
1483 381
1493 452
220 331
1492 743
2673 943
1592 907
2595 383
972 989
471 50
551 559
81 731
963 132
140 425
147 422
921 175
2179 44
97 128
2819 287
1425 143
2895 645
924 696
2711 166
2222 137
553 153
2927 705
353 91
2305 669
923 968
965 835
1895 951
1232 126
1731 258
351 696
67 204
2121 310
2383 558
622 440
1281 169
416 80
1056 113
2169 197
1291 710
2952 895
1097 249
1525 883
106 316
650 605
2964 601
1690 686
527 807
519 668
170 426
2022 262
1902 798
2071 18
2063 703
466 939
1029 699
962 216
601 387
2715 11
2717 140
1725 450
543 789
1713 81
2069 26
2401 639
2209 160
759 591
443 146
2516 411
2066 140
457 181
868 723
294 648
2156 507
2185 518
1380 380
140 628
235 416
304 77
2534 723
1794 323
208 778
1 822
471 973
836 509
326 203
902 93
2067 597
299 87
845 14
931 327
403 873
2534 229
875 699
1756 247
350 401
700 430
1870 695
535 328
1380 158
1824 465
527 433
2555 17
1413 639
1227 973
448 924
2800 545
888 276
376 805
1447 30
2334 849
2187 497
2807 595
409 489
1135 225
1725 135
1809 504
2488 827
847 189
2365 44
632 106
1350 852
1240 261
2312 491
2657 846
2720 107
2412 847
416 498
2280 724
2845 655
2781 382
1838 375
1919 29
388 433
1262 434
2829 529
2647 661
471 798
848 219
2048 372
581 390
2421 920
1915 594
2393 27
253 259
2344 732
596 248
2513 673
2012 596
726 674
2977 509
1169 503
59 117
2044 954
2389 48
2217 886
719 943
2056 640
1383 302
1757 68
2505 684
1348 821
1390 277
946 523
407 867
555 39
2643 286
1058 433
2031 601
1375 535
794 743
639 360
639 280
1991 905
2579 201
700 728
2271 226
2798 821
801 757
661 497
1242 314
636 678
591 187
50 198
1291 680
2626 996
150 540
2201 532
192 649
1529 177
2443 437
1112 805
2230 877
1129 444
171 377
1408 938
1352 259
510 538
123 621
732 286
404 314
1133 243
2489 32
464 106
1577 639
2935 464
163 939
1364 316
2861 636
2193 336
1689 244
824 89
1952 441
2418 29
189 29
2867 650
1667 633
2761 140
2432 763
1952 289
382 729
1279 891
1234 380
2165 373
1672 73
64 680
2715 942
1681 994
1955 621
1910 337
2733 305
777 750
1671 891
39 922
2202 627
1633 994
2450 25
2194 107
2911 51
2117 35
2427 445
2925 590
1874 557
1232 252
2152 395
2676 524
1991 380
302 286
288 641
706 753
1009 862
985 987
2707 82
1398 244
2450 782
542 14
2128 343
117 775
1814 839
1392 660
373 452
1954 121
602 694
421 28
2195 107
2689 789
1238 812
2347 809
892 795
1972 87
2884 889
2795 221
634 613
2784 566
2592 709
1725 85
2672 58
2992 21
933 46
390 359
2391 263
834 12
599 876
215 115
369 836
1677 382
2140 825
1483 686
623 749
2660 772
331 997
1120 279
1761 853
1910 195
49 568
847 308
274 416
22 90
66 559
1226 885
2879 459
766 155
1831 453
1507 866
1416 766
2272 445
241 995
447 375
937 157
875 426
1786 530
517 436
801 55
1939 113
870 936
2173 708
1904 438
2225 979
350 491
656 805
1784 64
1542 544
1622 735
2718 937
1766 64
658 676
2322 177
1937 979
365 272
2236 259
2897 862
2560 317
1902 653
978 403
664 885
442 242
217 652
904 859
1313 77
2841 89
2308 539
835 735
2105 855
859 335
505 627
2419 923
1153 946
113 751
2563 239
1154 951
2334 505
1822 991
1055 194
2140 381
802 689
2657 965
1705 377
2050 953
1378 13
992 998
2128 717
2230 42
1136 218
2324 940
2122 930
2671 981
863 718
1080 764
2673 504
1133 543
364 975
2271 363
2091 793
2808 925
429 709
2053 569
193 971
2327 655
2851 566
1610 710
1826 656
120 339
18 410
2860 336
2251 186
404 839
750 893
42 479
1884 301
1213 123
1664 361
1819 847
2547 750
794 585
712 979
1514 478
598 780
66 379
414 639
2908 551
2334 230
1252 39
999 515
2063 408
818 662
2734 21
468 808
2409 428
1148 276
2794 22
1080 889
2510 124
2625 949
1183 884
175 568
2264 905
924 210
814 561
1996 888
2724 664
1421 10
301 786
2017 285
58 915
88 53
656 781
91 747
334 946
1533 286
336 208
1499 661
1537 284
2459 700
22 45
2487 608
769 102
1225 641
243 351
2448 898
2302 766
768 70
2917 341
1001 901
1755 116
2676 482
1487 251
2132 125
2253 839
1907 80
1 482
1007 378
1351 500
772 39
503 677
56 177
1427 941
360 107
110 174
2049 993
98 849
507 693
1577 391
1625 520
681 357
2579 739
2925 523
514 633
417 896
1932 617
863 696
1143 656
299 314
592 625
1748 201
2717 64
1821 425
2030 749
82 682
2488 717
433 485
229 666
2814 17
1982 287
1082 101
2803 46
846 944
1632 897
2107 162
2441 543
436 380
620 138
2706 48
1392 908
471 498
804 662
1569 943
1956 37
116 20
609 309
444 250
169 452
209 478
679 537
2169 862
1362 343
985 57
901 667
253 704
447 274
983 317
533 377
2647 297
263 840
1600 917
1876 110
688 37
105 130
1277 302
478 532
1602 429
2362 934
876 942
1925 941
2798 852
1958 22
631 660
107 290
1724 83
1210 708
1076 631
1920 629
1096 709
549 940
2869 276
2226 126
2768 855
865 765
122 902
2895 555
1085 555
489 775
1495 766
2410 693
1278 212
2320 608
877 740
1558 979
2104 784
1247 665
2351 291
949 840
2357 791
2770 845
2216 224
1913 361
272 116
1524 632
1340 12
2790 962
1724 917
1989 138
145 383
1029 554
1648 915
1390 989
775 957
2915 924
1295 126
2384 174
1007 18
1789 706
1710 218
2551 855
1778 475
1841 599
2107 911
2963 911
2263 739
1202 629
191 180
771 735
2358 824
2166 997
1278 223
1029 566
1382 242
1097 122
242 324
2554 582
1763 824
1800 357
1073 156
2203 825
569 257
218 302
2991 909
1952 772
21 883
2104 831
2997 587
610 515
902 393
268 481
1043 732
1476 945
2061 639
2403 406
1613 862
434 322
1578 50
2399 307
682 939
494 131
2880 636
2605 271
1760 227
854 297
765 252
2602 562
2446 824
772 161
2048 42
2712 625
1206 918
1635 919
748 728
41 646
183 306
2709 216
1276 190
471 677
2238 427
671 383
854 946
507 883
1958 719
1916 443
330 27
830 953
584 540
2396 501
1871 400
2208 233
1177 275
2414 562
2448 188
945 106
2037 179
2107 239
2263 605
983 43
213 825
946 235
565 388
2606 214
819 183
2385 214
2944 513
2677 290
2815 727
1450 914
1872 591
349 363
2546 801
1531 990
1234 52
1147 79
2746 597
1265 318
537 768
527 982
2620 474
639 626
1306 841
1521 877
2203 607
1409 61
463 899
200 714
543 149
975 542
1975 875
831 207
1728 299
896 790
2101 118
2264 975
2605 315
1832 436
331 337
1684 398
2013 954
54 510
1806 403
1021 172
1976 678
2593 877
1766 441
1285 755
1695 458
2150 533
2522 421
2702 760
2381 53
596 25
232 421
2122 872
2260 988
1166 351
1825 463
2724 505
746 250
2287 325
951 233
1946 664
1221 189
2818 695
2360 562
1936 553
1035 307
957 273
2657 780
2468 708
1093 888
1062 836
1840 835
1345 553
2167 843
1115 399
107 165
449 317
2168 16
173 382
2544 59
300 545
976 393
1213 16
1795 73
1012 43
781 49
871 347
875 712
407 674
366 699
1401 382
386 786
2097 930
2760 867
2415 807
1145 50
425 501
2053 181
1729 406
2563 490
2359 499
1587 971
102 876
2321 799
2142 947
935 891
1715 46
1317 336
1896 222
799 953
1402 108
380 974
1854 288
2600 537
620 878
224 160
1396 815
1074 795
1395 718
2064 375
1869 456
1187 909
933 961
986 265
2481 192
2238 63
778 570
1144 589
2139 590
2910 81
2381 253
986 687
993 736
2662 997
2618 378
1344 685
2899 387
2472 773
994 968
358 901
1588 298
2991 384
311 272
2191 966
2482 987
1980 150
817 85
1183 638
1018 356
1378 460
2476 863
1917 281
1199 240
136 382
2527 952
1740 304
1085 178
2752 243
1522 144
1657 760
338 858
2332 95
844 987
1646 245
693 513
513 835
2073 852
