2499 3957
936 56
758 196
2418 51
2141 388
970 917
1321 242
2065 705
2063 320
2569 400
1478 971
556 458
1869 646
1842 309
1725 359
1566 648
1131 886
920 844
1991 120
2236 649
1749 934
252 499
215 824
1465 97
2268 164
1865 18
157 412
116 342
1483 321
2786 805
693 733
237 74
605 696
1534 369
2671 578
820 295
1970 111
948 27
864 352
2974 768
1711 475
1291 388
2555 652
758 227
590 516
2804 794
1061 941
2610 607
2795 853
2809 996
2018 258
2174 617
2431 127
2002 414
2069 53
2515 458
694 851
2223 333
1105 436
353 677
2279 797
35 324
1398 964
2467 217
2851 682
1252 240
1653 233
2669 971
361 559
2028 988
372 92
143 586
191 289
1769 398
1063 620
2217 758
849 823
1185 379
379 473
2085 771
1836 882
2006 415
2396 805
2773 472
1580 148
209 785
1624 62
2411 934
2219 384
1721 121
387 712
242 441
1830 910
1996 642
2285 367
2036 265
447 65
2243 27
2617 998
1166 104
2338 186
1567 317
2387 392
596 76
16 196
2095 455
2499 280
2724 234
2618 689
661 697
2013 263
1841 644
535 987
2996 961
2496 339
2446 46
243 616
2637 775
1116 737
1172 194
1376 485
2368 113
379 818
1062 967
1005 314
1944 342
1946 645
2780 814
2357 553
758 150
2690 924
1316 285
246 700
354 500
1868 819
1424 461
863 796
2922 352
912 313
1924 394
826 388
1198 944
2285 850
1296 713
2483 514
1746 29
1540 338
704 136
842 655
675 783
2831 161
1285 960
1375 625
1573 161
324 735
615 205
85 424
2068 970
196 401
692 119
1507 91
1297 466
2516 217
927 238
2122 454
1248 71
1383 96
2704 247
1533 793
2563 922
37 949
1215 482
1006 618
774 742
2960 898
2191 758
1612 775
1982 147
1794 82
1674 289
399 742
2466 312
253 391
145 550
889 21
1779 39
672 310
451 90
992 414
1547 766
2474 391
2521 277
846 77
2495 896
2501 617
958 94
284 314
261 684
2892 702
2625 407
443 245
1875 689
2796 66
685 403
2540 85
1496 146
2056 987
2990 87
722 795
1830 145
137 841
2479 97
352 881
2193 635
245 554
6 271
180 573
491 692
1030 403
1009 632
624 975
1465 488
1625 325
2516 266
1500 492
2992 876
112 617
432 588
1819 96
106 496
2096 783
2271 336
16 405
547 878
92 20
1099 844
2129 38
2569 728
1967 111
232 952
1677 620
2486 895
2824 520
1000 513
339 156
659 346
106 605
509 975
330 27
492 152
751 368
2300 116
1496 73
2577 629
1417 327
2176 419
331 998
271 279
260 357
236 60
2953 631
945 245
773 276
2193 512
1588 859
22 311
926 145
6 114
2790 583
827 582
2209 113
1732 233
332 300
1740 610
1695 429
2360 378
1455 677
229 431
316 964
532 139
927 153
1783 37
235 638
2148 471
17 559
1527 281
652 574
1338 136
2187 69
224 576
2792 443
1353 332
1019 51
1247 210
2211 145
2818 722
1954 16
761 376
1722 911
971 792
1323 344
2573 777
772 422
2857 970
2763 963
2356 20
2586 257
1944 542
2386 625
953 541
1769 156
2644 292
355 40
1814 994
2191 60
2650 67
1083 446
1104 786
762 411
2782 13
2920 589
462 620
382 184
1630 474
277 680
819 282
58 355
1120 315
1868 96
1247 150
218 113
1228 314
567 843
1951 567
1364 207
2288 273
608 565
2826 52
38 684
2957 690
1751 408
984 926
89 225
222 219
1356 83
1626 87
683 897
1006 821
2550 436
1711 578
144 692
616 634
526 196
534 294
1378 481
885 446
416 560
2748 151
2135 747
1931 987
1859 59
2134 615
464 747
415 438
1653 173
2316 572
1552 939
882 260
2686 753
1162 555
27 590
1501 234
632 106
2048 734
2270 486
2843 436
2997 72
2603 358
1491 979
1815 72
1491 378
968 46
1579 209
2924 749
2546 909
1708 514
681 540
350 54
1910 686
2338 404
1134 323
551 462
2285 774
1610 422
545 20
495 342
1309 817
1097 313
663 767
2106 661
864 919
445 633
2217 551
167 596
1227 856
1678 986
2460 908
1797 781
697 129
2010 176
811 123
66 175
2955 109
2262 302
2450 218
526 962
2016 540
2247 58
1644 751
810 901
2374 723
2940 770
2098 258
64 789
485 667
174 482
47 87
1856 595
1333 313
520 138
1299 600
2031 808
2520 868
816 196
1835 280
1459 889
1389 635
1022 812
2762 557
2157 997
2654 126
1947 561
873 393
4 471
1775 752
2798 932
1903 670
1054 208
1370 405
1322 801
2534 869
1118 294
851 664
1793 137
912 839
293 842
2716 10
2649 783
2064 373
1408 379
700 565
448 868
2321 994
1891 867
2427 108
2522 467
1643 960
1048 336
382 948
1726 104
2097 521
1610 201
1614 278
1474 670
2650 709
692 856
2017 894
216 113
1995 735
171 271
1373 88
1886 793
2947 376
2251 916
2572 244
929 881
2434 260
1777 950
2042 157
2417 211
61 114
1235 788
937 135
285 92
150 707
604 407
1236 638
342 522
2009 642
2822 855
1400 656
503 430
2282 735
1115 277
1082 960
1859 724
316 945
2375 776
867 379
2386 47
1693 430
741 128
296 157
1392 213
1756 730
2053 394
894 440
1164 437
1232 849
1344 861
1258 385
2194 75
1758 263
2930 627
2101 307
676 551
2369 129
2919 972
2117 281
2168 259
1152 60
402 311
501 16
596 820
237 990
1735 650
1028 263
2751 719
305 872
2732 842
2948 433
2000 781
815 899
786 387
1132 238
1047 159
2275 823
2652 903
679 912
1869 983
2346 477
1407 395
183 614
105 375
2391 115
2307 543
2202 448
292 90
184 511
1606 334
1166 588
263 667
2182 586
512 543
643 997
1213 882
2362 741
995 507
106 375
336 604
1997 80
2655 322
1631 492
2525 706
2098 750
482 850
367 774
2190 692
2224 888
534 791
2398 339
2721 903
2011 162
528 175
2366 54
2971 725
1713 70
2337 694
850 163
1161 330
351 404
2597 753
1353 890
1899 53
1212 889
2045 644
1039 94
2191 913
101 760
2129 296
1153 978
1235 407
2399 931
1156 996
501 827
1034 997
2255 981
2276 897
2289 815
2189 617
1420 447
2999 482
1356 202
875 306
19 736
2291 827
520 890
108 945
108 220
2353 463
378 870
1735 964
988 670
1613 698
1119 89
318 623
2999 570
500 220
1206 695
464 132
2333 905
1526 672
899 812
2286 742
2178 488
2599 218
1872 216
886 844
1647 600
1764 566
876 709
431 637
1271 725
1935 694
1016 984
2631 520
1405 409
1074 326
1727 884
2000 491
2776 96
2125 646
964 45
2812 19
818 455
1163 362
326 93
2905 311
1957 66
2942 211
1025 85
2545 722
417 557
2867 929
1248 167
1293 326
1274 117
2719 984
78 614
2729 846
159 797
1998 125
785 218
682 597
2389 889
846 515
2672 109
193 223
669 257
1762 47
1512 427
1169 294
290 835
339 875
6 463
458 380
1546 742
2768 682
269 19
918 267
2176 238
754 85
1446 109
321 376
1705 134
2194 728
1726 581
1716 84
336 335
1347 16
1913 382
2977 477
2309 838
401 458
133 927
769 966
1817 450
1461 581
2344 984
2886 689
2945 483
654 935
1576 871
2048 410
925 139
2582 51
2998 315
2786 807
901 761
1856 271
2582 229
1056 798
1356 980
906 532
1056 603
1948 923
597 813
1179 581
2962 611
537 207
1157 869
2518 924
1509 897
702 352
2065 703
2906 172
1867 905
118 952
2505 332
2880 491
2444 43
300 734
2064 818
897 913
2867 699
2531 998
1797 205
1338 582
1850 356
63 600
2690 45
2498 816
113 759
1067 398
871 377
1261 777
2405 552
2015 468
290 122
2426 483
2504 299
1785 862
466 97
2931 620
1210 714
1570 239
1785 416
1509 84
2853 754
1703 951
2827 853
1186 447
1849 65
752 616
2642 851
1326 888
1637 726
2065 116
464 308
873 876
2505 497
1812 606
1534 272
37 515
1734 816
518 137
2545 860
2253 29
2112 118
2419 664
225 749
1201 45
169 227
2464 111
2547 478
1315 108
1422 297
805 145
199 833
2319 903
137 896
808 110
2155 679
2322 53
1340 785
1867 130
835 184
242 61
2997 467
15 404
786 643
2009 440
642 25
414 615
2465 548
330 281
466 57
1579 476
762 577
1240 552
2701 240
494 213
2978 959
201 768
702 51
660 339
2824 971
1931 393
1786 920
2218 585
2158 684
2821 695
2541 39
2314 426
2018 711
1682 588
1212 380
2672 895
2394 858
2582 342
2358 403
1207 118
1570 577
246 975
79 144
2885 140
2859 37
692 518
147 401
928 66
2843 268
778 387
663 240
844 62
2506 89
647 406
1063 108
1399 299
2849 421
527 938
1637 674
724 37
1428 426
483 795
1931 393
631 541
2976 583
1282 874
2193 489
1178 701
1771 907
2670 549
983 664
2135 229
675 619
2299 755
1725 111
180 456
1858 425
717 570
1884 459
1652 241
1312 334
2045 221
777 788
581 521
2104 840
2273 31
2688 386
2268 861
1391 115
92 472
2288 733
1778 650
733 929
1485 140
48 415
704 992
1009 177
532 879
1769 908
1178 371
2649 687
1525 473
151 182
995 156
1065 76
30 908
1064 731
1158 557
1073 226
2859 593
2996 42
982 732
773 314
911 76
1838 121
2230 633
1765 682
2645 561
2892 538
1635 854
73 725
1011 672
1511 27
2898 674
569 176
45 749
1470 599
2779 401
2426 874
401 545
580 63
617 601
683 455
1338 708
2903 759
1940 840
505 502
68 905
1057 711
2766 396
1659 367
2096 969
2771 526
33 467
1043 382
756 191
243 269
985 540
231 569
475 551
2676 443
405 965
271 935
1642 202
2189 885
2729 581
2090 673
1159 458
999 445
979 260
989 492
255 55
653 441
1991 63
806 567
197 403
2189 836
1181 61
788 90
1715 640
727 389
268 30
1018 419
21 451
556 241
2285 213
2472 377
334 641
148 450
487 706
364 336
1364 147
2564 471
232 684
489 308
853 536
1575 195
633 60
2813 654
84 791
202 358
710 260
2058 225
2091 657
2416 202
1799 601
872 592
783 179
2900 234
1226 294
984 576
935 637
2901 741
2235 554
1877 407
639 351
2007 394
715 868
1143 933
229 668
1354 912
731 138
2579 898
491 370
604 734
189 115
663 818
1120 576
2350 711
2215 87
1632 72
2461 697
2136 495
2895 218
1633 640
64 799
1804 916
1511 556
1520 811
2310 797
2325 745
2568 402
2131 813
2276 742
2279 674
2830 672
1146 515
686 881
61 510
2619 859
118 252
1112 433
267 64
2909 979
2652 877
2276 989
1206 536
1970 370
2586 158
792 402
2959 407
2772 994
442 296
263 646
834 961
1119 760
1387 736
394 438
759 94
152 433
2360 495
1961 558
1356 980
1640 130
2419 933
1464 971
265 815
818 209
1187 952
1135 84
2986 874
1154 516
2351 88
2846 750
734 223
1053 676
1675 238
2584 682
2714 359
297 707
2759 191
19 298
2633 132
2415 725
2935 640
2955 943
218 651
1828 750
411 433
1171 569
2840 818
813 842
2578 729
1385 332
732 299
1349 118
1896 270
2232 748
1879 739
1965 527
609 859
2293 137
56 449
1655 781
1955 290
862 821
2113 117
664 291
2539 749
2207 507
2794 622
793 121
1292 364
1110 101
2245 697
2461 183
764 221
191 128
235 770
1896 14
19 140
1001 417
2513 339
842 884
831 124
2890 616
2701 724
2217 138
2846 698
1835 152
2987 487
2777 582
2067 634
1323 795
1319 635
464 581
2068 456
2807 708
2951 413
1857 50
2674 944
2603 952
1666 923
959 555
119 188
109 408
2270 764
484 288
2332 520
2657 860
569 628
458 433
40 538
2940 531
2735 317
796 30
2105 339
2024 65
231 366
589 643
248 31
1627 373
743 124
2261 113
1297 784
264 255
2154 346
666 200
1094 629
1948 925
42 92
224 682
2233 144
2751 480
2436 279
1707 769
1282 62
415 872
1914 383
1361 433
1805 345
2743 684
1251 402
2804 66
1843 46
1181 373
2967 733
388 186
976 192
417 422
2640 725
1034 200
1159 430
1757 959
2577 733
2760 249
2671 390
1260 294
719 246
2703 640
1997 190
969 698
1411 705
2218 212
2287 113
2943 691
473 240
2116 419
1103 174
2164 137
702 488
977 410
1434 592
2145 394
2686 988
2254 120
1210 600
25 833
2539 562
506 750
2718 922
48 11
1122 396
2163 829
1192 870
2127 352
951 825
342 192
2026 830
1293 533
2427 721
1103 640
1891 176
2870 313
302 364
120 678
2316 590
1508 663
2072 801
2530 451
304 838
1552 933
249 255
2116 136
773 421
1996 42
536 544
1166 430
2263 102
2066 316
159 977
2848 637
2063 876
575 123
966 966
2072 951
480 444
2609 488
2275 177
2277 391
1252 761
2182 376
968 804
765 138
1690 313
831 483
90 52
659 790
1591 270
2986 183
2551 402
629 733
324 842
984 117
701 678
681 167
2673 644
2234 680
2156 140
1738 433
1761 388
2699 745
1461 194
481 153
1884 861
2105 74
191 849
107 699
1519 36
490 570
1945 222
2203 523
2137 846
2514 858
753 509
2531 551
1149 767
2006 897
454 540
1362 23
1166 812
1172 559
1440 195
1458 310
1739 867
290 110
104 179
726 117
444 293
2783 310
1522 530
1079 573
1378 797
1400 581
908 977
472 898
2316 496
2871 390
2148 169
170 348
905 962
1904 533
2372 407
2337 785
2973 788
2025 849
2862 727
1745 486
2996 98
1397 629
2056 195
1758 980
2236 569
2915 791
2745 845
2482 347
2820 373
646 558
1837 439
1082 671
2548 215
1379 305
2171 136
1294 877
2795 446
2404 97
872 349
1095 808
1734 31
1695 26
2835 159
2884 263
572 404
1 901
1769 443
2431 32
2346 924
166 408
2172 596
1373 180
1212 375
389 459
2848 109
2239 1000
678 713
2687 516
1806 420
966 914
1749 557
2197 286
132 131
1923 403
1612 531
400 559
2015 100
1893 799
2779 230
2741 211
2760 738
2121 547
2844 347
706 554
2568 598
1856 892
2755 490
35 837
2857 867
2867 261
907 610
2444 415
65 941
1921 696
781 613
2824 739
1041 392
711 909
2833 901
1888 38
2258 981
206 438
278 853
450 226
2897 996
1767 714
1726 133
2651 128
2800 127
142 322
1484 830
2191 95
2691 676
661 538
1309 232
351 116
2358 997
2561 110
510 903
577 698
1531 959
2939 680
771 482
1170 756
2211 35
405 391
2411 884
2178 597
817 853
1083 357
401 208
2581 113
1694 799
2631 754
2429 452
2684 149
498 944
2187 607
2161 794
863 736
1601 873
73 474
2914 389
633 219
2396 303
337 101
615 764
2150 590
402 152
745 881
2994 913
1919 366
1294 895
240 752
476 539
1330 791
1305 196
2019 121
1034 68
2580 133
2537 827
1430 490
2446 974
909 998
521 921
39 572
1228 877
497 352
1377 848
122 751
2798 667
1281 257
1981 864
1649 708
1432 683
1809 748
178 442
297 618
1533 265
3000 791
2525 33
2694 182
2612 44
2373 587
15 533
2912 902
1705 473
2236 408
2529 884
455 560
2827 364
43 801
2391 924
1751 375
2757 275
364 33
2270 175
154 614
2926 815
794 806
1512 305
354 762
1545 868
2605 178
176 92
2782 904
1534 901
1864 660
2357 626
2639 691
2340 810
639 198
913 921
1153 447
118 711
253 209
25 282
440 984
903 445
2696 899
38 812
2855 810
594 83
2747 75
861 372
1868 854
2235 462
163 486
1705 87
2361 538
1480 475
2185 798
2352 132
845 773
819 425
619 626
1804 89
226 185
2926 799
1041 484
1853 604
619 655
2745 257
2785 153
2245 616
337 970
208 495
1507 214
2828 539
164 630
1258 670
507 212
1161 986
2626 786
504 687
787 464
62 694
1745 68
1544 643
1752 39
1013 857
2682 926
2865 686
917 963
781 662
2733 63
118 752
356 18
2924 786
1502 956
509 81
1913 301
2360 10
1510 375
1577 584
95 949
709 499
178 440
1345 997
1728 725
449 97
2433 531
469 140
1640 80
7 700
807 805
2505 315
600 996
551 906
2766 526
297 559
2000 783
169 247
700 919
576 748
1620 958
507 473
772 933
2782 909
1093 767
558 603
2319 577
34 170
464 516
1780 466
247 527
2296 632
951 239
2094 886
2009 45
656 919
1574 778
1888 553
2451 551
2095 995
710 308
2037 239
1544 100
1143 878
1195 545
664 376
382 545
2367 866
2033 654
1606 391
1977 235
1281 792
2508 36
79 713
1709 125
1784 216
2666 53
1027 46
1850 570
1102 516
2424 660
2560 636
661 587
574 916
2343 675
2647 797
816 225
1846 225
2165 601
2335 36
2127 900
1362 35
1594 847
1735 267
2438 677
764 503
1056 650
1501 167
1205 326
2522 769
2957 951
1839 746
2786 138
1451 677
835 718
142 663
1982 297
2216 101
1814 347
630 701
2656 376
2800 180
2140 976
1370 177
866 649
1522 267
2015 506
1194 743
1059 515
2281 983
1672 628
993 658
2920 916
915 443
721 443
604 926
2058 424
383 288
1890 622
727 665
1881 887
10 931
1493 449
2981 380
1294 432
169 895
781 725
1333 413
2640 346
1057 183
2609 940
933 249
1866 890
2751 442
1538 1000
2116 42
101 55
977 575
268 760
1661 829
1382 479
632 583
2342 272
2232 940
2279 649
767 30
1159 992
1997 115
2441 941
121 900
930 232
796 448
2190 262
5 164
533 92
1127 274
2261 177
229 214
219 472
1592 373
1167 499
263 729
1301 62
1166 326
1380 198
2305 582
1919 170
2429 991
1519 84
2631 45
2603 97
2141 812
1958 319
1140 591
200 948
1974 600
2076 803
1723 166
2050 407
2471 598
2312 48
215 98
402 836
2014 810
1599 841
2424 552
986 548
669 844
2225 90
2347 119
2423 363
1987 611
586 611
2731 395
665 395
2557 484
1381 369
1031 805
2695 525
2516 883
662 25
1143 145
2539 591
808 415
1897 773
2812 996
2828 406
2065 842
1511 537
1204 490
690 198
2339 132
2599 252
2844 202
1345 694
2052 772
244 448
1801 931
2380 302
1257 749
1931 17
1534 514
1647 189
848 451
342 993
1867 800
553 361
2486 572
1353 981
202 572
1114 99
1176 247
805 572
995 109
1304 634
2990 916
1922 594
2898 199
2618 429
1512 423
1159 284
2715 980
1462 944
1354 494
2828 282
2137 374
1609 93
433 621
2644 11
2040 42
693 378
92 200
2243 869
2824 619
758 45
1353 209
894 818
1701 699
2485 452
1145 512
2334 965
711 642
303 315
1653 331
1635 514
2474 861
2210 45
244 111
1796 327
2974 711
2735 775
1694 333
2524 394
300 799
2590 991
1947 454
782 157
2317 303
1238 844
2424 264
289 171
1085 420
1743 243
940 911
1138 478
2053 224
326 491
1442 555
421 517
1352 127
862 117
469 269
2002 189
1465 774
242 905
1294 382
2497 669
211 928
250 536
1009 435
1033 185
2292 470
324 348
1345 831
2646 282
465 122
925 183
2672 702
2717 236
2317 142
334 478
2120 589
55 170
2973 53
2224 457
2595 82
1336 489
2 532
591 648
1711 495
97 147
298 117
1349 415
396 86
1084 848
2850 654
2023 371
565 90
172 852
121 754
2976 93
2215 247
2895 128
788 775
1234 18
1635 365
2224 913
1143 86
2438 821
1052 154
46 297
2329 535
817 619
2902 307
2990 686
2073 374
234 867
918 729
2535 494
498 989
1084 327
2308 993
2138 455
277 751
356 374
1727 694
2522 685
1499 633
1354 842
1395 971
1135 483
2254 500
1375 140
760 150
819 213
1084 584
451 853
2704 954
2480 543
1679 748
1287 910
2384 589
1204 702
1276 422
2602 468
1185 742
318 12
878 784
2427 580
2578 558
1372 944
470 476
17 440
788 397
2372 828
853 139
115 492
2909 612
792 791
2281 985
1381 17
1797 69
1700 275
1072 935
828 683
847 504
1308 32
1617 679
2214 320
53 356
2778 485
2084 146
1555 558
2841 11
967 374
666 246
1101 387
2670 229
2337 393
1119 144
1819 883
2416 305
511 630
1959 738
1810 408
1523 412
974 86
1016 688
212 23
1684 532
1726 372
847 27
1200 597
2069 466
1956 14
2735 941
2729 45
1729 672
1684 620
2392 424
1559 806
2633 551
1178 841
1599 338
2887 180
315 668
1658 487
2788 440
809 643
1610 103
1996 210
1452 741
235 274
1934 525
2234 551
921 309
2268 759
819 561
657 577
2999 72
1498 597
1491 921
250 435
2840 358
481 783
2487 816
2556 17
1327 828
1969 724
2672 655
1761 282
1739 170
738 927
2330 53
1940 399
1109 268
2342 681
933 940
2874 946
192 866
2837 173
431 399
641 529
195 782
34 261
2990 918
24 362
351 846
479 676
2241 613
1861 32
699 698
128 1000
2156 340
1399 989
2058 741
977 953
2919 741
604 535
704 874
455 904
646 12
1349 552
1930 926
2874 580
2081 64
385 628
1901 253
1046 245
1942 745
542 882
307 388
2667 378
86 710
2908 890
1870 37
1596 713
642 186
934 75
2633 233
1392 760
1535 867
2958 498
2309 472
396 967
857 156
432 967
603 86
2127 402
1847 611
238 191
313 143
521 826
1936 741
283 659
124 486
363 931
415 181
2113 234
402 603
2255 669
220 637
1360 234
1403 399
1610 132
2101 236
1523 339
2913 701
1376 760
1277 809
113 239
2092 539
2268 928
224 924
475 220
1267 814
1911 195
2934 126
2739 428
2078 23
2337 924
323 478
825 583
1913 174
2719 176
745 809
63 259
1960 350
2331 697
2149 666
2836 14
408 506
36 867
2397 882
2761 700
2840 201
409 878
2222 778
2769 778
1395 563
1893 288
2639 536
2862 600
245 225
1571 555
713 448
2535 604
2940 465
1960 506
2173 983
251 534
1239 223
1278 727
319 976
286 398
294 13
589 490
2807 60
1146 834
1690 545
207 596
1113 134
2439 723
1071 140
1745 178
1034 211
692 79
1870 520
2630 64
1824 245
633 91
1213 877
2554 311
1027 204
1400 251
2821 542
2173 949
1604 376
284 791
2741 853
2674 994
2922 488
1502 570
308 858
2448 824
2123 769
2695 235
2155 537
813 602
571 380
1924 678
1440 389
1988 580
1347 794
1991 245
1825 408
391 766
1810 870
954 21
364 790
2735 886
1339 375
801 605
384 692
552 71
11 205
2893 437
1660 868
1073 18
2454 662
673 784
2279 338
1386 426
2495 192
436 917
1775 191
1256 125
2642 266
1647 140
1692 432
2773 903
1751 257
1055 651
732 113
96 864
1644 192
1630 101
2685 657
1689 356
1246 180
2516 772
2213 109
328 117
1925 360
1153 773
1301 250
272 675
2264 138
529 395
916 138
993 365
11 356
2415 198
288 833
2940 113
849 984
2915 678
1880 772
1184 670
925 384
1891 837
1533 92
428 652
286 900
1066 842
2090 232
1729 118
686 78
113 260
2519 939
436 445
2485 860
1295 27
213 326
2754 949
830 537
2463 325
2392 771
1445 82
580 260
1931 447
1926 747
2977 131
1113 277
731 413
163 656
2747 805
1374 506
2246 52
178 853
186 187
870 455
2411 421
2619 180
2256 918
1998 229
2964 252
2078 776
2075 739
1251 681
705 757
1752 750
2904 519
2804 346
258 963
904 458
2373 129
1206 795
1994 670
754 935
2209 637
1836 538
2199 251
143 220
182 618
2056 611
763 586
2224 262
535 842
1830 980
1122 69
2527 701
1521 319
1840 911
544 582
2229 912
2396 496
1435 11
452 681
1106 707
2265 222
2986 914
1965 709
956 419
1835 210
1661 822
1017 370
73 904
2605 408
1168 823
471 545
656 535
547 216
1423 334
106 337
1762 503
1481 934
1179 894
2349 400
718 69
2022 349
2185 648
2170 549
940 161
1063 708
2648 391
1238 63
1649 139
1609 970
430 326
1427 152
353 421
2250 818
2172 396
938 285
134 981
2262 888
1674 656
2298 807
1420 499
1957 461
2830 858
1716 735
1540 150
2648 628
1139 134
1004 251
1341 862
40 761
1488 713
1472 214
698 28
1827 804
2059 760
1792 358
2085 243
2457 738
1136 121
2654 675
663 352
2041 525
2227 839
1985 111
1596 743
2217 14
1177 541
1802 272
1497 482
2625 420
582 888
1761 641
1587 695
589 141
1701 581
826 289
24 893
2084 318
2570 354
549 838
1204 627
91 283
1141 301
1114 304
2569 288
2909 721
150 296
2766 454
2687 504
2498 941
1578 99
1366 115
2300 145
2840 660
2809 508
2430 654
1118 702
2256 399
2711 911
316 733
1783 724
1833 136
122 132
2241 53
2612 326
2776 631
147 75
2959 923
382 817
1490 193
2349 604
1991 777
2542 473
2847 721
2036 722
1456 856
2206 987
2980 402
387 34
1258 895
1861 619
685 583
429 488
452 122
1362 746
1928 351
195 486
326 93
2677 218
1263 132
263 575
54 988
536 514
153 869
2320 492
69 141
2443 357
2363 843
2665 722
1932 830
1210 721
790 853
2574 326
2943 526
818 310
2991 585
1830 479
2202 487
2263 978
2511 411
1064 71
1163 759
493 656
2857 760
951 800
2096 148
1405 913
259 847
553 894
2843 949
1778 930
886 935
1748 454
1901 359
1566 482
2476 695
1476 741
95 387
2914 572
177 879
2860 198
1187 146
1000 881
2752 398
2519 238
989 534
2672 631
1132 991
500 834
101 909
2002 117
2008 258
781 475
440 149
2075 285
1446 379
