56
86 919
615 744 347 80 871 836 334 281 287 444 151 455 715 235 535 445 935 900 889 27 54 210 641 845 337 32 577 239 736 188 718 583 473 521 99 144 296 465 109 142 608 417 214 174 699 175 829 599 532 532 277 903 425 647 523 870 405 226 404 413 424 994 109 487 876 133 90 864 220 791 289 98 857 111 331 246 147 453 264 168 885 84 128 987 412 308
944 129 842 120 970 300 966 311 930 82 510 820 27 426 529 204 254 514 926 409 541 689 23 297 672 746 923 644 199 441 557 810 106 272 858 462 876 861 206 282 494 229 253 726 993 350 819 141 177 924 226 909 522 791 198 663 8 581 397 272 932 90 142 619 920 445 901 425 197 261 403 592 157 320 656 779 283 90 916 127 186 448 891 954 918 928
77 669
990 179 483 361 721 493 939 214 770 829 348 573 202 817 385 24 697 38 526 56 789 962 715 848 966 710 662 970 424 542 207 969 460 872 598 583 893 337 257 740 67 893 219 662 470 472 330 120 134 671 789 211 75 666 676 131 164 443 46 680 396 790 902 147 133 783 791 412 451 980 507 717 924 559 109 576 552
977 789 622 609 592 458 414 457 584 22 542 847 428 448 18 226 509 800 56 366 214 662 218 589 538 510 315 510 923 615 790 113 788 874 630 923 51 535 731 360 82 612 800 950 584 424 220 884 883 241 408 537 837 27 177 953 842 448 850 198 325 897 702 440 957 30 671 622 841 143 459 776 341 550 646 383 793
91 806
11 867 583 997 218 348 23 658 702 370 860 889 112 600 711 452 752 118 836 976 108 347 392 865 615 580 635 329 843 945 224 944 739 996 167 570 727 118 258 459 349 268 484 110 408 157 508 541 219 589 492 853 485 821 785 526 358 649 260 306 947 681 815 96 184 49 645 374 486 83 700 583 407 493 877 741 566 972 18 847 516 685 726 417 932 385 159 447 176 704 996
181 503 74 725 595 415 390 633 85 791 168 535 222 117 483 169 203 185 994 642 192 479 792 725 263 684 611 641 522 705 997 987 419 528 864 291 233 521 146 815 762 748 410 344 30 404 38 302 301 677 903 569 39 580 517 103 414 626 919 869 319 55 320 529 102 472 124 520 446 337 416 673 490 937 839 316 704 788 272 204 577 704 922 958 643 842 712 182 11 400 270
5 553
963 301 880 216 581
794 512 337 908 901
6 606
746 320 908 147 59 738
223 309 686 759 636 724
52 546
373 110 835 209 37 460 742 437 497 56 761 845 169 751 758 587 18 904 367 914 381 495 592 248 262 50 537 195 551 645 721 358 446 406 578 677 921 683 224 813 594 516 390 29 412 626 816 434 644 577 3 710
733 48 40 378 369 413 400 376 385 830 128 677 919 72 482 880 185 333 901 307 884 64 962 347 690 43 86 271 660 672 481 187 745 538 282 331 972 379 244 430 707 307 4 953 162 186 502 334 692 551 853 685
8 4
290 645 157 290 767 683 512 277
131 882 605 420 928 21 298 438
97 414
310 308 295 790 940 425 105 849 866 701 19 760 347 945 688 296 605 334 509 788 191 955 999 595 200 176 494 488 178 724 94 312 776 429 596 633 503 616 878 551 397 125 868 80 417 38 950 214 430 389 978 291 542 260 235 408 825 665 5 999 707 726 709 597 863 123 596 859 689 623 577 89 641 184 737 309 247 778 855 846 492 714 207 311 316 951 208 788 87 790 485 528 112 512 742 20 758
945 827 12 558 518 93 169 14 931 726 131 664 802 405 365 243 826 187 918 410 309 994 637 952 356 859 497 817 752 670 346 809 128 117 736 149 708 177 69 23 889 32 406 82 967 866 729 28 942 165 897 418 349 31 25 151 429 450 247 490 271 179 394 33 717 527 667 689 230 606 379 395 175 919 38 729 3 118 89 325 569 266 867 326 855 461 610 673 925 489 383 975 83 560 196 421 460
83 420
944 85 280 319 50 258 578 329 9 442 378 370 152 737 331 997 213 940 278 895 348 687 778 994 720 964 159 103 556 179 823 121 300 722 935 283 487 291 631 228 611 226 752 715 13 655 233 8 614 503 433 600 421 227 468 614 469 332 394 221 393 260 226 616 788 139 565 964 846 643 539 957 512 995 894 84 770 560 539 545 291 617 81
56 458 135 202 216 323 872 341 688 27 314 18 945 723 75 897 604 859 447 611 689 194 198 946 295 658 503 367 888 551 443 772 351 606 779 589 828 913 838 1000 271 88 459 814 396 954 797 780 941 357 235 499 256 499 981 275 635 182 373 387 390 655 676 351 390 108 293 780 904 345 585 744 461 981 833 504 348 740 17 869 958 963 775
59 741
115 715 385 333 96 19 533 794 741 945 682 953 194 324 274 86 877 937 440 675 178 468 958 851 129 897 238 451 210 465 445 288 438 924 1000 577 911 623 663 468 622 166 406 818 434 104 732 678 341 974 113 436 769 825 173 216 657 607 269
997 161 444 878 259 416 810 492 512 94 137 804 118 824 804 427 320 257 625 329 979 210 811 120 846 926 587 758 293 220 954 704 232 407 855 192 555 759 996 385 192 981 104 301 954 220 737 941 531 678 592 546 707 894 888 30 716 485 25
74 580
127 1000 502 9 766 775 150 319 40 595 248 200 679 335 272 444 488 870 391 350 230 362 853 991 877 166 259 493 7 877 435 887 691 527 679 447 994 986 933 687 230 478 107 14 251 808 170 337 295 974 61 44 122 364 149 430 746 446 767 732 653 142 363 335 617 998 734 221 270 83 615 783 808 560
858 735 661 213 923 780 987 218 250 725 387 423 105 487 198 210 259 313 9 825 613 625 616 637 923 641 981 159 945 173 562 632 709 985 531 628 551 352 171 310 710 309 71 742 795 173 689 883 637 373 309 852 437 416 268 174 61 653 349 305 561 427 950 907 401 392 396 320 800 658 338 141 114 894
85 791
202 746 970 454 78 822 531 357 353 777 1 958 589 30 762 947 829 732 864 173 78 999 509 948 499 84 523 328 30 244 822 687 141 792 503 307 927 932 992 577 42 718 241 663 406 355 824 258 807 340 174 577 275 72 290 951 819 641 295 751 649 767 417 851 293 857 378 327 128 921 315 934 555 272 5 225 890 171 894 726 569 990 330 615 587
468 408 833 616 966 498 987 654 950 20 310 855 365 194 844 415 854 91 930 791 273 457 81 330 873 707 440 570 46 426 33 512 932 910 232 290 62 145 520 570 131 682 755 481 694 713 983 647 42 107 986 310 347 639 818 334 308 625 532 119 536 313 661 297 494 691 359 919 767 408 744 906 11 462 597 783 522 131 748 572 946 823 241 781 137
91 578
812 135 613 516 575 632 792 733 226 117 309 928 112 565 646 358 967 935 459 519 47 917 143 787 333 992 385 210 119 869 573 255 892 707 356 815 624 61 296 578 458 929 291 888 773 547 557 641 324 899 399 549 479 262 337 562 456 576 343 556 920 556 746 422 364 381 855 479 614 580 610 255 275 384 574 540 843 963 811 925 235 124 594 113 940 713 748 301 157 620 259
17 504 839 318 547 797 595 199 790 457 400 362 832 65 84 114 434 783 670 529 326 279 775 197 769 884 300 754 134 27 30 317 46 494 421 183 960 63 734 937 206 769 249 287 985 909 972 61 347 959 20 706 125 847 314 598 674 533 321 21 590 171 186 934 198 495 27 738 999 280 137 271 249 933 190 325 14 648 860 219 420 985 489 463 154 748 573 281 181 460 537
94 65
725 479 46 779 338 982 894 287 796 851 760 619 418 831 859 372 466 922 329 851 203 358 436 62 185 642 888 237 486 551 934 871 569 24 278 868 256 21 714 489 446 316 605 666 962 774 134 47 925 443 216 221 738 362 858 667 448 30 832 182 929 683 871 498 221 453 270 440 73 889 858 305 487 867 301 347 835 829 890 677 474 706 691 716 345 786 355 901 14 914 483 625 109 661
862 648 723 713 954 878 561 293 845 303 935 206 149 996 452 320 553 667 730 786 408 222 297 182 312 458 304 777 944 108 453 881 824 557 593 663 511 149 548 47 334 369 318 616 975 563 843 841 24 620 32 254 451 141 693 415 457 557 882 859 877 15 944 35 862 230 775 621 449 567 606 294 221 765 975 256 169 213 791 753 801 597 830 220 568 579 848 198 73 80 853 458 790 984
36 478
56 135 675 565 176 853 385 489 768 271 696 762 712 955 144 976 633 280 751 823 217 185 159 65 459 973 435 249 319 129 636 914 398 173 492 745
202 919 49 8 745 557 15 136 784 406 881 415 825 385 19 141 398 383 841 156 22 928 911 360 869 359 22 69 297 806 772 499 262 967 992 580
14 985
847 238 466 571 796 380 878 649 11 424 700 836 575 576
228 684 456 809 760 35 535 776 423 604 860 332 790 113
9 897
581 348 908 794 277 849 469 779 512
516 571 415 859 253 480 604 588 343
21 546
368 852 740 567 335 764 921 781 376 58 378 165 432 500 488 655 783 143 935 194 536
315 863 951 929 877 583 942 29 254 846 15 140 81 421 457 335 416 774 304 882 687
33 61
954 529 30 379 23 336 518 928 803 351 929 935 746 865 442 38 210 905 71 106 110 975 633 944 852 623 15 857 561 608 884 367 820
815 790 317 925 376 596 213 787 781 858 15 535 970 103 118 548 775 554 89 742 46 980 805 450 46 23 786 580 830 287 335 425 7
9 409
525 809 271 624 788 993 982 979 243
699 911 809 318 982 862 192 241 505
95 259
130 881 701 354 888 951 100 776 354 792 225 658 46 995 560 523 201 998 734 963 907 630 995 189 892 75 938 968 170 911 86 879 402 73 804 479 88 259 578 272 35 400 502 670 485 93 216 675 364 21 958 348 283 197 192 814 153 942 487 999 384 413 609 721 705 725 775 737 521 556 229 242 508 897 595 969 722 654 790 550 932 504 103 279 125 628 703 756 689 143 171 924 515 602 199
823 311 995 103 97 113 240 633 878 378 622 527 495 253 672 576 687 539 276 537 923 166 688 913 734 556 623 562 844 32 430 915 927 507 695 35 836 953 460 345 527 39 262 243 310 885 622 665 260 366 188 72 31 248 229 48 420 679 613 575 387 966 513 159 902 890 167 242 832 72 652 76 627 311 454 202 92 453 261 285 257 299 352 263 412 607 843 384 88 184 509 748 160 263 383
46 379
27 482 820 201 106 207 805 39 349 369 514 137 972 988 700 863 485 414 888 602 592 98 391 218 791 926 285 28 463 940 208 63 910 791 252 563 795 54 495 809 600 67 95 817 260 911
595 957 457 858 732 794 426 380 876 55 97 470 528 188 696 370 185 757 473 524 346 764 876 944 395 673 732 426 263 829 790 868 436 939 571 234 232 435 135 732 261 682 531 998 271 512
94 29
964 90 670 956 366 855 224 764 847 894 758 543 849 257 897 310 223 248 882 851 59 693 937 409 141 872 792 17 319 394 652 189 124 409 163 954 432 620 212 49 948 456 715 133 976 457 283 915 608 173 427 101 515 237 792 997 344 900 409 167 272 324 486 992 373 537 834 177 418 372 61 444 338 817 234 711 903 87 148 931 445 242 352 802 85 114 326 625 225 92 920 63 795 386
824 179 778 372 458 651 412 992 610 715 180 780 570 854 124 856 249 190 988 732 806 430 112 791 601 372 748 876 368 176 760 365 695 878 847 414 267 834 748 325 343 421 238 848 207 721 97 126 69 385 341 509 178 988 6 364 653 823 794 757 897 157 664 500 297 402 748 468 355 757 276 559 740 836 491 55 929 29 886 831 174 751 517 219 880 629 369 855 135 267 870 213 399 46
86 713
335 102 203 715 579 840 717 992 234 996 415 926 510 775 500 27 311 533 270 714 310 173 414 237 238 370 353 323 206 564 872 617 55 823 148 559 337 951 234 41 952 37 33 9 257 578 329 533 973 201 556 947 12 621 982 386 869 957 562 165 673 670 271 26 563 721 609 509 345 859 281 894 540 654 581 389 736 473 959 696 378 597 75 755 333 19
890 987 406 493 882 705 181 238 113 820 890 52 265 869 198 508 781 175 623 868 752 848 541 656 975 993 318 205 967 495 302 946 8 247 756 310 693 31 918 319 837 297 99 169 314 51 80 691 162 737 646 14 867 923 93 674 57 403 701 350 782 688 510 39 713 397 309 843 53 922 79 96 388 96 638 786 274 379 795 533 654 275 493 414 829 984
15 951
120 410 109 81 949 289 383 455 358 836 786 448 352 284 862
950 920 355 808 997 30 842 127 372 937 683 844 92 535 445
22 791
220 768 665 564 438 116 94 741 812 807 750 516 569 373 544 536 826 5 517 575 62 892
46 186 203 94 801 141 277 227 614 13 58 220 825 968 239 486 283 220 488 466 544 564
99 416
433 305 763 814 760 951 702 267 467 750 97 947 693 876 206 123 846 966 561 201 497 725 794 652 535 979 684 750 607 876 223 70 769 236 564 402 587 349 52 336 473 422 160 470 62 531 8 762 464 420 191 457 742 999 832 698 16 904 810 628 448 896 989 951 956 85 249 263 476 550 223 356 95 697 75 260 758 523 476 223 427 99 876 69 953 874 919 615 62 575 672 410 560 735 370 606 710 698 679
401 18 484 510 748 14 715 186 506 564 8 859 242 940 785 718 436 23 174 715 908 916 92 98 694 554 905 635 543 914 845 246 135 979 22 722 495 985 735 781 537 799 309 602 172 992 464 562 139 373 787 28 662 890 271 550 819 272 471 455 998 831 831 205 874 466 986 612 661 475 383 174 185 79 632 652 124 277 399 68 95 13 601 496 547 716 766 984 230 316 85 173 240 433 728 219 593 121 380
7 63
473 252 471 152 832 270 441
780 574 104 439 836 528 13
4 104
582 664 325 644
405 871 847 379
52 621
163 257 594 791 355 598 614 859 187 563 1 838 367 496 290 907 812 603 326 352 667 520 961 858 548 510 259 987 46 732 526 707 269 478 93 577 647 471 654 894 99 282 297 869 235 847 770 636 352 48 322 950
861 13 825 448 82 254 707 211 270 287 216 6 107 230 707 487 917 27 796 705 616 495 179 759 476 654 4 115 881 628 403 447 160 329 16 477 523 795 28 790 461 189 55 904 171 68 909 401 33 553 453 529
59 16
133 30 131 538 513 87 170 370 993 911 290 642 656 491 833 930 127 941 902 681 107 386 616 397 333 656 287 9 32 464 137 133 247 565 644 4 416 75 718 76 286 76 611 30 170 797 44 131 214 771 911 176 619 459 427 709 651 918 813
141 644 887 207 503 792 446 578 151 429 497 582 896 394 460 728 168 137 765 129 300 151 258 44 779 808 730 175 290 347 345 622 558 694 445 302 420 743 683 70 552 556 138 630 51 17 371 975 387 263 268 949 967 719 580 619 303 850 762
32 604
304 476 884 758 352 700 843 801 18 922 569 628 726 937 334 994 383 344 479 319 275 242 729 363 395 789 529 693 578 561 971 2
192 628 978 461 225 1000 72 268 205 651 377 909 553 125 351 502 648 679 281 878 243 267 21 995 167 192 627 650 908 61 824 975
20 608
903 122 328 970 673 27 166 117 264 454 229 456 854 201 66 808 732 422 465 882
98 478 342 278 621 798 784 698 135 315 167 273 331 314 952 87 843 175 79 188
2 135
142 36
321 351
17 743
52 390 834 468 998 626 526 297 699 925 579 861 78 323 463 991 870
334 118 37 962 91 506 926 808 228 70 789 743 991 182 121 906 939
34 914
285 956 814 162 73 806 565 254 600 499 585 78 214 812 798 970 928 307 419 638 235 597 610 595 317 786 839 633 21 569 52 716 889 781
902 372 486 478 332 28 540 428 750 702 709 777 991 906 200 66 891 365 728 628 958 251 846 949 952 658 367 586 110 168 57 229 812 661
5 967
756 556 1000 286 548
620 514 947 675 748
71 215
594 158 885 764 191 400 553 573 105 930 786 214 333 633 45 200 251 409 445 818 693 830 470 320 114 606 119 356 697 558 180 777 582 587 676 830 873 41 508 670 221 728 18 755 586 808 984 364 512 573 760 806 93 564 299 340 633 950 241 387 519 186 184 682 230 477 499 513 927 684 949
896 266 62 623 491 690 398 762 217 617 155 80 826 346 114 842 77 474 112 42 614 424 89 997 514 504 314 537 803 44 770 235 478 141 505 985 165 429 687 566 40 548 784 825 78 248 864 711 363 164 885 540 175 904 489 690 902 966 612 319 910 724 858 531 637 516 955 824 952 348 204
48 764
174 977 214 807 367 854 619 283 691 244 305 690 543 939 671 202 977 185 701 794 893 546 543 598 589 897 699 871 877 171 861 682 349 879 741 283 820 88 420 640 905 837 968 74 409 154 746 167
788 623 970 999 581 170 918 47 931 461 57 836 361 77 851 896 86 498 644 75 387 258 175 509 826 440 90 161 336 249 725 880 86 624 50 14 95 576 158 670 434 654 55 469 790 575 76 591
85 400
928 493 64 365 780 818 779 577 17 310 119 317 76 441 301 490 101 275 69 176 812 407 536 529 4 878 681 483 276 261 48 961 618 432 373 781 209 211 487 177 73 523 462 77 658 840 984 123 76 614 356 295 791 105 418 573 761 598 73 405 849 722 535 319 951 697 489 301 8 858 300 536 112 391 923 486 401 729 665 431 570 494 572 615 262
127 393 916 82 505 604 461 844 273 52 341 604 952 531 356 926 361 391 707 398 690 494 847 756 797 523 34 536 913 388 966 361 506 584 662 646 859 170 424 677 656 152 206 35 953 523 268 667 31 779 773 304 820 821 155 223 794 117 278 773 883 662 225 430 969 738 82 820 389 374 444 944 376 70 443 992 854 277 46 717 470 440 829 421 65
74 108
723 964 457 237 653 35 318 189 984 478 380 827 99 928 380 714 167 264 874 461 453 480 636 32 957 465 894 567 453 375 88 736 299 747 77 312 64 83 96 558 783 217 274 544 305 449 947 530 695 724 158 138 594 556 61 83 626 770 437 44 120 202 899 999 586 722 708 641 214 117 698 254 276 968
941 900 660 767 86 863 355 330 567 687 869 152 880 993 36 418 428 232 749 447 92 889 726 870 663 653 89 431 204 477 226 213 872 914 194 982 543 971 322 544 487 235 528 497 904 615 252 614 566 576 365 925 29 371 856 976 587 150 596 290 67 697 875 55 170 626 717 317 250 612 527 942 667 881
32 809
419 208 592 770 205 942 711 616 181 793 604 571 936 215 323 888 178 745 24 32 579 302 982 532 851 289 153 209 619 508 51 974
928 149 784 373 73 147 62 795 34 784 975 505 395 850 880 254 594 126 376 246 894 547 982 938 297 174 408 606 205 605 981 820
55 715
329 149 732 81 449 938 912 772 585 60 537 962 662 329 501 498 827 462 157 650 30 820 165 915 383 396 292 109 536 521 389 679 664 521 64 175 997 448 298 670 938 320 889 420 621 358 441 97 543 521 410 746 665 941 208
614 414 396 293 803 924 430 319 990 607 99 762 300 63 619 281 715 407 323 502 983 492 811 824 342 593 64 873 212 725 448 376 80 257 906 561 154 285 95 189 998 746 408 80 39 144 364 204 792 72 199 517 400 780 833
84 69
977 403 107 491 169 827 371 841 698 31 441 189 43 767 814 8 512 470 716 38 570 118 863 562 340 329 105 806 297 747 131 644 79 906 262 374 583 149 589 94 321 492 571 295 118 23 127 334 378 297 553 185 838 688 683 308 797 789 451 660 965 91 10 991 912 295 949 83 235 354 491 150 847 231 291 702 795 927 172 780 171 876 229 615
68 79 178 2 478 104 210 487 758 287 598 246 262 964 227 587 738 136 410 897 882 511 444 774 158 543 474 818 363 735 362 922 825 853 234 474 834 971 615 770 346 707 980 298 29 798 978 316 855 575 460 897 290 483 501 820 812 171 544 23 152 79 555 772 304 228 246 147 761 266 793 497 59 965 517 765 645 422 967 49 48 25 83 949
46 117
47 756 455 556 948 874 161 706 564 132 854 286 123 404 366 741 835 303 957 344 418 403 949 292 436 435 994 501 897 549 238 276 271 120 929 912 740 536 885 526 427 308 26 671 274 293
49 525 710 606 276 832 800 227 376 919 157 877 424 535 904 610 306 848 462 743 929 73 365 303 245 327 148 282 184 712 469 918 536 103 926 799 974 170 620 424 709 551 434 524 649 861
55 238
628 472 987 251 368 424 222 274 308 208 297 550 865 620 941 812 24 728 500 567 691 373 375 207 522 619 108 580 98 791 593 56 261 309 620 23 716 917 562 752 97 487 996 61 809 705 332 185 333 604 231 916 403 46 970
72 17 520 491 231 262 932 304 869 555 227 968 593 427 362 613 225 70 887 11 305 916 419 838 821 452 541 613 199 28 732 598 370 355 363 11 543 225 785 679 627 165 964 213 326 415 227 218 283 609 281 65 388 362 100
7 531
775 666 218 980 445 954 204
307 68 102 446 291 129 437
23 769
455 379 919 462 994 114 485 108 535 568 338 336 79 108 422 857 674 206 311 516 591 846 522
874 285 427 473 22 233 475 851 262 692 464 161 591 928 188 768 854 393 782 214 416 898 236
8 901
465 101 635 857 912 766 482 610
170 800 754 866 377 340 584 710
77 782
902 700 926 141 298 64 268 368 465 506 555 935 197 928 830 777 727 382 107 622 378 690 877 606 953 656 883 918 418 163 529 713 865 931 678 838 739 213 458 968 891 524 684 338 743 574 905 212 385 208 783 408 456 154 736 206 794 922 938 236 283 856 912 526 289 373 510 367 409 122 711 62 428 959 128 338 136
585 624 14 726 458 683 748 130 697 422 641 240 363 176 547 267 657 946 381 839 899 208 133 326 712 82 94 328 656 262 626 405 595 885 885 41 295 245 490 718 544 821 978 13 448 60 452 36 455 206 834 62 603 182 15 718 218 425 79 719 734 87 510 962 746 963 386 81 484 9 668 685 349 113 473 639 660
72 808
367 311 372 176 277 880 169 473 85 350 549 180 887 922 506 778 118 896 682 442 207 524 549 146 353 345 592 562 71 457 803 439 514 882 851 110 915 272 684 130 27 153 191 413 120 614 660 911 550 265 496 11 835 172 204 464 564 212 539 13 699 280 188 400 103 673 619 732 513 444 376 983
157 10 240 344 296 29 877 411 899 650 336 463 491 524 607 524 677 470 687 189 907 871 712 874 893 520 250 179 8 929 596 997 829 87 571 533 562 491 65 235 131 498 847 678 677 933 79 69 641 190 337 931 576 175 108 284 789 407 387 76 623 141 269 787 787 41 711 37 128 723 535 187
79 901
744 897 368 84 751 214 764 81 219 73 690 82 901 833 72 436 333 188 297 564 147 806 346 877 511 300 789 606 233 618 639 443 260 986 699 543 980 250 325 28 301 609 990 861 565 129 808 685 723 42 393 375 15 547 575 546 751 808 701 988 890 424 899 839 459 743 925 728 948 138 405 319 812 257 415 700 35 192 496
32 767 349 487 32 213 824 421 601 174 289 196 14 332 446 754 831 258 779 152 160 450 551 193 961 650 628 492 119 810 673 239 576 516 969 416 151 677 300 789 603 633 561 679 318 973 873 809 303 155 460 62 292 653 826 453 977 746 452 591 832 83 507 692 939 959 830 14 212 895 906 164 444 349 133 678 430 265 116
38 625
3 406 527 337 883 697 631 430 867 578 817 275 895 123 256 738 280 367 946 861 343 80 561 716 346 766 245 464 555 918 245 417 46 296 885 229 633 173
380 592 556 235 323 69 402 74 477 73 866 784 701 625 858 581 303 463 516 437 335 529 375 233 100 132 706 255 957 335 847 745 440 59 559 929 690 49
86 605
118 164 316 453 753 919 644 335 402 21 310 490 225 121 556 411 523 13 922 827 813 942 386 746 776 622 47 177 41 913 930 485 715 49 839 860 997 758 234 78 208 436 588 882 714 803 440 563 103 351 709 330 27 690 655 19 43 925 282 637 884 514 234 977 618 436 816 256 856 880 494 371 251 994 974 58 136 530 482 233 567 463 981 416 365 948
398 959 114 665 151 443 129 528 155 426 595 829 879 963 717 465 768 402 347 533 325 87 223 348 771 422 537 265 521 390 130 842 317 439 968 405 304 262 553 714 589 44 561 436 424 302 650 2 929 836 757 55 691 654 356 332 384 63 376 842 852 488 209 612 14 600 285 99 968 500 147 809 105 726 574 787 236 976 27 62 910 657 137 588 182 403
84 686
472 975 403 791 412 873 750 650 180 311 640 334 760 122 437 131 382 361 295 822 85 847 576 330 323 441 774 354 256 414 15 791 186 182 958 654 431 422 836 233 130 198 461 294 68 132 2 610 706 49 849 182 638 118 639 67 193 499 338 163 776 776 722 354 868 51 497 26 313 980 742 434 808 851 310 912 856 831 718 728 12 411 452 204
310 573 134 697 953 422 245 775 543 993 2 626 705 733 804 677 279 406 944 80 203 589 403 536 477 551 341 342 587 749 503 541 503 886 351 453 750 47 931 323 420 758 295 420 604 719 17 275 895 784 337 424 967 554 506 186 760 763 88 164 855 490 728 534 388 565 3 599 913 257 319 838 134 862 228 755 760 570 317 340 19 541 929 905
45 576
41 757 977 172 348 777 358 549 860 188 589 341 673 780 667 823 545 251 855 101 929 509 541 164 736 635 757 731 322 710 842 550 533 933 987 913 117 370 850 83 368 654 460 807 525
557 472 260 446 384 383 738 165 216 746 153 80 586 559 965 101 219 336 171 853 258 769 257 291 155 130 95 133 861 577 297 629 939 733 800 319 674 184 100 525 906 176 126 845 680
