13
32 978
314 462 498 255 586 17 612 725 398 420 802 471 958 646 633 823 819 342 67 463 195 942 42 347 190 743 849 489 15 750 539 811
744 465 199 251 248 57 252 757 789 465 195 769 700 994 211 444 109 410 607 188 395 329 595 947 32 389 247 986 26 385 213 286
62 541
584 782 989 612 535 319 873 840 463 267 680 333 941 785 690 299 69 97 96 824 611 667 934 177 966 545 58 773 279 497 794 319 142 236 830 105 799 320 363 247 817 7 410 894 944 473 770 269 303 548 467 862 362 790 418 882 186 686 916 854 732 359
970 272 335 485 330 146 291 615 957 370 816 952 376 731 748 386 206 989 760 198 336 248 251 690 221 564 552 757 221 540 233 40 609 877 509 980 236 817 730 560 796 463 601 738 931 67 10 523 231 413 644 875 376 541 875 915 896 490 822 459 44 523
21 984
204 693 520 503 192 889 36 361 688 103 798 537 413 313 712 813 987 935 734 640 419
736 176 272 527 229 461 956 456 141 656 840 982 765 358 965 34 35 659 162 35 435
19 278
255 499 102 837 917 493 757 667 625 664 166 433 232 100 988 137 327 175 368
459 602 764 572 190 229 569 468 909 261 618 992 769 966 928 107 984 6 830
72 225
519 505 947 396 150 948 859 1000 956 835 295 203 339 179 508 338 93 146 693 18 240 266 31 854 425 436 864 72 971 914 226 761 932 392 826 70 475 959 391 487 133 262 9 252 904 367 676 900 359 448 32 78 93 49 51 964 989 935 924 497 583 701 39 386 561 771 527 178 690 14 663 325
539 40 400 302 832 277 998 400 981 35 408 77 197 779 785 489 666 158 382 462 663 440 605 674 317 358 917 173 61 677 195 65 975 725 803 171 676 247 790 569 376 3 137 266 677 766 237 754 70 52 84 641 120 609 529 862 998 314 245 965 686 818 109 987 903 412 180 75 191 815 168 842
71 418
637 71 236 627 862 178 997 599 109 44 151 493 910 141 354 115 637 810 814 214 944 514 778 458 776 409 74 960 412 588 446 16 972 490 419 421 331 161 591 472 966 442 104 476 975 384 993 109 806 420 820 946 378 752 480 52 565 452 244 47 453 910 806 54 459 874 150 1 468 836 462
260 841 53 891 520 916 389 856 430 986 551 76 933 577 32 703 708 324 752 722 678 227 760 827 978 430 744 50 96 248 5 305 436 847 497 408 82 747 938 46 175 131 452 803 149 781 168 187 279 934 452 659 401 755 556 64 130 206 59 90 454 778 312 264 138 918 546 473 11 668 807
9 483
982 188 242 159 397 38 130 77 473
489 29 516 316 995 31 188 39 236
39 271
797 476 107 371 605 191 946 415 90 899 644 631 400 208 278 77 735 293 152 549 788 206 629 346 949 110 299 198 676 914 76 699 468 376 567 682 122 270 403
87 910 185 250 941 505 869 913 266 854 916 128 662 692 124 830 640 451 832 672 70 328 542 214 634 699 7 409 74 673 565 970 527 928 316 479 226 110 253
58 996
741 150 453 712 199 395 729 523 6 846 108 885 676 432 368 873 172 74 341 424 88 252 764 760 898 453 117 818 664 625 552 153 242 632 872 800 571 433 18 193 553 238 670 222 229 842 532 716 838 236 901 506 250 89 296 580 522 30
507 760 339 942 495 511 817 812 878 970 203 475 802 63 542 381 836 183 921 481 28 638 401 766 12 146 751 215 301 671 354 207 708 514 809 229 332 862 361 975 270 595 885 801 498 574 766 27 555 678 970 892 998 912 156 356 759 390
28 578
749 389 716 661 816 887 856 965 765 34 710 353 932 459 554 893 551 990 793 422 736 990 877 364 674 155 78 380
153 793 675 507 129 587 427 830 458 656 363 981 724 259 446 110 938 106 129 110 657 179 235 319 773 728 607 982
53 612
891 366 583 122 56 851 565 471 552 442 166 296 253 18 263 124 174 485 162 856 391 706 506 348 744 582 290 133 35 838 956 208 538 429 498 362 180 265 714 446 764 831 193 485 994 851 573 275 162 598 209 718 520
676 688 562 931 475 425 673 996 34 756 332 76 812 744 373 254 210 428 399 347 258 985 123 407 824 590 334 802 761 561 763 739 745 605 174 982 167 149 691 758 497 252 869 687 334 835 350 800 806 119 378 316 305
77 908
742 413 313 876 852 63 968 188 539 413 881 470 224 930 462 910 271 637 795 879 706 588 405 544 451 268 269 250 614 597 250 993 396 328 916 296 234 126 431 825 198 673 439 312 635 147 633 470 374 50 950 496 419 29 929 545 912 726 386 385 480 473 698 715 827 904 952 738 460 778 109 505 799 65 54 563 267
92 977 832 340 715 658 176 213 550 743 85 131 150 524 563 940 170 730 452 198 648 743 383 169 51 97 101 195 127 318 571 568 685 667 794 452 731 535 499 478 35 699 843 161 956 694 910 165 97 926 574 932 147 222 646 590 474 255 491 659 671 898 56 427 312 670 252 159 652 968 882 853 349 364 581 197 212
16 879
986 81 387 430 678 330 529 624 346 95 691 866 576 956 605 44
881 465 632 74 984 30 294 183 685 854 971 336 771 226 528 323
