57
32 908
756 773 69 591 917 652 874 638 66 261 652 319 278 895 106 561 920 582 583 155 551 455 351 293 899 734 864 562 700 287 750 656
896 951 158 598 69 57 145 439 36 175 334 74 356 880 90 618 246 523 694 677 462 991 727 732 252 457 710 474 876 951 911 560
39 270
379 123 578 938 693 41 976 675 93 401 701 319 572 312 907 95 606 827 591 283 505 728 883 302 387 322 793 831 804 718 915 144 308 145 154 162 633 503 641
382 156 643 730 893 674 410 848 741 127 360 57 20 372 864 45 26 723 778 528 317 866 898 146 116 864 564 557 481 767 743 157 969 235 717 182 453 164 656
93 49
851 298 679 397 681 591 511 233 393 467 966 121 294 988 595 102 856 695 913 280 252 932 516 25 95 468 869 101 995 707 510 317 425 754 345 686 161 551 282 613 759 862 561 551 913 733 503 852 215 57 284 827 247 588 147 539 986 16 14 66 886 680 905 951 47 990 654 291 504 160 653 567 340 434 60 443 316 20 572 465 747 824 337 823 42 820 437 688 702 557 784 929 874
256 50 167 430 336 876 405 671 910 291 711 783 392 281 150 313 401 923 78 718 974 436 431 617 302 447 695 282 798 67 588 234 834 511 684 802 279 684 569 10 368 846 163 151 368 514 461 948 488 142 207 103 964 938 187 809 904 237 316 489 86 281 448 605 873 994 892 484 521 758 297 748 106 145 156 289 32 805 865 762 512 687 427 969 867 961 779 729 862 988 508 219 761
48 184
437 812 912 197 213 629 878 27 820 233 681 62 829 83 582 663 558 777 714 872 790 590 984 587 640 739 828 126 982 532 911 317 324 169 680 973 105 188 178 413 261 290 617 212 1 140 205 998
979 459 207 230 769 218 609 527 505 556 265 53 560 954 928 682 250 136 442 334 153 786 692 385 714 590 521 509 497 386 246 933 747 492 234 45 19 321 516 766 966 411 326 823 971 331 922 28
21 520
277 152 986 516 783 180 785 923 300 159 128 30 303 120 547 300 256 497 67 846 552
234 979 583 58 150 508 535 455 24 583 313 916 315 746 869 323 30 422 77 35 239
11 694
239 251 217 132 525 261 225 580 727 812 645
210 955 248 353 525 861 972 16 505 304 405
33 697
221 229 815 477 818 415 699 406 670 221 17 177 942 329 229 512 896 286 401 114 42 550 648 493 813 232 865 304 683 577 998 793 799
834 328 281 615 741 50 186 213 456 797 440 577 176 519 805 402 16 839 744 548 639 481 309 822 676 606 349 101 189 440 354 713 20
84 325
435 330 249 563 835 517 830 533 223 666 290 779 401 850 323 395 127 422 558 369 442 324 106 590 7 996 579 126 987 924 248 740 27 845 391 486 508 6 399 525 372 10 890 475 308 799 564 597 556 651 174 945 616 840 328 659 428 603 510 591 747 380 882 991 418 286 444 564 488 521 387 631 313 501 426 800 599 263 129 728 879 732 144 600
345 79 902 369 447 853 470 26 595 997 562 699 196 220 566 385 632 669 878 922 975 519 938 420 785 788 301 248 690 720 853 186 34 716 324 299 327 615 626 604 43 826 234 533 63 309 484 230 129 208 669 529 868 609 535 82 425 275 778 684 961 628 113 969 523 911 962 626 940 999 308 124 567 695 144 382 880 105 246 141 196 840 779 349
55 344
140 581 433 522 440 174 394 250 611 130 995 258 618 599 858 972 228 701 470 528 569 625 202 365 872 959 226 841 947 485 680 557 217 442 995 724 861 450 323 343 337 569 387 803 106 757 439 333 686 56 468 439 678 418 534
151 605 840 479 647 764 520 689 880 260 168 699 863 506 263 220 593 629 755 620 59 667 469 965 156 52 654 486 495 355 559 648 916 854 289 271 592 737 374 364 829 48 665 578 405 83 65 320 734 791 2 92 855 510 624
74 651
285 213 306 145 116 707 734 837 296 566 608 789 563 484 348 876 263 789 815 657 68 707 960 569 43 345 845 607 848 964 811 346 281 727 9 93 514 957 262 426 358 802 953 623 911 894 219 550 428 862 973 383 269 403 786 426 681 654 253 386 596 302 443 446 119 132 482 71 542 776 990 578 600 374
549 624 545 333 643 334 849 164 156 291 848 927 81 25 731 731 143 327 499 979 497 467 138 967 248 889 754 383 463 459 791 283 759 698 14 254 92 791 239 895 516 938 162 76 328 756 580 87 605 62 581 687 632 335 756 70 420 30 343 295 43 848 601 288 516 706 300 453 648 908 610 9 550 357
46 749
352 3 524 751 957 274 944 105 590 63 352 980 859 430 809 200 738 466 394 418 670 206 613 950 27 785 732 900 598 664 722 587 445 903 972 684 908 509 401 262 55 915 446 519 724 926
985 65 882 604 248 125 682 726 175 388 7 72 484 474 115 623 51 669 138 48 434 722 137 799 474 66 801 676 792 135 202 731 319 755 651 803 382 27 939 924 472 838 370 894 53 677
41 878
757 185 521 433 940 525 571 499 809 41 458 248 233 851 162 262 6 629 656 263 64 131 898 953 485 439 175 732 226 638 763 387 733 619 773 234 718 632 244 431 656
465 658 305 483 297 962 971 466 11 253 887 229 624 165 269 771 132 980 614 86 532 18 119 746 611 390 942 167 491 473 42 730 145 578 885 574 77 322 328 270 192
74 515
112 562 129 182 495 237 225 859 681 131 918 770 358 929 12 472 941 699 107 717 185 969 785 546 107 245 857 101 743 131 411 881 39 972 557 477 593 950 631 599 975 216 27 485 871 253 230 239 81 234 749 395 826 715 995 882 841 898 518 352 310 112 501 276 726 756 115 146 773 956 940 317 856 214
252 617 22 631 410 647 457 24 354 999 316 839 901 112 593 466 903 729 90 500 314 861 275 924 524 13 198 241 63 419 448 557 102 709 501 881 731 409 496 822 22 407 902 139 708 732 105 58 155 618 584 141 997 385 91 200 598 72 482 689 91 204 942 835 71 597 152 687 519 549 321 375 962 196
58 614
390 492 362 276 467 242 339 898 605 172 599 78 463 627 275 751 48 644 649 915 462 257 652 490 166 648 870 279 882 942 20 274 319 856 906 418 707 247 862 496 240 344 979 404 344 317 281 978 755 293 571 536 169 641 126 366 847 353
224 559 978 689 59 446 221 468 763 948 138 751 965 112 800 874 921 169 804 959 548 842 249 680 280 458 93 715 443 236 974 149 475 196 119 552 408 129 61 328 715 865 824 165 872 2 316 346 186 579 62 694 288 291 198 801 918 689
38 258
852 868 173 951 690 107 860 112 27 841 673 406 934 971 433 202 242 252 666 981 835 939 327 492 487 723 644 13 846 960 905 946 460 290 771 584 623 156
508 343 30 64 311 481 69 869 299 173 605 845 855 816 212 262 568 580 530 919 976 119 792 63 154 485 544 983 593 335 375 884 751 241 498 916 247 650
51 872
355 783 455 944 96 173 558 457 465 980 275 96 728 491 569 767 332 781 498 758 562 928 285 298 785 316 760 478 357 526 236 382 586 876 951 935 815 321 309 219 268 985 608 914 241 927 688 801 789 108 199
618 58 106 161 59 963 804 244 341 660 674 611 936 550 316 341 549 673 436 337 455 130 98 387 750 930 363 431 538 637 337 412 254 647 724 190 782 434 537 388 871 399 291 991 994 300 506 116 864 883 405
5 360
509 567 213 685 934
33 281 184 71 658
100 73
457 773 326 908 964 464 980 400 870 496 266 982 513 387 913 742 645 504 95 369 425 749 991 953 610 473 892 942 726 924 116 38 169 228 433 589 28 192 416 217 206 477 883 764 596 588 433 642 752 591 623 702 958 550 467 497 803 704 202 713 497 704 956 668 135 137 844 709 993 292 634 2 13 686 910 956 90 875 484 337 154 788 288 862 375 386 938 568 801 865 269 956 575 33 664 363 739 995 897 157
885 213 350 17 484 942 96 2 52 408 585 612 733 709 528 646 572 213 685 261 639 2 188 154 399 713 479 431 809 939 368 277 789 228 447 570 419 825 114 359 567 617 493 997 688 765 553 950 771 295 572 838 325 102 513 798 165 698 282 483 799 100 204 606 314 237 945 72 116 100 326 735 324 556 465 613 378 493 737 36 669 38 456 447 654 850 961 885 534 646 247 821 192 170 947 143 198 61 174 776
17 604
599 709 581 663 41 562 115 717 511 544 710 336 470 8 851 730 272
403 655 270 706 651 311 136 220 38 908 938 330 561 281 665 204 266
59 260
296 199 544 521 568 460 265 957 533 360 958 459 694 555 268 131 85 703 686 942 482 166 279 632 647 737 795 205 756 604 622 330 437 60 992 193 948 119 743 341 625 568 13 300 966 950 290 601 117 139 1 858 846 624 570 897 179 208 643
76 377 577 541 323 403 172 679 390 827 652 681 597 811 976 149 859 163 323 729 117 790 889 27 288 492 636 198 163 214 58 6 709 531 378 768 702 180 906 173 42 552 13 147 114 30 519 983 317 587 763 252 587 984 652 593 244 558 273
77 96
332 553 942 908 593 650 752 742 597 879 826 551 603 179 762 704 440 596 573 556 781 465 971 523 298 80 244 126 786 877 631 734 88 781 511 700 97 412 266 354 672 451 476 65 131 398 355 367 130 533 825 300 578 106 943 100 871 460 718 842 648 191 986 478 345 851 79 590 654 611 902 662 493 556 318 216 514
586 120 746 306 220 376 741 114 872 296 79 523 45 224 827 232 188 290 24 687 598 848 17 949 682 212 96 354 59 222 968 515 717 86 987 749 931 118 180 446 256 262 800 896 270 629 756 417 408 737 329 448 809 186 836 762 968 727 792 679 273 195 104 481 439 66 977 3 897 458 295 768 750 870 478 337 607
14 535
403 333 922 868 763 577 494 497 776 64 615 598 800 818
508 164 856 871 595 3 823 657 587 358 641 464 369 145
67 675
728 597 17 249 188 579 625 626 522 669 287 916 460 736 103 741 167 930 126 877 951 859 400 167 288 470 286 165 90 741 640 750 810 186 585 234 725 100 8 466 777 989 677 741 774 753 1 464 318 866 80 686 243 88 789 325 959 956 897 870 277 805 283 471 44 610 361
8 104 76 59 678 831 935 677 498 72 902 265 734 151 380 525 845 836 172 287 324 671 422 611 459 417 381 324 944 610 316 647 199 434 337 129 168 926 588 279 784 814 263 877 549 753 894 312 852 364 668 816 348 343 481 720 61 326 841 630 801 704 735 806 681 472 590
41 627
804 197 455 82 952 312 278 208 503 884 676 597 907 824 791 236 140 880 388 215 848 970 184 900 479 465 239 215 634 349 567 598 697 464 720 341 754 461 512 422 643
533 977 714 311 491 300 796 897 665 255 68 537 314 579 339 297 185 230 115 826 809 271 422 789 148 395 278 803 598 48 88 787 381 942 951 325 327 108 701 132 442
91 177
362 440 446 147 942 728 831 26 169 921 804 884 81 472 542 945 221 204 577 234 518 244 612 662 691 137 769 771 282 307 202 717 551 481 85 735 238 8 106 848 199 496 686 458 733 969 838 423 895 376 616 239 582 898 997 463 14 68 463 835 774 655 701 32 30 7 999 197 643 597 427 472 155 485 792 674 509 221 316 822 130 205 693 141 311 249 526 54 704 456 821
582 709 481 530 625 35 812 979 687 294 170 977 318 183 510 417 494 963 567 758 896 641 783 743 559 632 801 876 457 449 873 749 763 754 878 884 638 817 401 439 112 462 699 919 989 307 914 403 479 872 91 14 30 760 740 919 835 638 658 885 299 974 607 151 383 738 200 998 89 999 515 642 190 951 247 339 190 295 926 708 450 943 869 965 450 184 167 343 391 191 480
22 403
526 168 288 223 973 515 653 121 548 264 222 276 67 111 335 329 230 153 398 468 345 731
627 239 793 698 4 543 605 396 866 906 355 639 328 227 939 315 560 825 938 820 778 560
68 282
729 600 289 417 449 77 470 455 145 231 518 628 224 671 703 227 616 66 78 68 237 439 74 279 649 774 490 605 100 13 68 848 554 45 418 894 760 977 550 392 672 276 309 529 383 567 821 683 543 114 71 37 863 844 214 599 896 151 253 341 855 435 879 736 487 382 980 608
984 289 308 636 11 477 462 860 724 80 479 491 303 218 266 916 455 737 941 684 446 80 67 535 122 860 147 174 785 274 172 255 325 459 56 288 357 73 422 845 38 435 635 626 967 680 991 992 58 763 973 137 600 384 228 403 204 418 504 424 540 727 790 814 661 831 34 676
47 648
9 255 208 915 343 943 679 194 718 602 223 445 225 318 796 24 755 195 360 997 181 753 121 247 797 620 573 50 169 824 738 703 808 150 244 931 417 797 602 470 83 874 564 374 813 115 488
405 850 328 713 411 590 465 571 698 362 198 597 345 579 161 372 322 461 13 796 304 970 211 89 15 39 347 925 455 49 871 36 529 159 449 373 884 342 232 764 311 84 97 827 725 999 544
44 85
830 261 102 554 873 433 525 987 439 883 765 521 945 744 206 225 363 707 368 167 85 766 17 300 571 763 861 228 932 401 499 426 839 608 673 548 499 392 274 777 859 343 984 516
599 388 138 876 822 668 991 954 478 954 464 465 452 295 138 135 808 290 246 454 756 345 739 272 858 482 777 706 463 456 206 539 225 245 61 380 149 544 133 266 302 679 809 541
39 426
523 116 710 424 681 589 130 848 222 827 304 60 63 218 808 604 707 112 758 929 799 246 279 224 993 652 746 530 142 849 817 127 858 7 91 888 255 578 596
301 152 841 715 512 488 686 486 726 506 220 708 91 224 486 74 959 484 463 88 601 402 585 854 380 212 885 770 324 766 969 373 801 330 769 304 988 723 114
63 454
295 64 746 563 67 825 513 546 709 210 735 45 729 210 562 776 361 784 783 498 768 951 902 813 230 79 412 654 602 206 970 122 862 601 12 978 586 977 364 898 504 726 17 117 853 205 710 297 736 153 720 243 264 953 350 408 967 581 655 72 321 953 70
861 543 524 52 248 607 659 107 90 381 532 357 311 528 489 837 677 187 207 825 616 218 257 925 473 306 139 214 149 266 597 943 998 983 733 799 834 417 663 170 465 403 249 543 864 318 560 487 392 457 206 511 203 109 701 659 995 468 133 341 575 59 456
100 163
575 326 229 537 667 727 103 720 716 945 738 212 11 893 745 754 629 591 378 113 976 2 293 822 425 444 577 402 527 837 553 914 712 422 865 101 820 452 548 907 269 808 434 44 590 896 296 254 221 877 729 841 493 415 881 262 232 778 861 668 712 458 438 726 124 759 980 919 375 906 354 361 751 330 696 954 698 17 954 56 359 825 665 597 268 205 528 942 106 277 986 163 813 369 730 640 205 847 871 63
63 343 271 434 218 937 80 647 245 830 105 745 212 211 839 303 759 487 543 135 809 680 442 948 889 996 199 201 438 753 847 406 963 604 133 615 612 953 323 471 926 531 645 21 206 897 348 381 565 699 190 462 123 718 841 57 611 811 467 209 888 128 418 81 605 455 407 818 731 728 343 77 170 736 915 736 571 673 605 953 891 54 543 516 920 515 790 99 520 418 964 917 552 389 303 953 543 616 650 15
1 687
508
849
38 265
664 234 937 763 529 325 911 555 73 664 425 815 178 323 116 411 564 288 42 149 841 60 969 868 769 589 979 651 121 659 467 519 518 911 22 864 344 906
760 310 290 222 906 876 931 696 904 249 959 594 130 398 559 649 410 827 422 73 320 939 719 971 753 678 568 939 879 492 658 500 567 594 540 625 107 735
28 981
559 460 889 674 376 924 705 837 234 443 222 746 29 597 706 530 580 915 547 584 721 931 272 530 832 498 214 378
371 937 991 269 769 136 861 734 756 547 264 995 301 455 201 815 590 270 768 549 695 384 112 272 934 144 839 509
31 180
850 474 117 751 996 293 50 726 424 669 569 817 192 67 38 632 16 601 531 265 562 702 473 163 973 304 914 119 525 918 832
497 930 338 68 78 478 637 281 201 255 743 107 964 984 787 687 120 997 761 82 788 735 68 410 148 31 656 796 735 960 361
79 488
932 465 715 14 133 167 529 799 328 382 14 913 522 144 509 862 716 564 832 338 995 630 378 83 744 470 337 682 477 182 907 807 522 568 41 176 965 444 155 722 13 43 893 240 645 38 924 306 705 374 174 404 891 231 958 222 117 697 128 552 468 721 61 229 163 785 637 222 822 768 838 506 757 390 214 323 232 765 931
187 345 344 738 267 232 972 482 595 311 783 4 678 458 593 483 238 783 469 622 929 861 593 780 905 254 71 276 861 815 142 963 899 736 15 942 342 412 11 920 912 746 114 204 844 809 404 414 876 192 195 543 9 389 121 42 952 218 311 678 880 455 677 44 463 872 158 51 746 502 499 513 208 17 551 21 622 942 190
80 44
244 630 404 480 357 948 657 298 653 123 654 89 317 666 912 603 521 467 66 965 121 889 772 610 684 948 177 924 86 529 324 422 408 787 388 256 322 467 480 891 25 945 700 650 659 739 473 753 164 110 365 29 283 373 331 69 721 854 302 464 13 277 447 793 396 60 182 14 221 128 841 64 450 236 727 273 859 262 32 406
992 587 132 865 118 299 264 68 143 709 171 136 57 453 848 302 864 187 550 438 201 978 614 967 33 402 620 969 144 299 455 608 974 54 471 965 18 45 174 560 74 882 42 252 791 562 526 964 703 117 95 154 798 649 790 468 551 305 681 963 789 343 915 973 626 540 594 794 613 377 470 891 125 996 869 553 278 207 743 840
41 20
830 365 578 137 946 269 223 472 585 206 899 646 796 379 142 820 92 80 922 674 616 227 605 521 800 182 139 702 670 619 303 993 520 597 681 400 855 810 232 788 35
160 302 882 112 634 749 311 236 473 98 418 764 843 767 28 960 710 214 358 775 191 165 279 677 641 993 373 5 212 697 927 720 265 288 449 412 427 207 114 944 412
36 907
878 467 309 390 720 881 671 498 25 482 898 672 148 246 400 319 663 20 802 37 639 699 958 254 572 38 314 239 509 29 856 841 910 30 639 221
304 591 254 819 850 440 535 647 419 776 218 668 271 646 867 46 687 187 175 35 358 982 800 419 97 357 88 758 363 719 897 94 526 944 536 722
98 726
307 258 673 341 857 610 851 168 833 843 58 831 7 463 710 424 613 159 521 744 745 275 491 559 521 399 44 665 921 656 454 152 602 673 610 683 777 42 834 586 67 956 859 992 949 224 571 608 941 505 506 954 945 226 446 829 216 384 235 948 384 306 702 504 81 853 607 294 977 38 964 486 658 31 313 964 347 189 458 80 806 221 943 238 549 459 967 181 124 32 312 41 291 613 74 156 323 773
593 869 202 518 108 854 781 182 560 3 474 782 48 241 394 402 15 227 71 417 369 269 578 254 555 223 997 239 118 474 584 957 266 334 242 226 20 519 834 809 802 26 173 567 783 444 557 3 678 946 632 729 200 586 613 648 229 109 447 648 431 469 329 877 113 412 596 840 395 806 402 2 614 6 489 817 94 103 265 588 721 196 480 670 911 821 369 635 216 994 437 872 626 768 83 492 910 237
57 20
271 529 968 946 204 424 9 894 160 553 289 58 582 894 472 599 274 249 967 564 151 33 157 36 599 9 419 980 921 715 168 193 44 139 480 733 578 264 871 270 684 982 855 887 725 503 674 96 266 52 514 147 354 548 814 936 312
385 883 711 116 832 887 728 806 855 908 302 810 734 656 177 357 669 491 912 245 753 200 106 259 486 454 962 651 121 390 571 318 6 248 660 687 248 538 450 104 336 63 925 997 63 262 136 681 254 14 727 638 664 520 336 879 639
88 205
131 380 823 894 423 118 569 503 504 982 495 664 933 658 197 732 947 663 90 88 841 821 368 429 935 634 333 256 721 468 687 85 40 421 129 576 314 54 981 832 345 45 63 900 691 327 114 240 531 316 124 725 8 208 130 547 474 621 753 32 688 579 206 919 77 169 152 439 683 744 271 215 46 884 704 43 693 336 828 93 123 819 996 505 801 126 597 620
926 395 245 238 831 411 957 1000 849 767 196 944 93 524 998 972 743 980 36 905 546 782 41 681 399 705 429 251 949 304 712 236 266 584 389 454 925 677 634 578 626 963 460 713 573 996 419 20 796 429 238 859 467 197 987 440 142 434 386 130 477 430 117 677 43 349 488 813 244 691 218 459 289 987 528 674 89 126 705 872 358 624 710 647 419 301 731 859
38 626
439 778 411 200 373 321 987 641 459 145 500 94 994 763 396 884 281 668 105 820 394 724 893 620 996 261 32 24 694 530 542 439 822 908 104 280 634 251
826 392 144 37 305 401 733 222 582 902 602 53 513 87 809 910 948 483 631 410 355 597 869 667 656 771 124 348 444 883 882 169 920 983 652 627 672 124
32 779
27 906 786 243 220 339 438 396 659 470 399 48 75 812 816 716 367 832 292 655 724 154 154 932 910 279 215 320 716 957 834 467
695 750 801 664 592 498 62 877 355 863 970 823 632 67 862 69 162 18 282 625 266 864 900 193 245 152 570 292 849 634 618 510
61 829
284 768 927 232 197 149 501 920 457 623 268 374 707 131 963 563 46 894 387 441 485 49 462 356 340 361 146 859 918 818 964 847 774 262 158 788 1 72 528 576 901 296 578 703 14 548 868 235 940 568 102 824 253 266 39 742 37 684 897 589 660
589 574 653 888 887 752 550 779 357 311 839 103 50 686 127 554 639 79 132 417 119 463 385 357 868 839 855 786 891 484 437 34 104 208 394 999 78 39 815 286 862 325 997 118 712 233 817 845 462 350 805 599 256 244 600 661 192 629 132 938 828
38 888
756 760 802 560 208 67 710 993 946 153 985 659 599 135 883 570 971 414 286 687 180 984 552 652 868 822 350 55 896 488 485 613 667 962 806 959 902 857
307 314 24 434 956 347 791 688 78 866 340 649 533 926 255 155 219 707 88 275 701 89 878 785 247 363 5 372 316 724 189 275 305 1 191 346 838 916
3 932
799 129 180
403 182 343
11 45
219 745 718 885 350 699 256 973 943 504 216
483 260 93 136 587 213 654 461 552 144 852
28 596
320 187 115 187 464 731 664 127 826 836 487 548 383 451 944 407 391 248 115 517 583 493 832 292 825 830 51 643
141 909 61 539 949 779 382 2 478 403 827 358 793 227 745 992 147 131 213 964 695 514 426 199 576 320 374 171
77 275
932 731 752 565 274 486 733 769 413 205 850 80 258 346 47 888 597 148 228 314 967 932 913 235 408 55 154 218 482 433 941 655 379 827 391 301 964 852 527 23 849 311 958 503 221 455 581 106 346 44 562 455 864 358 924 629 664 265 286 710 785 795 778 990 277 944 382 927 202 180 824 928 847 755 200 937 400
529 240 203 216 705 799 749 434 896 318 960 418 76 189 73 305 910 915 906 794 854 598 499 828 283 905 683 111 700 444 898 862 631 481 430 614 616 580 164 209 904 842 304 575 706 227 581 907 732 684 339 714 712 120 467 621 897 246 714 426 163 4 719 687 118 119 437 275 597 216 742 75 959 523 309 184 579
89 745
310 258 856 788 738 95 312 726 837 537 579 379 802 395 165 782 935 224 392 743 11 971 986 231 878 864 888 107 740 171 57 719 319 445 267 775 173 339 390 988 957 571 667 144 267 45 494 883 135 9 599 573 713 736 154 118 784 892 537 522 845 924 587 695 535 16 687 927 79 970 211 243 386 799 943 670 673 593 516 762 87 179 594 26 449 47 479 141 46
527 880 43 27 137 312 31 758 85 311 26 720 730 647 262 212 955 656 224 240 661 436 320 545 753 350 295 646 465 335 500 943 20 736 996 975 653 48 269 268 473 644 523 812 48 986 979 341 176 10 257 619 34 871 912 723 504 880 674 968 660 73 713 238 605 824 262 271 977 889 887 327 311 503 914 684 793 414 950 477 638 334 37 601 287 751 188 213 291
52 446
906 785 493 679 242 618 806 226 938 977 484 833 694 15 724 53 217 878 588 879 693 21 904 590 462 405 785 294 285 536 359 149 84 655 852 494 890 253 453 345 775 373 921 794 169 560 489 729 772 247 451 332
21 607 824 590 415 163 491 797 540 926 982 558 68 529 945 126 60 494 682 262 863 182 269 773 50 59 321 913 463 306 785 394 27 523 584 106 65 793 751 503 798 120 991 98 443 824 870 816 269 434 160 224
12 805
141 529 79 580 874 849 623 504 150 759 397 591
799 582 99 280 201 768 646 923 505 742 605 779
38 382
953 852 224 69 507 597 228 479 710 997 744 322 797 770 849 203 604 439 25 115 354 563 683 34 846 479 752 542 615 584 622 907 911 704 459 358 80 399
223 234 854 360 621 54 751 634 3 179 424 553 841 317 494 795 354 224 103 10 289 291 170 714 817 122 294 82 164 530 210 873 125 927 338 880 538 10
33 405
670 989 446 42 633 261 234 336 573 315 136 185 848 291 827 416 325 715 848 902 559 55 233 828 583 676 686 392 698 386 558 65 608
620 853 621 366 199 549 441 835 351 109 438 673 452 715 638 691 15 49 327 497 291 471 941 846 853 642 554 741 172 268 444 732 672
79 167
821 163 172 253 576 28 171 944 304 295 522 614 776 972 282 606 220 449 988 505 833 550 685 406 851 228 460 308 47 861 658 355 734 467 589 881 661 449 635 27 107 747 273 527 353 460 186 49 755 225 981 447 697 1 797 775 282 432 706 502 254 767 139 956 545 206 421 870 162 633 33 862 559 973 235 487 11 653 890
264 966 512 382 306 59 875 420 105 276 561 940 490 448 236 188 370 56 187 387 550 900 637 587 662 269 994 19 607 443 151 745 294 525 717 521 207 767 827 193 298 816 468 925 18 153 231 318 634 930 745 805 116 475 332 398 552 656 135 973 776 290 698 911 443 878 719 105 131 750 742 611 338 880 137 693 559 381 339
