27
15 596
518 304 133 333 167 385 728 939 2 2 678 217 19 857 742
941 689 293 902 359 719 838 110 779 455 298 193 915 21 406
42 936
259 960 107 171 252 479 726 37 646 673 963 973 165 890 660 362 177 773 635 263 508 15 602 569 401 709 138 873 855 426 771 50 848 887 512 385 718 780 687 804 890 523
456 14 64 870 87 824 734 2 167 885 344 752 502 935 770 829 463 438 966 482 68 641 236 480 391 624 359 337 307 821 658 86 57 331 65 343 423 133 201 382 654 821
46 50
595 297 605 962 398 252 249 691 168 755 267 183 898 646 799 343 229 899 533 225 153 470 254 897 247 237 235 686 673 255 128 793 410 270 462 683 89 854 114 54 574 857 311 344 847 424
800 783 454 146 819 446 738 626 310 444 892 201 853 95 942 297 829 179 588 521 395 243 384 249 737 963 75 617 548 825 635 114 593 670 513 803 113 122 587 210 516 492 752 776 810 687
62 896
382 866 402 41 73 86 535 857 803 656 840 862 944 633 752 331 34 961 465 83 545 993 463 327 496 610 296 276 171 45 387 585 705 653 739 901 306 377 114 263 200 607 856 917 953 460 937 992 512 193 870 371 988 219 235 494 544 889 281 22 643 45
275 545 687 375 984 951 328 926 698 92 593 163 165 66 654 242 403 82 406 113 376 357 854 516 75 939 448 116 426 952 192 719 428 819 452 360 356 513 101 204 353 377 913 929 79 861 147 957 346 5 516 839 972 957 712 44 295 661 555 812 106 557
26 369
83 545 928 365 118 88 42 998 450 551 123 808 523 269 747 423 115 261 815 423 495 67 205 923 25 742
926 53 316 593 559 75 836 764 524 939 601 640 496 321 791 846 31 397 987 34 640 259 888 475 418 691
23 805
987 200 605 315 877 633 592 534 807 564 199 545 817 802 995 797 898 71 335 779 270 895 65
955 71 477 181 578 145 422 221 297 48 302 421 677 320 154 541 950 976 442 557 474 985 639
41 341
145 241 890 37 505 87 227 532 73 862 876 235 62 489 276 175 366 580 719 110 445 394 243 243 238 516 363 753 27 296 949 90 92 133 533 667 134 191 11 622 999
620 218 564 194 835 649 385 665 972 2 678 471 288 204 421 713 697 27 472 718 504 259 768 824 994 99 364 498 820 93 692 221 15 978 928 437 349 615 558 680 280
11 798
581 590 986 519 349 474 993 390 574 131 966
324 9 653 672 552 424 828 167 989 624 751
46 671
168 709 143 66 156 684 776 387 648 675 119 505 60 332 90 785 596 952 776 54 694 987 324 284 539 670 815 250 652 270 801 210 464 116 300 54 783 152 772 938 887 204 909 324 688 679
273 919 462 425 827 349 93 517 674 80 243 295 244 187 762 958 351 790 637 70 813 313 349 150 395 807 785 776 535 416 140 753 727 878 372 739 168 89 252 112 208 686 51 634 901 357
91 931
852 269 641 903 474 38 68 790 566 278 143 970 934 39 248 46 285 576 657 282 255 466 887 929 1 589 109 620 958 321 248 75 805 867 195 935 356 670 319 445 596 916 25 139 452 660 95 75 480 295 218 651 854 571 425 538 669 479 621 306 23 574 541 558 335 160 833 517 305 770 266 793 977 229 963 564 582 109 344 45 894 978 510 77 300 955 690 999 98 98 18
84 4 570 411 330 203 673 577 984 498 650 76 351 91 288 631 636 211 23 974 74 139 676 454 487 211 575 554 465 886 258 270 737 611 959 231 419 394 501 615 803 150 951 975 312 50 624 546 158 637 360 296 94 102 875 664 844 147 324 706 371 271 547 78 847 794 375 185 164 593 46 742 156 339 287 431 357 146 927 35 315 484 585 155 218 655 270 908 590 467 184
69 220
294 941 998 369 580 462 68 82 742 302 739 873 183 933 971 160 140 964 641 658 994 779 164 85 863 516 998 675 530 388 779 996 487 571 769 651 821 132 484 783 5 439 265 452 490 40 846 16 466 49 660 270 939 826 520 828 799 335 919 215 162 780 692 157 731 821 654 683 164
213 901 911 78 577 949 352 738 374 979 303 229 376 658 636 687 894 77 589 929 674 860 238 845 216 417 992 312 448 52 743 932 29 857 725 713 861 753 598 711 678 402 205 470 605 641 899 271 52 836 375 46 197 103 396 950 506 701 576 308 997 120 390 910 680 40 211 922 622
50 282
38 511 116 129 482 392 315 810 851 504 567 948 952 901 715 995 402 365 918 674 434 127 61 603 920 840 177 31 895 103 541 558 516 26 889 706 982 443 84 296 908 40 921 905 288 27 68 766 559 581
99 679 518 662 218 384 519 61 961 90 862 278 326 986 88 792 399 353 201 396 685 249 481 783 891 301 741 845 107 865 292 89 499 796 416 681 367 293 789 418 749 540 135 344 408 95 357 155 781 56
37 9
230 504 135 406 764 478 1000 965 884 80 625 36 840 249 206 301 347 880 604 246 552 547 157 453 234 684 949 685 726 399 544 605 718 634 277 417 948
850 18 597 597 486 878 327 995 915 62 473 511 799 323 513 670 109 48 626 781 961 275 300 343 452 608 894 262 850 801 596 367 48 601 535 82 393
52 397
279 540 401 755 191 223 384 720 601 623 847 502 648 12 228 949 944 725 213 363 680 676 577 87 986 570 793 949 448 196 864 84 306 901 587 846 747 696 910 669 566 214 506 911 344 650 69 102 313 334 262 757
519 397 834 316 983 273 788 103 136 752 207 807 183 951 847 944 241 949 396 511 376 931 309 480 589 91 845 389 287 960 884 999 780 691 353 629 121 751 620 895 991 138 762 31 952 727 816 67 939 347 539 272
63 657
184 224 326 912 799 499 889 142 723 126 653 46 280 965 702 151 487 251 640 261 24 124 63 697 424 657 545 8 226 767 632 950 309 555 737 376 693 157 254 834 120 563 500 471 902 398 320 890 717 917 152 340 517 259 193 406 659 870 478 667 34 48 86
504 348 268 29 472 255 481 510 182 288 444 865 312 994 932 324 228 396 369 330 817 464 145 239 938 885 684 486 45 869 938 389 443 707 987 843 929 250 330 542 226 313 503 701 661 193 553 769 139 309 609 585 314 796 439 729 924 523 399 377 880 594 189
5 998
662 603 801 275 435
795 431 351 265 13
24 640
145 418 695 988 730 66 273 852 230 493 416 859 352 578 971 719 819 202 155 953 669 537 702 207
258 369 654 651 663 834 317 314 731 965 411 386 882 92 729 114 553 91 595 450 153 171 579 597
23 968
45 753 209 182 432 714 764 492 516 596 485 324 317 641 996 227 372 441 835 929 121 541 115
328 234 199 953 563 310 654 60 131 450 486 896 11 515 172 811 128 354 33 377 326 100 74
28 345
703 548 906 445 431 849 553 483 70 694 283 688 844 41 547 627 529 572 169 282 880 656 279 826 924 27 547 108
559 27 581 438 375 877 569 993 535 614 275 554 264 177 313 731 257 442 863 549 73 961 865 954 877 734 595 561
71 433
440 696 311 262 668 632 582 451 679 908 623 813 530 998 792 87 344 602 180 698 455 524 325 629 762 619 865 790 43 776 767 172 894 53 873 450 965 972 839 127 695 867 838 7 59 567 994 537 126 81 486 299 381 262 11 387 24 378 924 794 597 437 703 618 207 711 410 540 422 272 395
988 581 744 626 920 570 356 407 286 754 194 62 973 350 63 933 166 448 480 430 901 646 255 379 852 849 340 186 38 799 102 395 864 625 883 360 717 655 218 132 779 63 915 443 62 91 258 511 676 543 980 868 572 671 956 952 444 706 171 326 190 446 826 839 47 16 723 644 197 867 627
13 164
36 696 825 189 379 551 952 834 160 872 485 312 128
721 204 597 100 892 45 219 627 793 749 340 494 612
81 261
642 253 238 650 255 284 377 15 989 848 882 962 858 244 605 575 557 571 551 212 784 714 126 420 36 4 219 967 561 806 533 708 510 249 752 388 98 302 180 708 958 58 190 448 580 408 471 747 337 277 903 96 897 527 915 76 96 721 495 211 236 630 355 270 343 683 533 31 807 9 325 729 701 177 119 63 725 358 29 874 796
39 91 442 365 334 716 656 284 740 585 173 852 312 469 588 872 377 390 4 609 741 560 741 425 754 769 282 3 357 500 242 238 483 857 985 641 114 440 66 804 697 818 554 980 436 208 68 425 93 305 856 124 257 347 79 209 484 38 791 816 706 635 920 602 446 409 196 305 944 977 453 113 944 265 845 630 59 973 894 442 168
52 131
277 492 173 22 812 942 431 293 412 943 738 524 106 82 989 751 667 252 735 245 615 364 275 914 479 374 468 935 349 742 390 741 142 964 385 944 499 966 777 110 152 796 120 497 953 277 335 771 285 396 536 311
43 713 804 906 412 214 399 394 280 285 200 216 268 378 462 577 493 428 990 346 529 849 201 916 84 394 207 341 596 910 984 408 800 502 232 38 598 964 154 457 72 174 152 660 240 789 785 338 847 434 190 247
6 417
398 241 281 892 160 868
960 87 53 803 585 718
7 69
173 89 580 678 757 357 652
608 17 488 72 183 545 463
27 654
333 666 400 374 356 613 425 31 617 438 902 619 507 824 960 634 943 608 786 805 191 223 547 139 51 956 766
574 475 174 690 682 282 319 936 225 809 780 630 56 677 145 803 338 639 624 492 439 317 753 153 537 132 337
60 878
345 927 922 500 692 47 100 808 651 240 830 617 473 602 357 897 449 953 864 872 364 944 250 247 949 526 21 882 387 361 482 763 672 300 915 241 372 99 781 407 953 379 757 762 501 343 191 191 118 886 8 783 895 118 389 242 781 819 406 246
286 427 144 356 951 419 420 109 164 883 912 59 55 170 539 929 536 154 834 895 336 89 154 190 305 882 202 255 967 664 622 773 722 539 949 137 169 373 834 607 948 731 724 909 266 843 537 762 686 242 587 613 795 589 558 116 536 768 68 477
