33
74 264
492 197 477 33 561 201 78 487 619 882 902 901 296 604 861 598 403 474 772 280 561 742 445 492 621 845 860 148 312 430 666 963 893 2 600 757 968 698 600 298 105 865 895 477 793 637 966 225 564 992 567 317 502 343 827 126 681 718 360 898 761 335 461 250 161 992 326 94 925 669 327 53 59 204
993 223 227 240 243 509 20 816 483 575 669 846 330 250 94 452 217 395 543 8 61 962 928 815 112 27 645 873 270 754 716 291 547 32 940 971 929 547 118 804 165 281 494 137 969 631 158 426 78 680 234 407 605 537 90 556 411 717 263 752 659 952 540 993 473 542 636 841 190 427 422 659 90 308
69 266
118 62 682 879 519 832 618 550 895 498 628 628 236 571 977 213 972 841 843 539 86 546 879 174 759 529 198 324 751 883 281 218 867 686 634 277 209 281 430 948 503 686 624 156 47 643 104 944 771 100 836 973 366 540 156 40 500 723 828 68 37 681 673 277 103 621 809 567 521
770 842 458 598 893 465 702 751 38 294 472 883 424 799 659 529 149 124 170 763 747 91 1000 709 402 129 844 827 182 658 410 272 846 417 577 928 576 152 811 232 841 217 333 477 543 250 692 889 682 313 44 969 973 755 583 30 75 55 321 560 762 74 440 743 176 297 150 241 272
9 495
771 985 426 732 118 875 257 580 107
96 722 840 921 866 38 863 31 710
57 553
887 911 919 681 736 913 547 117 108 839 709 694 827 182 36 583 641 158 920 809 715 541 566 977 112 794 60 795 325 161 279 362 107 138 11 140 738 437 804 287 504 192 359 976 570 332 870 793 238 270 525 798 48 323 292 197 409
559 886 820 129 133 281 141 795 712 738 52 197 315 352 96 343 809 33 448 709 800 622 712 639 122 884 284 491 901 276 439 538 714 386 301 397 607 153 57 46 478 703 756 706 426 637 978 712 876 828 608 473 362 789 94 697 343
87 526
299 32 963 8 426 71 166 612 414 143 247 244 445 887 431 64 677 400 787 238 909 436 965 688 946 202 891 88 298 294 171 27 382 655 197 216 524 201 462 836 658 396 6 740 302 339 927 854 75 535 861 303 682 201 409 839 426 961 846 999 296 809 457 43 354 230 602 320 666 558 353 1 215 735 846 343 253 913 801 250 86 228 815 821 898 710 380
689 398 522 478 958 799 894 584 509 312 829 369 168 342 366 895 545 750 333 510 493 434 454 668 897 463 776 940 609 746 124 627 668 94 23 703 309 178 961 969 603 168 92 181 792 497 357 667 231 739 120 828 836 10 609 385 981 270 275 397 425 268 124 165 669 939 388 508 56 883 114 470 132 506 891 962 43 52 136 488 234 295 922 426 508 70 204
33 344
427 741 453 559 184 897 701 964 233 183 325 410 1000 205 107 292 932 477 77 844 911 487 971 507 71 851 188 863 728 21 470 184 481
891 22 881 822 808 29 839 317 592 507 97 696 766 278 166 236 486 763 62 589 953 534 431 483 306 824 593 578 285 527 860 495 122
82 739
304 728 128 165 37 953 914 629 724 345 49 277 968 802 494 357 788 939 935 270 924 7 197 64 447 980 123 606 534 797 726 251 38 219 601 272 827 445 826 828 367 120 694 399 267 601 74 187 891 340 453 478 372 790 692 423 326 836 598 321 176 547 626 775 320 844 15 449 548 482 58 513 763 335 981 350 921 160 897 981 239 808
50 252 505 566 163 2 794 290 25 477 228 745 104 602 543 147 462 451 529 423 228 389 250 613 512 947 726 93 295 320 415 300 31 515 540 659 302 109 434 865 80 737 469 198 620 936 234 447 241 226 266 330 511 37 915 998 440 611 55 218 475 94 397 958 72 112 380 58 399 953 921 987 682 850 606 6 635 610 700 629 858 679
80 54
599 189 471 960 58 610 559 103 83 849 150 969 22 65 283 631 34 265 239 711 806 823 537 681 294 29 564 956 816 221 770 842 999 765 790 571 145 79 70 835 421 640 967 319 999 996 97 744 888 349 267 566 221 711 353 730 320 369 115 288 511 396 569 553 59 42 56 890 679 427 881 956 716 352 209 902 99 602 179 679
451 137 91 338 696 732 669 140 108 774 178 538 83 579 856 591 537 390 938 622 410 935 347 506 946 432 884 547 762 420 312 128 545 601 891 752 29 999 10 130 994 345 117 423 192 978 196 732 947 276 855 512 639 698 245 744 927 844 888 915 461 683 378 494 499 942 269 347 332 974 268 84 405 123 220 944 964 877 205 883
46 9
946 485 251 125 653 888 359 683 746 831 699 630 894 24 156 661 794 96 219 393 351 699 61 611 16 337 434 88 252 444 474 162 772 250 497 483 688 688 845 708 807 338 508 985 843 184
788 133 765 875 208 610 156 645 648 815 50 35 927 48 272 700 724 601 232 373 863 576 603 838 885 315 164 471 791 739 667 730 218 682 965 847 405 823 987 337 735 880 424 104 140 753
52 252
910 92 774 530 215 774 326 264 704 615 443 924 454 225 681 972 687 453 913 976 82 692 177 408 512 540 263 578 348 98 954 199 466 26 906 795 623 501 153 126 447 15 763 690 987 227 323 698 109 230 917 651
251 907 583 191 885 436 693 858 924 960 664 225 590 474 738 380 524 740 501 509 954 494 37 533 288 268 117 738 267 714 43 321 448 311 540 911 601 698 417 415 461 790 535 452 402 107 129 13 15 221 26 732
57 437
936 734 507 888 108 110 382 350 129 961 202 9 346 417 425 308 336 740 964 508 672 813 348 36 859 561 920 391 917 546 604 881 809 787 323 984 256 444 797 192 682 374 861 270 857 740 774 924 681 579 425 949 424 616 984 329 4
910 640 364 559 492 395 531 76 552 568 743 674 704 255 593 293 907 441 732 274 882 938 373 763 462 158 468 283 670 674 600 216 579 18 533 231 574 632 231 442 755 893 694 213 626 28 915 515 629 645 896 996 386 959 759 312 40
18 695
278 182 847 995 952 900 131 99 174 233 758 510 601 559 373 328 694 78
191 64 753 554 966 846 9 917 309 700 461 771 399 579 700 191 673 162
84 882
423 221 380 343 245 940 302 604 952 991 636 41 521 252 391 475 545 51 669 926 622 713 652 317 115 169 735 62 725 498 789 348 606 931 957 906 748 111 294 398 213 90 150 155 162 392 596 695 504 562 139 528 920 62 458 816 394 183 311 837 59 549 377 214 968 453 889 710 113 942 457 149 486 783 438 569 149 960 43 846 561 455 225 735
291 444 440 601 742 85 435 505 702 667 851 286 311 49 99 509 586 613 160 920 781 323 297 432 816 748 506 452 617 767 29 320 454 737 555 767 93 609 147 802 226 549 680 705 546 939 360 281 359 331 97 640 885 796 428 541 567 440 91 314 688 531 426 974 498 480 104 603 842 17 628 406 45 418 783 581 373 226 313 324 332 770 790 71
55 820
980 666 734 480 280 144 514 627 77 586 615 504 173 130 934 807 732 364 454 874 818 862 959 721 19 641 22 82 855 670 930 42 295 238 68 148 338 201 121 539 896 708 17 945 32 162 889 632 189 197 685 639 743 645 302
62 318 819 610 339 670 842 725 830 361 829 217 630 98 109 891 484 766 250 200 485 722 645 538 999 939 617 363 733 399 678 320 495 670 101 534 839 70 406 986 752 313 284 759 344 838 712 974 247 656 458 961 400 777 471
60 437
903 75 891 819 729 497 10 50 834 289 706 384 655 99 853 334 783 15 437 867 875 323 322 360 325 216 86 294 883 530 776 812 70 932 956 951 475 153 964 195 31 186 146 109 886 619 750 575 213 921 115 129 935 88 893 72 784 882 461 904
453 281 552 409 737 938 326 219 297 706 955 55 228 715 55 421 770 887 900 180 426 775 486 34 770 87 481 1000 79 664 675 144 1000 553 694 62 281 688 959 441 477 300 495 313 866 11 12 751 674 692 596 631 195 460 891 801 826 134 866 489
17 81
267 858 70 482 804 396 76 960 419 14 504 71 469 193 614 205 696
707 715 467 403 725 931 346 484 412 216 70 639 18 919 562 501 881
42 299
97 750 219 361 120 241 88 579 940 64 156 226 628 698 532 824 183 484 416 633 512 385 266 737 661 584 832 54 407 799 628 748 815 107 338 161 854 151 751 728 348 210
229 284 902 357 828 334 995 917 721 649 947 609 393 236 278 555 158 445 508 943 99 93 242 710 689 614 155 261 546 654 959 599 548 16 441 486 764 926 250 437 402 295
58 64
367 332 512 739 366 723 485 739 691 152 344 901 945 581 709 763 776 327 927 217 512 939 456 642 519 397 511 782 323 913 292 727 281 355 799 159 247 729 652 948 32 19 136 649 768 134 505 495 108 251 462 542 782 295 978 217 364 21
636 979 606 428 711 849 403 927 154 16 588 228 487 892 250 344 14 8 676 608 179 570 621 991 378 846 903 641 93 549 676 664 795 646 497 696 65 923 843 777 936 732 763 10 975 695 136 219 202 649 218 484 819 258 695 166 970 632
45 745
395 331 578 740 19 844 66 774 680 386 607 630 189 62 987 839 953 65 643 476 809 470 305 82 977 77 125 144 780 972 377 420 911 644 990 628 896 196 119 295 439 822 223 932 527
201 843 933 222 910 18 370 877 902 839 806 292 621 9 920 385 752 631 73 839 600 370 306 932 567 664 160 716 18 946 686 871 235 526 819 609 892 163 429 213 325 358 189 374 494
22 184
152 685 532 633 616 811 83 4 316 249 134 591 673 152 775 160 689 610 875 662 527 375
111 35 965 765 701 367 286 457 235 241 70 124 912 698 107 149 870 887 765 397 352 450
19 154
92 566 467 737 646 422 693 883 750 806 633 971 170 795 759 884 960 837 866
95 575 191 931 635 715 391 716 97 383 246 961 358 620 324 407 932 541 328
43 583
729 182 231 168 255 54 792 287 967 444 327 317 418 953 730 81 572 628 98 456 672 249 389 960 652 491 626 463 110 162 487 434 613 772 244 66 18 850 23 948 843 875 357
1 71 90 715 343 874 805 160 391 599 919 507 155 811 378 584 312 312 21 751 291 635 674 143 839 961 830 183 878 818 997 86 896 53 844 196 852 1000 464 280 810 869 51
89 789
340 194 319 644 763 379 148 166 460 350 886 480 859 795 446 892 705 367 926 112 172 533 569 499 400 322 598 430 962 262 136 881 876 41 884 745 4 586 290 243 746 77 309 156 804 226 905 763 41 432 213 963 956 657 671 911 1 67 508 404 337 242 138 904 474 544 195 63 713 339 897 419 396 550 689 818 799 991 913 317 872 487 831 562 484 955 531 346 607
243 364 87 732 320 720 93 682 419 576 932 842 378 484 894 859 859 541 516 657 760 816 27 730 223 274 40 465 424 985 683 730 995 916 203 919 787 138 203 829 551 316 309 989 525 882 556 234 405 623 986 537 848 12 346 329 454 10 777 781 519 285 84 465 422 670 614 541 116 549 780 605 461 299 889 79 447 394 786 300 56 331 729 120 587 652 536 550 154
30 11
818 344 536 50 937 543 517 785 195 459 367 718 677 524 473 377 894 183 333 680 899 608 583 730 619 336 358 897 674 313
553 353 792 28 258 517 909 773 698 321 808 700 828 244 892 72 124 337 330 460 355 253 952 376 88 919 204 687 891 939
67 551
843 882 265 799 797 575 376 791 449 697 928 116 781 606 149 450 920 23 316 962 246 396 203 704 641 946 435 949 902 183 763 893 320 94 176 935 382 487 668 152 852 203 88 688 719 956 360 258 574 878 663 510 464 851 296 169 523 902 599 941 704 732 935 277 295 941 151
232 466 59 772 168 665 867 836 227 176 541 494 419 285 99 449 257 429 781 305 798 281 828 620 885 932 440 218 888 660 654 950 994 471 712 488 414 962 615 602 697 417 783 599 158 895 497 632 982 538 288 182 674 328 112 902 357 832 186 259 902 611 70 346 671 115 355
85 273
928 536 856 426 292 861 23 298 885 211 348 197 835 970 991 353 400 661 426 267 923 174 385 875 741 221 176 41 982 636 764 32 430 180 818 259 578 659 787 573 607 686 747 423 239 333 594 10 470 374 673 754 294 107 413 685 838 491 738 601 22 570 135 389 490 857 563 968 561 530 987 498 78 59 609 76 673 947 240 607 439 932 339 534 601
358 849 970 162 39 794 372 636 488 551 635 501 477 25 214 224 130 673 209 337 103 691 432 417 293 60 487 346 425 261 321 541 501 52 488 127 594 779 232 276 330 950 227 597 211 135 416 122 681 254 282 805 442 666 985 223 664 770 222 984 3 918 951 989 335 79 670 358 953 759 324 820 825 320 119 299 33 836 335 890 390 893 192 711 974
9 808
403 777 567 20 210 582 269 134 882
412 658 936 964 339 785 828 677 298
67 476
210 566 629 689 416 200 885 480 663 863 507 922 939 182 142 763 828 635 542 744 893 602 767 499 201 418 628 789 343 761 905 371 295 590 65 832 608 619 305 123 823 864 841 405 170 786 517 124 33 670 915 865 226 625 53 594 704 41 103 406 722 239 449 272 265 483 804
354 121 129 72 561 511 807 897 216 565 185 134 985 347 792 71 669 182 785 743 926 344 464 267 132 30 493 707 562 447 69 624 949 557 70 974 789 763 763 483 629 480 581 499 226 863 134 907 438 773 725 424 901 378 849 995 540 868 550 581 563 320 500 784 725 326 159
6 301
627 549 502 509 900 753
202 292 527 183 565 632
34 319
768 386 38 930 961 315 282 958 641 371 112 583 384 455 188 234 56 699 660 262 495 358 42 927 45 666 178 141 225 610 179 874 109 998
955 640 112 371 101 489 968 285 733 299 863 386 874 253 929 291 537 449 929 111 202 139 186 82 146 196 625 1 436 421 144 227 223 809
23 134
405 439 174 999 621 157 69 937 541 792 972 914 137 963 663 707 10 315 550 531 149 442 515
555 506 44 993 587 962 466 157 733 962 205 166 142 54 135 806 645 6 406 938 81 716 410
32 615
503 59 278 922 917 308 235 101 929 519 145 706 128 310 920 573 653 640 79 496 446 328 913 57 791 95 875 915 444 638 372 777
102 733 696 984 67 187 189 394 58 491 232 76 475 293 360 590 279 990 780 21 912 953 976 804 616 517 412 210 511 247 67 475
98 96
92 849 679 476 989 107 604 364 859 497 784 983 621 891 593 39 902 721 242 915 254 379 306 910 336 618 481 238 159 826 693 107 116 494 70 299 403 871 470 619 723 987 896 554 485 897 833 819 206 671 588 966 841 863 661 499 815 190 878 568 696 549 920 209 239 432 979 828 603 474 811 803 402 519 255 275 275 798 667 95 318 200 703 352 241 336 179 824 541 696 543 610 776 645 208 199 212 679
249 530 364 752 238 472 80 260 856 560 435 933 61 352 13 673 266 520 23 579 566 593 978 809 114 208 982 452 172 571 217 374 483 645 543 618 529 388 196 508 218 280 581 359 586 814 573 488 824 522 619 215 728 9 216 890 704 920 494 550 325 255 535 33 138 95 602 33 366 355 520 120 683 95 766 812 184 36 515 294 23 935 487 359 335 39 234 510 485 54 587 65 860 913 538 371 244 891
