45
14 604
360 271 157 937 354 477 370 39 132 737 701 72 395 249
905 772 56 586 373 28 799 883 226 48 662 627 446 73
56 377
147 91 221 402 423 289 529 227 234 873 876 656 181 920 549 965 802 422 847 953 395 19 260 59 470 660 830 475 348 525 262 792 12 493 254 536 277 168 138 62 903 472 134 223 319 244 997 146 675 102 146 120 232 424 233 586
445 845 423 591 810 435 199 754 269 152 392 746 726 857 604 50 141 19 636 927 512 406 281 284 841 623 811 809 45 468 330 80 562 724 95 608 445 23 150 979 732 670 980 975 161 882 330 233 238 958 535 396 46 46 919 658
14 722
299 785 802 637 983 298 892 989 626 277 582 590 39 272
509 863 694 548 962 798 338 323 980 603 607 431 478 988
21 363
795 915 874 646 923 755 742 856 506 31 58 705 400 67 485 706 919 338 248 704 184
577 792 411 204 124 298 197 187 593 413 689 956 308 47 428 932 678 780 333 504 716
21 773
899 155 146 945 361 45 561 874 843 550 869 311 520 835 766 588 484 627 585 820 410
363 89 709 757 226 432 307 247 510 504 94 772 133 540 216 739 492 913 131 833 498
66 504
444 543 638 549 560 131 466 437 307 855 56 85 467 841 67 762 446 507 934 70 627 258 412 826 915 433 378 990 212 368 952 834 142 687 326 285 822 434 759 971 187 85 48 307 460 468 44 15 817 925 636 749 100 675 695 624 573 179 660 523 510 903 993 605 195 926
81 17 498 738 162 643 370 732 647 169 271 683 250 731 201 464 123 41 111 335 938 594 551 313 452 667 815 322 833 225 183 953 56 740 16 279 45 69 805 995 184 371 337 660 950 92 405 924 634 798 287 691 115 964 855 561 249 513 963 172 685 180 170 166 205 970
81 435
581 532 775 592 295 993 413 335 272 709 322 22 531 194 83 498 437 461 752 33 939 272 830 869 433 33 828 753 73 458 798 170 62 879 990 111 367 387 905 483 2 41 560 844 547 607 774 391 16 775 518 294 807 38 212 184 768 637 113 759 885 39 712 765 128 350 629 579 619 497 271 127 813 645 426 24 266 910 961 348 935
636 22 526 877 451 320 528 772 637 803 196 195 7 812 728 743 107 235 154 629 381 788 27 825 190 659 129 794 954 161 234 797 826 544 549 85 523 167 241 25 334 706 458 30 413 574 816 149 687 851 135 731 721 625 302 696 70 752 73 95 316 70 775 910 356 545 337 451 108 706 590 516 627 345 529 233 228 214 471 934 381
10 316
738 868 351 189 203 918 759 750 944 39
577 665 970 77 116 45 809 528 451 827
97 698
138 685 184 350 749 681 332 279 471 868 618 246 757 838 913 641 989 116 173 120 751 968 228 546 567 941 237 993 108 487 791 906 848 929 599 50 284 275 680 763 543 403 557 296 162 817 245 247 168 99 453 35 959 756 709 129 452 269 586 738 343 815 752 906 489 142 682 278 327 763 487 603 15 745 579 991 936 381 188 208 267 287 226 304 558 971 210 227 226 352 393 874 655 696 297 580 474
336 219 6 338 782 444 170 788 162 328 563 853 492 789 202 823 529 222 27 387 508 527 477 900 564 655 444 880 296 995 484 246 683 297 904 932 992 267 375 17 228 637 210 369 946 429 980 59 647 172 111 561 731 748 470 634 669 582 191 13 450 665 557 318 916 979 988 14 971 694 526 806 98 567 870 802 730 615 498 146 646 578 509 547 998 342 639 295 280 409 783 942 587 11 789 608 851
91 887
168 346 139 331 250 374 1000 182 822 338 910 676 669 540 962 9 435 877 960 575 231 964 470 721 61 408 466 717 963 190 172 662 870 158 814 575 799 527 777 648 416 818 168 96 237 547 544 787 337 179 877 531 894 1 52 762 794 154 772 515 312 679 799 368 651 857 861 470 317 915 470 45 394 141 840 941 598 739 293 43 180 946 13 756 170 851 653 427 17 939 187
914 419 477 92 179 63 264 71 263 496 865 90 381 759 2 550 996 300 639 398 511 99 186 633 791 744 726 936 495 366 66 234 72 844 726 247 961 247 867 67 568 148 432 960 977 24 228 127 78 491 358 268 208 626 869 430 797 149 596 318 919 723 737 971 616 586 626 349 120 657 389 67 71 679 733 394 953 718 521 59 722 538 736 855 678 785 175 73 625 426 768
43 604
284 554 545 168 924 589 86 518 781 663 19 290 399 377 756 546 750 742 657 856 578 154 278 732 855 165 893 283 200 887 1000 150 273 232 973 107 829 876 142 440 438 1000 717
496 198 933 130 553 537 56 813 883 733 849 709 210 677 44 301 723 692 231 102 617 3 646 65 505 391 270 189 829 852 774 268 557 345 455 290 375 512 26 350 859 29 659
66 847
34 146 313 465 766 569 130 164 338 412 964 888 704 482 862 101 967 771 645 11 762 448 886 892 881 259 349 820 375 748 622 869 912 386 929 882 669 578 364 818 23 796 21 546 530 16 717 799 92 171 46 169 77 224 691 371 873 441 325 359 746 607 993 539 673 901
735 562 545 771 386 251 421 485 699 744 949 695 711 488 954 904 218 59 550 557 441 57 785 581 908 389 761 564 126 719 571 880 47 218 598 570 898 854 544 529 479 152 133 936 647 695 245 679 298 470 172 250 323 5 552 587 349 644 312 405 251 496 342 266 584 768
26 275
604 192 582 833 545 355 835 666 667 431 267 978 193 349 386 185 82 33 463 796 7 853 858 801 857 538
236 999 835 738 694 723 271 337 824 639 38 746 292 254 804 216 570 254 389 404 369 452 804 441 68 956
75 258
133 656 838 351 268 976 842 809 822 405 120 821 557 84 50 675 226 658 4 143 226 556 657 265 912 951 90 462 705 158 705 755 526 981 770 367 919 61 54 247 505 839 636 390 198 461 489 297 157 42 299 910 133 165 750 243 455 104 492 934 385 526 830 958 135 886 220 488 267 364 95 214 677 593 493
638 954 126 255 47 189 681 717 907 201 280 149 746 565 305 639 258 448 56 826 948 888 638 32 323 790 884 794 514 575 497 209 428 142 770 665 120 86 87 187 847 366 971 567 803 581 926 617 586 473 943 692 104 41 167 977 429 336 344 119 366 192 762 975 612 275 838 853 342 292 972 306 7 97 673
55 747
493 617 886 855 290 412 436 898 121 832 490 407 585 702 839 98 748 37 345 463 164 791 950 163 187 619 555 474 988 647 845 833 878 366 748 551 844 651 250 859 544 385 51 769 76 728 997 128 545 144 341 367 284 442 56
969 792 948 714 803 170 653 538 869 700 949 644 808 354 324 650 298 719 559 471 582 370 44 316 955 124 406 825 430 846 376 706 806 514 872 380 517 426 813 260 158 473 43 863 529 812 621 555 560 552 574 297 937 154 685
43 961
251 433 249 455 779 309 261 274 694 497 350 383 719 639 12 971 475 859 343 63 415 259 801 677 721 207 934 319 306 175 654 679 45 458 821 135 25 156 260 287 183 63 993
889 651 442 7 820 792 76 55 6 80 525 133 182 174 67 865 230 871 257 619 726 7 645 561 502 963 19 676 599 875 599 73 661 519 157 984 389 619 703 208 166 986 911
51 825
512 488 870 414 652 6 643 258 579 8 374 336 984 236 947 67 375 980 201 108 722 94 524 23 209 377 950 477 228 360 729 248 32 834 337 65 320 157 59 669 297 142 248 166 614 752 949 10 931 34 158
76 791 375 439 970 72 269 652 701 386 751 556 328 619 766 379 575 842 640 499 463 975 257 214 569 255 450 78 855 533 586 128 213 847 426 341 100 928 862 672 66 289 976 970 536 631 976 256 918 31 940
39 460
902 159 420 611 373 302 371 402 534 431 693 415 244 61 915 655 276 250 276 548 229 102 566 301 30 183 20 945 202 992 785 415 985 915 864 706 257 945 449
118 238 255 541 188 110 535 429 668 95 250 784 365 741 180 748 858 630 172 898 130 225 210 417 772 737 593 178 314 392 394 268 73 953 201 279 982 42 97
36 348
508 239 521 464 67 816 432 787 851 307 68 717 228 458 274 862 457 884 469 380 707 693 28 721 532 228 607 28 960 759 48 279 955 585 492 91
17 935 349 631 368 475 888 739 939 368 447 719 778 471 604 102 555 766 980 332 931 12 538 364 567 712 131 410 142 543 280 838 640 467 146 682
37 868
334 132 184 961 845 956 471 685 632 782 709 559 402 5 243 394 845 25 243 128 92 459 524 889 255 307 613 633 458 504 750 209 877 798 963 589 88
801 476 446 83 561 492 169 682 515 566 750 92 321 391 848 883 130 287 83 682 102 188 123 422 804 678 334 319 436 945 219 114 44 178 941 208 122
64 721
332 561 447 419 377 853 765 683 308 131 934 440 650 154 457 717 902 380 173 499 23 734 823 456 108 478 248 259 575 382 285 218 190 763 756 470 445 134 511 434 950 998 595 187 32 794 875 239 428 247 133 49 281 862 265 476 902 39 882 181 979 89 889 673
823 982 126 573 936 198 599 755 688 737 137 351 112 175 24 315 851 346 556 587 125 838 264 394 650 613 912 740 989 252 865 503 255 164 889 684 547 29 693 120 972 646 514 648 243 727 892 353 932 142 256 315 139 605 498 313 240 255 569 144 913 999 191 884
61 594
132 188 188 404 49 404 385 283 544 392 437 364 221 281 91 858 176 812 850 100 264 408 784 812 609 13 420 968 2 89 164 239 639 913 430 573 292 721 594 274 204 922 270 506 515 123 41 227 892 686 234 188 630 49 133 489 559 533 316 18 29
767 721 672 209 619 882 174 609 58 335 256 385 251 867 908 241 905 718 132 579 141 52 987 541 460 393 92 355 338 603 824 285 249 575 849 744 5 239 400 930 31 835 92 82 984 394 858 528 940 489 635 765 534 29 111 937 110 155 514 759 615
35 586
909 349 44 875 231 387 283 637 373 434 969 187 303 363 553 341 661 253 596 394 333 33 613 51 558 819 378 139 545 846 305 810 124 201 121
816 916 665 212 305 689 626 549 177 507 701 642 976 865 34 484 963 126 788 835 95 549 193 513 329 425 467 209 633 979 161 288 904 972 259
73 377
769 330 417 709 178 979 646 485 831 784 960 390 110 58 590 390 69 789 837 393 118 662 528 732 163 578 426 783 621 363 481 755 825 809 487 354 392 971 454 171 125 651 66 588 805 927 752 216 543 424 713 470 568 81 764 370 553 850 178 599 109 365 90 656 969 961 145 361 315 440 470 552 227
513 517 947 34 851 579 715 230 130 201 598 17 528 816 514 496 495 575 45 185 553 780 603 420 857 517 59 953 665 898 318 30 786 95 41 135 212 366 549 924 62 576 764 713 926 688 129 105 689 303 402 255 938 686 492 982 800 262 657 71 428 286 354 67 470 60 56 801 73 694 437 149 494
10 878
786 147 982 784 290 261 784 600 660 686
850 403 41 591 659 474 256 176 332 923
83 856
313 805 735 50 510 674 492 842 219 705 454 231 313 287 199 979 33 204 789 526 121 893 987 774 522 952 165 802 721 712 592 187 62 793 954 433 169 223 472 662 221 836 881 951 487 768 949 200 86 475 284 75 783 641 345 217 360 96 365 583 72 328 841 49 99 566 98 214 581 873 296 662 297 448 729 714 284 670 655 25 696 240 271
902 188 876 753 67 509 783 657 504 470 791 482 355 119 887 613 775 389 136 205 772 734 606 316 602 187 145 450 823 728 368 829 173 845 608 522 650 182 343 241 143 987 798 893 924 230 666 500 423 479 690 180 978 780 221 577 36 79 192 325 477 599 521 110 322 568 386 99 181 839 704 477 110 879 825 755 488 287 885 219 223 87 835
58 812
411 875 260 328 763 321 994 663 615 976 648 420 594 15 294 43 676 277 916 839 922 288 773 937 405 241 445 188 923 84 191 934 111 439 890 663 872 333 921 246 922 506 772 22 47 349 293 244 701 422 991 208 437 172 980 990 225 806
663 413 408 809 596 829 289 116 981 927 859 483 677 242 922 583 650 542 650 854 509 224 257 429 931 61 488 409 524 539 357 305 532 579 356 55 870 80 735 280 540 633 827 594 909 791 232 416 418 870 500 987 783 552 595 63 371 246
20 390
940 286 477 848 633 587 872 134 143 547 478 28 294 925 746 281 321 926 953 387
765 160 12 756 691 130 826 303 396 977 608 718 383 320 571 992 939 494 421 787
22 695
986 366 703 455 23 666 529 170 19 518 120 653 605 809 59 457 802 177 267 621 655 179
358 369 395 314 597 142 669 204 491 258 56 216 138 420 713 32 141 388 163 3 925 305
36 563
617 225 452 991 435 210 507 136 805 427 456 396 513 406 982 970 312 466 421 750 554 487 552 590 416 185 526 125 915 438 463 578 364 110 77 326
522 840 78 845 429 785 294 770 833 493 570 858 935 781 551 18 383 271 840 437 730 482 838 266 58 587 58 850 506 210 941 147 148 530 743 417
67 189
998 599 585 473 252 763 839 887 17 800 901 205 737 900 884 953 410 463 690 352 687 324 152 638 601 493 837 824 805 53 598 352 638 352 975 463 981 945 162 659 159 963 107 153 70 283 73 989 709 189 516 545 874 164 581 737 739 246 266 143 676 464 21 480 384 401 403
296 717 5 902 51 711 974 658 522 981 277 656 529 939 512 396 472 811 121 381 352 82 524 625 86 90 14 235 980 602 621 7 946 271 765 762 166 184 352 22 675 814 479 987 974 997 669 242 702 26 225 420 551 773 672 240 277 557 399 642 470 694 957 905 73 287 284
55 515
232 702 807 494 911 299 571 904 692 168 979 486 704 981 414 175 470 269 290 158 725 899 343 307 761 636 559 434 771 945 500 91 741 910 157 839 245 509 46 891 968 705 195 852 218 3 112 185 670 978 26 417 219 230 232
81 216 706 522 482 472 191 241 778 287 635 817 379 782 12 331 157 549 665 552 969 462 598 877 177 8 663 517 5 666 863 293 582 780 239 15 351 860 912 772 835 121 637 522 302 188 442 749 285 546 206 886 836 416 167
7 860
974 81 854 900 372 162 63
973 69 53 503 840 282 852
38 296
622 893 881 261 996 521 876 743 552 337 789 208 194 426 300 184 339 441 158 691 350 633 336 312 256 775 695 160 529 274 275 419 894 16 861 586 357 627
800 499 477 349 384 875 769 593 613 258 273 466 924 710 933 609 844 767 642 30 656 108 44 73 613 873 644 636 635 512 689 230 721 362 689 169 214 807
31 394
547 301 987 415 71 83 575 991 747 226 78 307 921 74 572 552 960 862 195 492 360 928 879 485 566 941 108 515 624 15 116
931 578 652 884 909 452 669 607 341 385 864 593 216 888 296 980 718 696 273 918 590 450 741 847 350 957 189 174 941 158 385
14 579
890 797 795 588 200 83 158 75 560 182 711 875 593 472
447 141 830 478 260 689 605 160 825 246 732 166 554 429
86 515
227 509 290 442 306 574 787 655 991 709 127 410 286 773 556 609 184 502 566 489 82 378 910 232 471 525 390 566 61 668 513 693 970 64 925 576 539 919 513 401 479 366 394 846 889 453 546 412 813 271 927 620 99 686 21 690 95 314 975 338 82 256 105 943 278 262 80 379 110 512 521 488 869 270 130 438 689 511 331 529 362 821 638 909 617 213
238 427 347 76 26 302 495 422 554 659 27 975 12 219 632 439 978 571 771 525 606 15 110 548 358 987 192 480 866 896 589 994 92 981 832 146 176 553 713 768 89 384 271 107 712 944 781 231 417 691 936 402 696 611 628 590 936 613 53 607 574 453 526 564 73 140 998 635 297 856 249 488 891 507 31 199 779 630 871 964 962 924 40 70 423 613
8 777
798 620 414 525 385 445 428 917
476 157 461 38 705 197 573 811
12 318
78 879 212 232 645 972 884 608 641 634 859 753
606 197 928 789 544 555 302 14 806 78 679 990
16 538
678 5 610 441 486 325 217 337 517 135 521 837 427 203 26 159
758 685 883 63 844 440 690 454 300 51 152 458 873 74 290 264
93 838
822 76 174 816 170 507 397 83 939 760 569 797 634 520 279 611 853 615 183 978 886 551 634 764 658 719 542 758 17 723 487 465 64 983 747 331 48 114 803 739 846 459 374 411 771 558 665 876 38 516 76 120 914 819 616 711 612 553 426 350 53 358 26 797 620 952 524 127 832 339 820 503 212 846 497 404 128 541 672 73 914 643 112 909 12 37 823 532 552 970 483 635 28
971 598 531 166 839 996 682 853 589 952 170 192 671 302 152 868 143 590 513 563 951 968 110 900 509 491 995 130 996 450 405 809 650 30 896 15 307 590 508 283 348 501 565 171 904 244 171 141 661 330 277 327 92 744 80 601 560 433 886 620 259 695 473 103 252 394 315 375 614 434 940 941 629 89 778 59 307 957 25 966 505 800 252 848 836 351 379 216 373 484 311 495 404
13 838
342 894 559 253 610 333 283 129 522 117 560 241 564
211 568 963 499 645 65 167 681 951 366 38 127 462
94 746
895 277 333 517 991 62 776 417 639 96 101 339 849 986 373 800 278 894 558 352 891 370 459 277 132 253 197 262 804 668 562 161 493 933 550 628 497 383 247 477 63 580 47 26 575 605 582 456 830 682 266 416 935 260 679 183 148 440 829 60 810 396 668 526 941 301 724 519 75 157 941 607 335 815 365 707 507 515 883 441 998 210 117 202 166 375 55 614 268 329 815 336 434 15
316 933 804 948 177 322 334 826 471 745 899 187 88 514 977 917 954 504 620 147 43 718 523 748 21 401 887 69 91 829 44 14 855 788 774 369 480 869 292 932 445 524 92 746 586 316 107 768 44 689 552 144 268 982 468 726 108 135 353 486 87 892 499 701 306 850 812 423 817 124 247 252 951 75 146 954 206 444 163 829 325 971 413 968 259 367 848 715 427 197 542 567 161 737
98 850
723 704 824 506 532 441 322 654 150 771 696 311 897 37 310 378 216 661 726 142 985 25 379 832 469 806 742 104 638 399 583 691 24 210 43 159 867 891 736 835 695 599 829 248 974 754 913 547 21 250 11 592 298 10 227 152 569 58 100 243 995 727 736 652 718 691 896 808 388 690 39 964 189 105 173 516 128 211 742 997 344 85 331 845 576 115 850 310 134 182 5 909 790 370 696 4 351 321
673 999 703 216 144 578 534 304 605 107 711 508 647 173 803 332 67 125 680 339 803 805 553 171 461 474 831 384 871 734 173 509 48 528 314 714 965 124 904 196 410 14 409 407 417 305 229 110 604 463 611 559 510 895 823 821 195 219 547 471 310 586 183 265 535 131 210 338 370 238 833 609 503 822 510 457 326 296 764 895 41 264 432 280 797 412 16 56 299 451 691 607 627 162 988 336 695 18
47 494
255 662 406 697 882 714 821 929 640 652 416 659 303 225 941 358 99 838 168 645 463 235 802 956 576 183 986 825 764 66 844 887 339 976 171 754 528 755 144 922 996 762 926 957 742 666 830
817 608 545 264 56 152 171 433 681 179 393 134 617 250 194 394 916 512 373 52 204 355 88 129 836 41 413 453 385 642 730 114 971 391 932 320 402 105 236 816 971 84 880 484 647 868 658
