77
18 886
62 947 732 774 708 262 225 258 94 545 131 177 193 848 26 60 478 208
614 620 355 99 140 214 616 520 181 833 280 822 815 706 496 555 740 675
73 812
584 519 202 956 743 870 26 855 109 807 532 228 140 259 609 382 98 908 64 658 883 293 717 388 387 309 644 386 390 179 843 540 179 5 882 510 432 628 206 986 414 944 568 741 535 27 883 554 425 811 980 270 756 676 385 451 1000 549 33 622 725 287 44 19 446 829 638 798 978 269 80 915 776
709 648 369 399 885 895 7 517 673 165 408 82 153 635 921 787 329 970 146 483 681 835 328 739 421 43 720 865 984 965 706 582 655 28 94 470 382 729 968 724 762 855 704 419 500 167 848 107 9 685 633 844 10 167 701 681 341 208 516 59 47 450 962 609 656 168 169 621 244 782 938 452 846
67 310
623 576 627 594 207 691 113 82 67 981 237 466 497 835 884 646 311 258 339 200 542 802 957 228 676 410 176 897 794 960 240 378 626 629 8 208 667 835 199 549 530 629 392 609 803 665 581 742 471 575 529 258 725 398 614 968 821 902 247 489 605 815 443 813 86 19 135
788 251 661 604 811 21 963 598 983 374 194 451 803 607 794 622 928 733 294 113 64 498 816 986 709 474 294 484 89 773 889 309 673 755 410 115 83 831 872 154 731 889 341 659 124 439 164 677 339 458 368 43 452 116 151 405 971 769 436 920 784 655 881 981 211 905 801
61 532
507 549 354 954 432 368 744 318 85 166 690 231 848 193 381 300 801 587 78 739 754 741 974 465 441 211 955 718 982 910 510 154 427 588 407 815 919 390 618 372 718 303 456 208 400 328 239 705 255 905 752 663 153 553 244 745 535 191 717 502 44
359 215 289 418 642 83 70 575 788 53 65 885 237 58 105 89 830 67 764 598 123 625 908 923 498 703 594 991 778 264 822 334 13 95 65 519 155 154 176 545 587 913 866 648 440 26 170 186 674 531 288 298 308 849 347 219 781 689 566 140 370
26 685
168 516 547 162 106 384 376 245 969 371 244 324 414 790 591 168 102 607 213 235 531 423 803 176 95 443
863 47 743 302 772 426 822 10 613 527 705 575 229 964 555 428 234 219 188 264 833 832 403 475 696 535
47 238
311 98 677 549 424 413 420 372 61 715 383 613 401 104 518 29 487 939 528 209 438 394 795 592 699 613 46 452 360 111 642 908 727 43 587 796 958 649 420 985 380 807 954 968 835 555 582
541 821 653 794 493 665 176 522 704 876 808 385 946 165 420 392 582 778 679 928 185 421 651 458 624 833 961 556 895 245 408 583 373 952 990 81 250 68 96 429 895 229 791 904 901 96 676
38 476
171 916 425 1 317 235 654 681 37 786 13 854 224 660 605 391 335 18 8 680 10 832 988 242 409 814 372 840 575 129 852 822 151 721 105 113 998 502
895 330 902 500 883 668 347 349 54 786 609 455 166 894 507 531 661 764 783 507 215 808 605 986 681 459 966 878 255 21 390 381 268 281 424 749 161 610
78 177
972 429 536 270 503 685 272 921 665 514 147 838 989 870 500 786 989 593 418 576 703 425 235 17 756 389 825 416 967 965 785 820 496 709 392 148 456 468 598 82 607 725 28 891 386 508 607 581 158 491 586 702 697 234 4 660 890 156 888 483 342 868 954 809 729 189 66 519 138 35 861 60 938 393 571 79 222 301
17 485 211 777 936 145 698 875 378 839 852 808 375 356 430 629 359 235 771 547 478 419 602 180 277 174 849 836 322 48 842 760 342 403 659 695 844 334 334 359 903 872 855 994 337 1 942 613 630 266 790 911 361 500 787 294 677 689 902 254 544 902 126 704 563 609 234 901 204 322 93 6 219 63 568 376 436 412
29 167
308 96 753 786 708 649 941 350 935 569 966 725 839 139 216 653 604 304 714 806 75 557 226 389 849 360 391 970 200
504 841 431 139 621 197 533 845 693 728 850 181 12 185 654 127 339 994 12 966 77 962 458 400 667 368 948 327 921
60 104
476 914 696 346 546 348 896 119 721 159 628 314 556 132 471 379 389 196 783 2 10 732 199 240 419 795 173 623 91 603 926 264 118 859 736 522 605 692 133 748 903 456 384 348 890 144 772 989 385 299 161 776 545 557 502 859 494 190 433 916
969 874 704 926 790 707 494 91 109 413 959 872 389 482 95 431 794 234 354 22 590 808 657 511 717 755 615 386 691 518 854 651 295 724 486 212 679 704 741 177 328 250 70 374 303 96 345 366 612 125 675 763 522 791 300 355 902 838 318 835
53 532
464 591 273 605 691 56 781 111 361 201 71 702 931 677 343 324 923 785 906 870 452 573 866 289 356 359 201 345 668 236 250 275 169 56 24 512 585 752 388 116 791 769 523 105 488 935 129 387 927 665 645 785 873
543 873 681 168 8 695 576 93 704 26 603 383 635 626 316 403 362 3 235 488 490 84 358 394 37 71 759 42 162 827 249 674 166 910 483 975 399 284 303 530 117 215 707 671 826 17 671 994 746 712 544 753 939
21 355
273 782 493 150 12 698 147 575 577 291 288 709 919 361 38 419 309 273 702 598 171
281 811 113 662 174 851 583 748 350 837 904 968 272 825 962 560 569 539 894 318 418
72 395
293 335 799 848 441 12 343 409 620 5 723 920 664 121 78 201 113 90 250 291 582 919 529 169 365 144 702 689 880 209 681 810 674 116 304 710 802 441 556 699 900 47 866 221 202 229 853 615 993 100 435 121 2 149 539 140 232 929 115 136 440 995 288 367 561 840 374 642 909 300 124 691
492 344 521 762 88 446 12 779 903 136 357 726 5 682 672 196 464 708 981 655 566 699 776 332 628 768 764 608 492 468 127 780 669 238 754 730 27 289 183 918 756 553 883 686 765 485 316 310 925 34 871 617 166 414 468 13 114 855 82 668 651 482 138 184 781 48 3 2 65 826 78 43
50 233
630 719 527 693 467 155 922 526 650 306 289 79 183 5 953 51 453 324 377 411 765 653 17 141 364 623 45 349 22 840 200 151 240 201 539 519 770 435 653 291 116 196 426 408 23 499 488 398 157 63
544 873 546 319 25 818 685 442 968 789 670 915 988 596 663 599 975 898 707 523 263 231 848 644 622 963 861 225 860 64 130 435 360 397 907 455 373 362 906 466 834 521 63 309 990 704 662 279 738 826
4 608
428 534 990 473
991 248 727 475
79 377
131 804 995 927 43 237 205 91 345 442 370 871 895 916 16 117 239 220 929 687 703 237 448 497 499 752 435 777 925 889 661 16 881 412 464 848 223 968 816 569 333 562 565 128 807 298 685 822 425 885 219 298 252 117 120 303 337 741 902 116 310 954 136 468 180 878 262 575 562 389 78 408 818 166 702 374 199 69 86
220 295 562 973 126 202 872 252 856 447 930 318 966 6 649 171 63 60 629 239 681 115 46 45 695 132 642 529 897 117 265 840 810 837 536 281 559 448 743 131 69 620 541 737 591 602 187 779 747 55 387 618 103 687 935 237 458 713 86 663 795 977 179 336 797 552 310 381 634 218 328 578 830 697 1000 404 806 536 787
65 208
304 338 737 853 560 264 791 115 465 605 657 380 893 300 174 308 572 444 611 123 160 72 478 540 852 496 366 34 35 612 850 943 176 734 752 106 621 815 843 519 642 132 700 469 424 47 746 328 905 561 588 245 753 784 132 259 142 86 365 238 583 228 955 477 6
414 86 451 640 958 354 129 63 359 24 180 408 158 344 784 268 772 626 676 8 678 70 419 804 615 668 529 293 621 293 193 449 290 747 144 266 339 825 394 135 246 959 934 342 926 789 718 785 19 514 264 389 72 851 98 96 275 293 470 755 811 652 179 611 908
58 385
771 836 226 335 739 820 562 446 39 593 975 13 741 853 552 332 824 119 440 982 186 226 131 326 576 595 898 179 806 703 534 955 537 645 469 495 180 243 690 269 699 228 859 890 796 251 33 727 246 367 553 803 415 687 626 980 964 929
562 382 244 373 698 982 575 918 703 445 8 401 306 25 651 667 527 838 137 979 945 548 799 873 250 26 180 826 589 994 653 509 453 31 608 760 73 667 79 820 929 451 816 305 291 827 4 757 622 386 826 305 526 267 27 200 205 486
32 214
181 447 284 48 426 786 319 657 939 883 561 786 862 296 329 953 816 27 888 366 602 487 802 417 552 817 538 22 405 920 630 801
234 72 793 448 896 444 757 30 285 841 464 304 401 700 714 362 260 995 490 294 119 855 681 833 360 210 956 573 847 923 215 453
43 826
797 910 221 994 923 900 659 828 168 52 981 505 842 303 583 951 76 313 125 737 325 823 124 248 31 303 629 935 579 787 130 388 212 175 821 649 219 724 352 846 857 153 459
981 559 575 877 478 83 717 460 125 477 342 522 951 739 603 281 350 458 641 299 341 352 794 806 373 236 618 356 148 515 771 243 965 417 11 790 752 634 116 953 397 575 12
80 114
423 471 898 787 951 526 203 803 244 382 266 994 57 516 989 371 462 113 219 86 488 23 183 622 118 404 763 869 938 660 531 310 25 998 56 464 585 713 235 276 102 740 698 132 373 571 606 326 713 435 441 210 217 155 884 605 57 184 10 899 465 575 759 40 649 89 13 980 248 400 104 213 272 759 984 212 262 840 79 692
445 602 506 839 132 625 538 602 147 581 409 345 340 909 460 642 870 421 140 259 125 216 151 302 374 722 929 973 666 631 478 391 958 627 200 933 715 714 960 76 68 239 746 917 618 864 495 122 83 413 607 559 568 600 711 904 699 914 924 431 410 742 346 377 929 675 531 240 850 439 923 92 831 321 226 485 330 144 115 681
93 777
20 906 75 217 328 622 14 435 553 496 603 628 514 478 9 976 38 547 871 93 650 386 766 122 601 45 372 418 536 898 579 460 270 907 865 706 748 993 763 341 194 454 386 495 355 675 521 691 34 485 183 714 565 991 698 971 39 373 381 600 830 945 339 730 695 532 965 354 328 682 540 352 34 89 808 869 200 185 335 309 104 386 263 754 752 542 604 503 896 382 341 273 284
375 910 984 940 970 845 984 648 50 441 119 927 295 79 674 98 917 285 904 180 532 231 683 792 681 147 563 744 913 596 635 33 409 197 631 118 767 223 389 951 839 821 151 906 228 933 883 373 444 663 616 642 1000 682 114 278 614 652 557 214 688 433 388 337 356 385 240 981 843 510 366 458 313 451 828 589 585 561 342 515 593 13 953 362 48 282 123 322 976 470 745 599 527
57 435
110 322 214 220 132 404 644 773 941 33 962 126 764 585 762 784 151 110 804 512 373 239 213 913 566 699 643 697 555 271 395 455 628 398 895 42 166 304 474 336 192 578 23 160 135 852 968 179 829 25 561 574 974 909 737 856 993
579 513 136 724 110 994 971 741 940 912 128 165 131 960 631 508 874 482 103 977 74 310 551 49 590 684 116 471 294 789 535 517 290 877 796 996 662 720 400 258 147 885 462 747 966 200 309 527 572 866 124 179 47 595 186 161 860
78 564
624 777 550 725 736 698 660 402 126 397 732 245 109 209 874 222 464 961 631 380 402 542 254 237 770 684 277 422 318 420 976 121 541 696 37 79 272 691 804 186 382 807 568 519 699 649 577 926 59 602 878 783 208 231 70 161 954 513 803 267 560 276 422 326 93 167 141 210 879 988 888 93 712 653 160 592 603 684
11 633 929 637 380 931 433 883 295 366 936 785 636 353 810 504 281 109 520 868 928 478 96 211 202 746 901 295 60 517 845 430 393 582 906 277 358 400 466 434 214 421 748 940 347 316 582 46 157 206 319 7 554 658 867 924 458 911 664 858 366 51 375 33 319 984 321 784 660 583 766 969 292 708 214 884 157 806
33 100
355 585 203 652 383 430 465 123 930 539 607 87 617 650 882 738 828 400 458 779 512 309 869 568 304 504 435 891 73 853 702 373 963
24 949 59 521 147 834 306 86 170 253 770 550 535 523 459 442 718 301 105 402 200 388 931 660 791 694 187 636 875 496 843 113 248
36 265
466 842 656 613 254 866 39 555 655 76 648 316 515 533 614 530 545 132 313 76 93 969 141 148 675 354 673 697 663 126 281 480 606 360 34 100
645 744 705 432 211 24 122 768 301 364 649 291 727 809 973 526 274 650 312 231 896 606 673 822 27 606 932 799 829 491 774 463 199 520 673 95
89 943
541 838 67 755 719 839 767 470 413 802 390 699 86 125 215 160 552 373 433 179 928 463 733 653 595 708 619 46 364 208 164 756 694 981 297 185 415 576 1 915 822 205 160 318 105 498 597 833 405 346 840 656 535 541 751 210 602 619 587 686 888 560 102 827 707 919 469 65 789 825 227 913 932 32 641 73 742 474 328 482 968 221 493 789 174 783 965 685 748
499 834 522 96 991 118 538 768 646 359 326 486 813 722 336 807 378 356 617 71 289 440 265 671 448 562 855 353 999 711 672 634 554 335 247 91 899 25 963 221 303 102 569 904 417 421 352 9 302 953 955 206 148 544 463 841 254 366 84 828 125 68 40 365 166 682 538 522 640 636 305 926 834 446 418 633 208 638 310 246 9 621 81 193 691 740 489 664 792
94 128
954 235 192 333 686 588 155 460 953 873 315 357 512 102 433 633 340 713 281 969 265 514 94 274 45 33 407 536 15 928 783 857 220 438 108 816 885 33 519 136 471 586 343 467 679 656 579 598 92 896 487 830 243 203 676 532 213 799 711 42 91 900 283 896 430 94 969 508 501 434 257 426 586 131 565 153 288 462 583 388 219 606 471 952 70 512 494 831 977 953 737 105 947 81
468 12 292 450 579 607 761 225 85 481 252 683 477 532 500 526 487 897 863 21 555 272 908 3 453 890 667 23 551 405 492 228 339 64 203 691 144 904 242 62 168 592 993 437 153 907 269 474 840 723 858 939 183 730 663 942 387 123 561 206 145 14 286 101 345 603 942 521 20 214 941 644 314 137 269 399 465 479 417 73 382 234 62 411 781 654 44 792 234 351 116 778 757 599
22 459
376 69 21 146 885 124 818 856 81 620 810 249 209 220 898 263 795 509 997 495 292 861
723 22 224 660 601 137 971 566 577 978 652 336 57 763 397 375 374 899 260 635 264 321
27 551
237 577 912 569 808 147 446 703 475 176 706 746 137 37 532 548 982 827 928 213 582 990 166 915 655 786 128
461 72 283 283 369 719 795 844 898 135 420 675 228 5 912 283 590 860 103 476 857 298 226 584 4 939 927
99 759
334 768 99 693 966 98 68 767 466 588 243 564 152 573 566 925 795 961 184 230 508 750 491 722 339 453 369 7 322 694 609 8 210 868 522 78 521 317 69 906 558 349 264 468 516 311 578 996 521 292 24 285 25 550 294 657 235 294 870 634 660 376 426 163 539 765 612 680 503 848 202 492 673 262 14 743 583 830 425 172 40 713 382 393 610 840 490 862 591 295 361 409 781 912 184 400 109 588 34
415 506 18 819 194 804 335 800 591 9 421 15 498 885 513 490 360 86 845 133 950 648 499 29 371 432 701 123 643 674 598 528 435 50 346 20 725 888 668 185 11 517 644 154 827 661 9 572 932 285 24 703 361 404 960 820 750 604 639 545 11 524 802 594 142 986 430 193 74 587 757 650 257 702 266 438 457 948 755 953 261 930 759 108 243 627 474 575 267 217 892 224 583 613 770 798 36 560 420
92 932
171 682 285 818 110 69 592 380 50 198 200 447 284 213 339 572 424 185 897 969 768 423 269 406 728 152 20 612 349 275 157 300 573 90 301 676 382 494 651 365 626 355 110 897 703 128 481 997 845 595 504 662 886 804 332 617 851 840 533 195 522 625 42 68 357 961 317 779 164 896 637 481 710 606 324 589 578 29 51 892 431 682 858 47 883 441 443 238 936 516 176 176
216 641 848 89 558 240 59 969 605 858 736 832 53 8 437 841 210 598 627 585 141 129 236 389 753 490 960 483 14 487 462 416 979 813 753 695 564 122 252 502 921 628 513 105 799 819 80 412 58 729 417 458 546 668 313 362 22 773 665 180 351 433 999 542 283 881 972 944 781 904 370 891 935 462 468 568 442 923 859 355 911 430 337 422 275 568 895 682 670 775 929 795
88 114
518 568 562 751 355 582 781 150 413 400 611 499 764 665 859 553 996 812 545 299 701 473 909 331 929 446 854 91 508 147 205 867 690 576 341 983 216 550 390 549 832 963 131 162 937 449 306 761 374 275 920 303 562 452 518 704 998 739 981 185 210 574 171 48 863 91 643 59 343 256 227 534 792 515 10 942 26 496 314 950 930 486 873 401 550 694 86 33
718 355 872 742 652 599 322 448 927 597 502 433 622 682 407 909 212 982 67 744 820 962 665 982 268 665 420 880 255 786 980 561 57 422 116 114 74 150 138 371 363 316 643 518 514 145 687 886 741 350 461 1000 450 312 676 994 594 672 350 162 757 372 105 16 665 969 407 171 204 480 945 352 772 394 215 184 539 430 827 532 703 57 778 498 33 632 106 977
79 284
48 377 263 434 782 437 475 880 179 597 637 963 790 924 576 886 469 9 238 587 679 320 575 26 590 234 922 516 743 289 819 316 612 395 30 347 636 437 210 188 205 405 283 613 319 477 809 356 17 159 656 453 102 416 215 148 622 682 674 232 708 171 776 699 109 661 106 914 750 47 533 949 555 604 824 153 210 639 997
660 692 44 113 203 71 24 364 237 671 246 263 127 958 876 23 318 664 185 935 546 633 664 400 187 693 332 231 156 641 15 202 179 813 687 748 895 765 738 535 796 660 277 71 238 344 550 305 505 423 57 403 227 430 438 22 142 371 328 409 797 823 716 193 8 903 439 881 332 759 772 177 679 690 72 175 217 639 960
13 446
656 541 744 876 89 754 225 750 892 60 323 210 27
453 666 908 340 294 400 281 758 680 170 958 887 240
54 169
394 466 748 48 362 950 185 721 419 229 449 337 282 618 726 767 58 744 682 378 205 132 274 36 8 691 931 549 479 679 182 50 475 184 169 463 166 646 729 377 55 852 404 54 747 278 902 141 275 318 835 366 685 377
530 419 931 885 462 190 391 684 60 573 509 930 366 183 390 593 391 249 702 932 525 258 888 963 965 23 425 430 524 297 376 695 124 553 339 479 567 58 174 160 683 232 990 642 989 84 686 476 202 576 712 463 381 975
43 106
368 493 189 799 435 457 527 302 491 713 731 829 881 972 929 508 775 712 206 838 21 842 885 199 135 575 12 455 575 440 577 420 927 257 418 104 812 93 40 986 391 712 108
443 585 671 753 341 786 597 135 480 181 207 722 830 760 351 116 354 926 721 350 160 198 260 544 35 751 550 661 635 375 996 904 676 352 334 146 582 514 770 513 485 171 15
64 975
122 654 964 802 292 550 593 328 636 978 241 525 63 317 283 879 27 531 245 274 614 440 894 518 945 936 327 893 901 776 860 410 194 490 569 708 620 508 118 177 466 446 375 577 878 13 113 198 482 124 240 212 528 965 803 69 449 82 677 434 374 833 581 232
734 124 176 593 987 71 665 482 165 477 549 713 47 629 917 920 578 88 292 263 252 821 335 140 615 64 659 442 272 160 643 157 104 280 253 203 282 321 393 968 604 840 736 723 469 612 920 784 696 874 905 517 764 429 538 25 731 297 287 485 970 729 195 869
88 984
630 262 868 160 360 503 639 658 139 672 853 437 711 929 468 440 447 196 487 525 950 395 908 794 785 575 94 657 105 594 573 466 4 696 936 83 178 61 445 291 856 200 291 979 619 283 106 114 908 211 771 121 533 49 99 722 779 14 910 991 404 608 412 703 636 448 721 656 251 332 120 87 13 768 496 165 537 548 403 32 151 363 354 641 299 975 672 761
291 189 922 840 81 789 247 828 198 939 206 833 856 329 518 203 590 550 36 920 658 733 899 924 877 145 658 150 236 128 294 569 532 927 470 738 937 383 487 384 943 79 613 305 351 643 318 596 412 639 875 27 20 785 326 861 748 809 410 349 569 881 958 224 726 371 863 284 512 777 282 605 197 185 144 540 194 204 773 273 438 794 202 872 901 902 253 152
67 343
718 61 679 846 63 216 969 118 581 667 130 599 84 232 438 898 932 916 810 547 693 256 160 241 985 602 982 526 63 934 61 742 393 185 132 889 754 395 753 389 465 596 43 165 941 476 271 21 72 601 805 423 704 189 459 204 166 974 601 862 806 720 593 309 673 762 96
810 356 191 95 1000 852 213 79 55 911 442 558 125 208 661 715 599 260 578 895 874 478 498 910 921 785 593 823 875 981 696 265 48 279 368 199 769 998 470 2 983 877 835 190 434 556 182 830 60 961 354 416 994 563 841 158 1000 961 205 613 948 369 699 712 438 751 376
7 807
732 626 70 777 543 523 442
267 53 74 210 682 486 794
51 727
122 176 348 15 147 491 767 172 778 156 98 636 519 826 201 112 440 650 894 752 760 638 825 615 829 586 163 626 848 302 248 500 243 503 533 81 780 390 852 218 608 863 490 886 564 468 66 427 119 187 267
104 181 818 847 87 918 990 297 933 597 789 328 323 901 849 94 395 423 166 2 919 984 332 535 740 265 817 30 909 108 239 94 452 509 988 319 995 350 503 89 334 948 607 368 673 701 249 887 600 787 981
4 688
325 958 882 531
744 497 479 462
29 78
833 973 882 885 678 783 905 31 470 660 924 62 489 584 722 210 24 678 16 167 214 193 507 378 636 470 391 790 17
483 170 907 455 82 730 924 604 139 4 498 250 316 822 227 856 734 586 703 301 830 831 540 354 702 778 105 421 585
56 807
816 44 950 334 413 528 367 121 511 773 966 946 689 517 868 929 428 877 101 457 967 412 958 248 417 536 908 574 422 154 160 127 307 278 962 456 721 577 447 966 612 361 359 675 281 370 986 941 423 322 584 104 375 492 119 822
296 652 777 645 507 182 917 683 808 489 404 785 212 361 147 334 116 557 820 423 724 650 924 969 505 659 587 796 243 263 398 201 227 107 925 951 505 327 26 781 517 751 383 622 373 750 271 972 951 75 823 467 644 933 159 787
28 744
107 452 910 161 434 255 406 995 428 246 178 169 5 529 739 644 386 684 546 233 963 536 702 565 738 915 814 427
400 387 669 841 591 481 434 287 410 761 730 878 48 764 137 307 617 415 863 422 993 438 599 50 943 123 281 277
32 965
78 198 828 967 484 245 641 564 123 101 357 932 842 162 728 432 300 990 385 910 310 481 851 133 144 204 957 73 489 488 609 908
67 552 281 332 991 30 781 818 689 929 68 84 426 995 122 523 384 701 669 401 310 106 245 661 23 383 686 682 704 912 631 534
52 197
544 202 518 224 286 875 700 812 465 235 286 825 464 88 558 908 781 419 567 635 342 601 676 107 57 69 598 360 289 202 550 566 240 121 176 544 93 204 717 179 625 262 926 345 879 35 494 741 623 106 594 314
10 798 865 279 290 503 323 297 615 476 837 778 253 267 744 752 144 589 737 971 568 634 371 20 990 913 517 806 837 886 954 84 392 790 727 847 568 804 231 395 146 311 940 688 345 896 231 316 817 675 807 403
45 932
664 965 426 452 764 310 435 762 428 940 46 654 216 226 752 224 786 33 69 950 800 996 975 635 39 864 182 720 383 557 893 782 639 850 133 600 8 445 801 558 63 925 91 623 657
148 72 872 593 861 962 453 235 472 373 207 691 452 554 830 450 633 639 427 669 956 497 72 166 486 970 918 776 792 778 421 412 820 813 966 44 795 992 409 179 533 157 310 776 415
66 995
912 592 148 482 250 79 950 356 882 370 410 258 902 975 501 968 334 662 549 178 475 409 151 585 308 85 825 981 880 937 661 512 545 210 19 360 588 598 806 442 999 842 527 476 382 274 159 202 538 32 30 792 983 276 721 195 602 871 458 689 727 421 232 553 140 45
675 523 72 602 4 467 744 671 230 734 985 652 110 390 364 184 74 964 34 794 428 860 118 519 156 359 585 903 955 516 807 947 20 573 178 650 230 828 521 381 949 641 830 603 492 764 603 636 537 557 969 19 841 6 24 135 630 871 970 393 344 956 835 935 804 134
11 419
456 447 291 509 411 400 40 237 582 889 628
310 837 162 128 662 711 39 545 682 162 58
84 234
632 883 607 133 979 127 572 289 276 323 196 426 541 981 967 649 763 682 745 113 281 510 429 160 793 850 54 45 587 46 187 615 610 143 332 225 160 911 21 563 824 199 133 47 97 807 968 711 293 550 633 873 192 273 332 755 807 309 56 352 385 477 128 172 416 142 683 101 464 486 38 162 40 335 24 351 212 940 578 441 17 104 199 171
154 162 566 744 316 762 69 263 64 164 129 188 991 189 400 936 338 481 541 585 251 354 431 65 618 312 860 126 719 754 857 291 901 608 980 856 794 526 134 292 732 659 943 536 129 122 239 953 234 173 332 166 887 895 886 301 455 531 75 478 840 211 845 285 524 145 133 807 284 754 925 851 31 118 482 256 529 479 958 68 698 624 284 589
3 251
837 729 916
242 359 607
13 120
378 674 69 785 321 819 879 976 256 744 513 486 51
374 419 665 465 883 962 358 747 321 200 914 195 388
47 296
714 925 404 856 95 945 435 498 69 179 852 48 740 694 883 337 255 455 354 509 572 314 281 943 68 937 930 220 343 582 147 567 403 428 510 647 91 32 727 813 999 26 783 462 210 641 33
581 263 609 857 665 26 357 967 660 674 54 206 616 731 680 837 49 415 130 326 912 824 50 927 596 114 451 873 661 593 574 619 903 653 755 279 452 307 588 97 672 795 810 235 551 749 528
91 865
75 187 167 470 582 786 943 548 747 110 856 960 901 168 7 382 966 438 746 269 500 961 904 254 776 710 781 955 430 424 796 777 686 271 768 178 757 592 465 430 12 521 727 99 176 223 251 409 133 987 348 473 556 205 498 364 30 820 462 91 56 329 438 108 712 298 918 482 130 519 680 549 113 660 651 760 263 29 688 314 343 745 79 288 882 305 976 493 6 923 41
170 577 946 253 1 154 346 7 967 937 780 935 190 251 442 238 520 362 34 717 457 498 911 635 559 43 819 972 76 564 662 528 280 212 625 632 630 127 488 412 964 445 688 18 859 989 598 252 993 716 26 415 944 267 688 234 973 919 698 416 425 780 171 695 113 971 603 223 748 325 483 59 765 382 206 775 771 6 800 215 387 17 677 535 210 186 206 831 808 668 728
82 607
152 203 335 525 198 540 575 35 462 126 324 74 325 549 693 706 421 329 639 69 437 722 415 672 27 970 280 631 212 693 10 810 719 539 448 917 642 636 935 940 744 250 379 443 752 502 214 291 112 645 231 569 961 677 478 58 674 652 432 354 924 645 611 832 95 743 254 739 779 237 243 631 66 701 386 229 120 559 885 131 982 206
982 319 966 644 218 362 656 357 602 973 577 827 25 378 788 385 914 873 129 862 117 949 435 749 989 513 923 754 555 542 235 387 511 179 259 340 220 141 582 816 32 95 431 815 489 473 384 2 274 142 934 193 437 324 352 205 992 143 139 947 140 365 587 542 986 388 861 654 245 873 454 698 72 663 399 556 318 53 735 753 293 147
33 473
230 507 201 353 401 677 458 421 497 530 815 53 370 197 488 655 840 846 350 290 682 126 62 85 884 776 932 954 78 807 621 682 625
354 27 901 176 380 177 308 569 924 568 349 809 600 503 618 70 754 631 936 182 111 250 46 775 962 927 414 946 48 377 723 385 38
86 958
906 656 397 431 932 989 30 98 961 81 498 96 922 759 146 97 561 699 830 393 114 552 912 90 858 70 214 111 977 806 27 831 444 813 665 582 247 974 7 769 999 329 620 468 574 812 641 46 595 548 139 549 607 431 507 256 254 160 222 917 414 921 624 670 608 741 977 227 503 334 438 288 6 945 302 215 468 310 810 948 673 804 751 200 271 170
395 593 943 145 20 891 837 356 147 697 569 448 28 413 253 872 731 559 344 170 889 91 679 400 49 116 171 647 200 935 524 379 234 644 557 582 14 414 38 958 100 805 955 362 744 50 907 581 495 679 255 879 131 69 972 993 639 46 808 937 815 371 212 621 753 848 947 943 32 166 31 63 376 676 305 772 439 898 857 378 994 152 704 601 800 65
4 402
829 382 463 815
757 279 376 422
67 240
905 205 332 303 729 336 467 912 92 355 308 137 975 649 500 701 979 399 408 405 66 806 302 79 438 141 765 523 204 676 254 275 493 233 106 750 875 20 431 310 224 755 68 168 397 355 155 104 419 276 361 119 120 560 325 958 727 734 651 826 995 201 499 757 314 994 55
556 849 300 347 965 413 97 179 32 29 721 670 841 590 266 427 575 90 970 450 746 163 816 339 561 930 188 593 651 493 48 848 701 33 218 181 924 144 487 276 263 675 321 315 134 960 20 185 566 23 920 223 908 690 78 692 132 305 6 178 68 633 201 292 415 425 445
42 944
879 208 725 369 34 587 428 267 72 512 420 651 30 927 342 463 529 308 507 900 792 618 3 194 136 621 865 843 511 254 731 662 129 39 201 738 421 180 511 292 306 99
716 250 861 857 150 205 372 788 801 333 630 902 999 746 461 843 486 724 902 49 19 439 700 94 736 688 505 947 492 869 915 319 442 426 363 888 902 290 437 732 933 838
30 41
863 825 190 267 586 180 835 974 763 391 926 742 348 736 111 562 778 725 153 960 6 462 657 837 109 888 797 826 353 841
881 192 445 252 79 62 682 788 332 972 441 269 864 780 225 330 282 204 204 782 498 862 44 27 778 216 564 351 614 246
49 916
902 702 433 265 398 430 584 614 898 888 184 111 155 267 129 540 467 336 793 285 306 480 45 763 416 657 468 35 740 836 31 79 611 648 826 411 882 882 96 540 36 55 602 582 125 816 473 898 947
646 577 357 887 254 741 165 558 101 934 154 113 163 108 889 409 589 868 492 603 844 915 438 337 18 55 499 990 34 134 459 48 975 625 287 797 197 594 546 700 797 160 353 907 504 113 781 724 977
54 459
810 793 238 786 398 821 308 650 905 477 493 724 569 412 137 920 31 130 128 38 812 105 20 686 968 290 654 319 410 479 936 685 707 302 589 147 136 917 496 187 948 78 151 167 463 443 704 72 694 3 56 815 989 759
130 422 604 523 753 835 533 628 166 689 892 344 293 364 411 493 891 181 142 689 610 249 461 807 141 37 441 887 394 70 662 435 984 492 924 712 724 343 298 78 76 971 867 180 53 692 687 948 868 669 542 619 941 327
83 945
558 521 602 426 276 440 971 37 951 108 855 179 385 668 714 2 60 511 949 102 400 616 812 819 88 81 9 874 175 661 244 163 475 989 728 232 270 14 681 899 725 831 925 950 825 155 984 36 996 244 992 735 65 916 858 38 837 558 773 141 236 609 493 357 249 443 144 432 968 876 900 521 68 317 862 77 346 368 392 504 838 562 631
76 294 546 397 610 572 828 185 224 175 703 317 616 501 658 292 327 634 360 335 740 91 327 727 46 378 456 255 666 776 352 822 750 326 728 463 198 607 288 378 730 662 759 720 695 239 44 321 810 699 863 257 229 413 917 152 373 896 831 175 749 532 688 579 944 752 795 934 338 652 855 719 93 479 486 550 560 5 438 116 244 196 376
77 212
43 139 503 837 700 274 594 207 208 903 577 94 975 2 139 938 499 390 200 90 101 11 166 360 64 641 970 386 851 170 578 733 120 835 45 446 735 733 315 128 44 503 69 533 439 339 896 140 933 593 23 216 75 83 460 188 566 600 121 961 146 250 1000 390 92 301 647 726 569 9 50 87 562 949 251 71 213
381 583 831 116 692 600 148 181 695 43 652 970 692 860 316 433 375 284 950 97 55 961 800 684 975 78 380 656 399 601 23 650 536 104 994 509 497 703 686 140 622 314 452 917 509 835 152 120 459 212 226 101 272 428 38 803 723 396 88 40 891 784 571 472 654 685 421 694 413 580 725 890 611 704 168 161 633
97 430
840 230 259 807 742 743 355 676 48 159 672 782 21 710 265 33 160 674 549 371 987 658 529 581 91 20 981 306 642 107 597 993 413 515 598 631 215 210 869 973 435 41 926 913 169 961 941 793 561 47 380 43 422 14 347 23 128 192 843 608 282 359 778 182 355 583 234 759 249 121 546 371 194 646 408 852 714 480 362 812 842 912 373 661 185 133 847 142 508 344 186 62 634 624 446 103 451
233 907 556 213 864 366 735 599 440 529 697 726 553 839 181 244 696 979 942 696 170 580 61 226 522 791 106 351 814 734 751 203 314 57 680 735 233 695 391 411 330 847 373 477 738 653 819 808 643 39 842 306 975 466 105 11 281 587 592 761 176 626 692 156 50 939 103 60 230 690 126 224 127 872 398 25 935 434 974 693 384 335 597 841 67 205 680 350 813 147 497 588 566 161 965 431 797
23 79
17 61 430 55 514 704 146 665 946 315 396 358 750 549 229 285 41 737 802 948 17 72 68
483 993 792 96 77 446 437 433 229 50 601 652 942 607 960 622 768 326 441 580 817 784 813
19 850
532 143 1 16 721 526 27 436 633 202 369 489 165 478 809 825 34 755 907
823 49 643 147 720 514 972 728 449 511 695 665 650 430 12 318 747 742 702
89 176
749 871 611 448 670 190 966 391 792 258 408 651 130 366 420 281 783 850 559 849 916 471 541 630 792 309 280 336 947 50 312 706 708 276 961 63 358 28 792 358 45 232 335 172 347 258 457 669 732 336 988 284 904 458 548 195 729 640 617 439 234 157 621 213 824 338 736 21 153 781 545 803 51 281 412 567 386 695 361 628 464 536 619 411 615 378 489 139 358
596 112 803 987 32 546 833 230 37 816 891 96 818 912 405 940 966 469 409 637 817 568 504 679 407 630 629 511 14 567 208 157 268 712 190 651 268 215 793 369 913 138 268 938 235 798 146 830 146 782 370 614 309 223 832 388 558 746 878 294 826 359 802 977 918 554 150 585 357 540 734 881 426 416 768 731 375 269 539 799 324 807 325 497 762 515 612 401 332
14 284
500 580 343 14 40 342 346 304 618 321 677 133 822 454
217 390 279 601 501 237 145 884 196 946 195 161 686 961
33 157
600 268 349 872 58 437 244 148 723 440 100 375 514 842 888 365 420 114 592 883 385 365 352 74 342 466 387 323 563 794 990 199 237
469 292 535 419 291 307 499 701 624 494 489 405 363 341 26 475 695 305 56 173 537 740 385 252 550 412 657 323 828 418 900 393 342
38 478
717 883 34 290 468 671 508 72 550 769 381 970 376 915 192 340 838 165 177 572 77 454 536 45 334 926 261 718 156 522 406 359 239 81 855 123 953 402
588 223 20 328 412 884 650 927 283 738 643 761 38 32 894 39 159 646 161 660 917 852 878 368 545 67 423 627 499 669 939 96 498 51 142 113 210 796
53 863
976 904 117 611 893 199 345 976 910 850 697 34 17 777 161 634 451 582 926 29 230 919 728 939 819 93 314 276 349 328 188 616 496 479 237 858 4 562 768 913 326 765 548 340 998 394 611 551 460 757 115 610 941
721 846 428 715 536 962 353 818 137 555 874 723 532 744 541 303 531 656 79 109 544 493 964 681 784 304 647 851 795 442 87 771 395 200 93 288 165 747 928 791 357 983 98 948 70 131 651 166 968 252 647 855 256
88 192
619 807 946 507 900 541 313 667 863 453 762 458 126 413 704 109 933 33 932 414 36 530 930 340 819 7 306 209 897 333 649 349 860 571 616 816 113 743 868 1 757 234 930 234 996 137 209 100 661 401 870 697 449 99 383 832 91 663 394 451 459 405 769 416 831 788 320 771 995 354 575 485 953 14 851 229 59 500 214 441 706 441 4 506 95 839 826 623
216 331 219 756 664 301 57 90 346 741 589 600 275 411 234 329 918 497 662 108 649 517 352 810 249 274 212 418 286 830 663 888 847 711 791 600 116 148 642 552 887 329 126 797 678 240 977 569 998 388 929 301 851 242 358 968 24 975 609 494 995 426 555 692 31 548 302 738 434 309 358 817 86 58 72 659 137 910 623 796 235 79 278 175 150 578 836 178
61 632
899 594 659 358 143 61 49 155 165 103 561 789 379 7 935 251 476 366 663 649 605 529 49 81 906 731 19 149 20 104 985 724 700 877 891 35 497 899 27 401 629 388 720 704 439 530 528 280 224 547 885 587 414 110 993 77 500 81 714 286 31
260 865 194 434 671 873 824 896 505 24 363 609 122 19 193 319 852 965 120 702 931 587 780 952 660 858 935 552 88 434 988 979 158 574 533 498 604 898 206 159 454 854 491 279 353 30 399 441 747 984 38 959 86 552 322 376 976 28 35 956 800
