64
66 984
486 640 969 81 678 101 228 38 342 45 911 686 911 306 130 960 612 458 772 402 12 182 845 281 376 929 328 395 400 786 939 450 234 80 412 839 628 477 282 43 374 205 605 952 584 328 514 408 384 509 862 629 233 126 766 68 571 983 637 850 576 698 37 946 901 80
493 247 155 688 431 913 669 156 269 296 585 981 363 471 857 776 817 423 565 689 796 36 792 597 448 195 943 41 546 876 43 123 731 426 108 281 725 47 953 424 564 408 673 424 267 659 392 651 667 629 823 714 855 537 972 116 401 57 580 395 96 635 880 529 4 841
93 168
941 889 234 915 485 630 469 700 279 908 420 553 516 167 92 326 610 309 906 752 714 27 300 882 217 541 756 855 912 320 728 205 308 731 351 354 264 848 381 800 876 972 547 974 501 470 859 941 992 224 481 209 130 252 78 76 149 441 953 993 581 445 783 961 241 186 124 822 805 321 471 767 380 560 979 355 376 386 439 24 635 933 207 421 925 764 526 11 168 311 981 536 145
639 413 238 211 410 135 705 626 761 144 228 219 426 28 405 935 326 110 788 914 899 795 112 694 10 134 150 335 380 98 913 43 163 147 802 120 815 86 947 354 482 128 736 997 272 670 467 237 627 444 70 722 723 146 458 38 525 234 528 195 68 667 532 776 791 653 595 727 897 263 228 393 25 823 611 855 545 812 56 906 157 957 509 962 748 703 874 371 545 537 728 310 658
14 315
666 302 395 757 113 203 443 153 580 582 978 483 371 889
153 274 115 325 787 660 605 806 540 432 181 436 180 271
52 963
62 825 229 954 839 633 246 463 756 30 363 820 734 769 9 28 512 678 819 707 591 855 536 415 683 317 98 475 236 693 392 254 405 402 413 680 342 530 226 301 488 93 575 156 609 768 876 76 332 538 394 876
208 457 4 848 949 279 720 389 935 19 504 638 122 758 986 212 68 705 718 66 351 202 812 714 169 154 238 118 150 197 705 181 833 258 549 283 642 935 17 922 287 111 318 840 840 601 927 817 233 586 374 152
18 248
628 314 35 508 842 916 178 866 714 73 294 107 524 194 165 579 758 755
900 225 939 212 617 759 809 336 257 130 580 650 610 644 804 220 299 118
92 567
516 589 285 151 806 463 162 679 994 883 916 748 780 675 377 932 769 869 140 147 915 913 4 62 508 377 435 550 233 121 541 523 711 427 339 408 535 590 301 192 855 359 422 516 477 150 341 977 236 446 650 666 301 813 969 793 689 538 703 151 87 945 540 490 344 80 772 88 979 241 4 44 165 132 931 446 619 941 762 253 189 827 151 167 852 498 473 426 384 397 391 394
819 98 725 982 107 595 659 570 792 515 447 516 560 87 992 772 639 813 271 423 298 918 814 759 572 928 508 293 784 255 365 647 904 216 716 125 77 419 986 798 530 153 195 172 954 944 476 990 993 902 346 130 973 571 330 240 953 329 389 605 719 618 326 983 110 381 145 243 557 580 82 347 598 106 124 444 598 987 925 791 324 769 676 709 79 700 297 954 651 43 396 269
47 480
850 988 479 190 44 223 710 752 129 49 181 770 434 954 651 943 599 94 465 998 743 416 456 263 962 96 927 708 280 770 193 410 14 2 165 763 286 976 820 18 476 229 820 514 412 313 469
605 877 445 745 729 710 410 270 551 708 242 919 65 918 139 599 704 332 417 86 657 378 142 693 836 766 78 111 770 629 990 744 549 840 239 521 270 352 189 222 17 764 245 88 292 226 718
21 778
320 835 719 449 127 222 48 421 656 489 505 343 587 117 658 102 612 117 770 624 955
47 740 164 900 46 386 981 83 656 783 762 946 925 836 3 178 631 431 867 791 173
50 41
502 72 799 536 634 768 996 4 177 891 333 953 863 591 35 65 94 844 318 880 703 681 236 618 513 460 681 88 347 181 117 847 824 355 658 415 632 905 293 450 276 953 514 235 561 526 120 220 385 804
613 342 764 598 626 512 738 496 383 935 534 88 227 375 953 78 100 206 234 979 846 146 109 780 10 166 974 176 383 65 906 571 618 449 844 109 786 859 713 132 754 203 580 874 317 95 258 897 319 115
47 722
872 850 720 327 673 378 519 258 291 712 353 710 426 324 834 186 734 477 397 290 951 640 55 685 465 628 290 796 516 133 566 806 900 263 645 367 922 521 797 58 19 965 260 91 207 903 52
764 584 627 893 462 909 499 377 581 259 10 239 697 161 579 867 816 69 262 435 171 692 817 12 610 288 893 315 381 546 13 978 234 63 550 6 805 234 872 92 569 951 429 458 730 116 304
6 154
560 142 341 488 298 785
161 328 896 866 849 931
32 433
172 871 188 628 763 881 387 564 943 824 342 381 805 951 319 65 878 525 609 34 600 570 312 398 929 241 396 352 883 989 209 384
488 259 54 309 752 996 365 889 889 798 840 691 215 255 691 792 762 146 539 19 433 268 577 996 434 993 106 360 614 332 245 318
4 508
786 677 493 11
126 321 104 348
90 366
826 310 923 907 157 355 865 351 175 689 38 718 942 257 938 659 871 315 392 108 600 464 488 551 625 113 847 551 805 213 339 672 615 128 9 32 647 86 770 919 8 819 372 340 367 113 896 778 571 163 70 318 102 555 159 589 791 786 517 640 711 472 626 945 332 143 236 236 928 751 184 256 229 417 813 60 647 311 520 741 555 957 486 645 513 212 664 457 63 961
875 18 809 237 644 608 661 940 669 830 199 942 769 583 273 184 1 657 827 825 993 468 916 681 610 839 367 739 856 342 618 525 621 217 209 73 595 387 566 275 490 384 416 975 538 285 383 546 1 518 894 367 284 412 815 597 530 367 591 812 558 61 704 300 12 772 810 46 850 543 913 265 632 860 810 708 296 201 840 267 806 653 177 657 895 571 892 340 997 239
61 327
252 999 208 627 952 7 916 534 78 21 280 529 825 898 200 658 336 658 849 527 795 197 4 681 720 282 231 12 874 982 294 854 832 710 615 657 707 774 59 291 639 118 349 387 692 586 101 48 666 278 955 781 338 817 703 470 695 410 747 220 326
23 759 304 423 625 112 457 953 970 401 992 453 778 30 870 522 362 924 828 447 461 220 353 37 923 707 108 767 112 361 120 294 174 337 664 917 238 895 84 708 674 823 40 815 451 696 877 351 841 531 133 228 942 2 383 43 554 993 650 625 896
30 35
264 574 682 141 142 465 957 348 708 284 220 12 471 105 571 54 545 311 429 809 172 274 563 969 967 189 531 807 690 921
283 385 924 205 852 209 315 981 579 615 687 5 430 308 607 436 668 58 438 13 221 380 495 729 421 152 167 130 222 259
21 829
810 843 658 300 544 212 563 447 1000 25 43 175 135 756 106 10 411 465 126 127 814
904 435 353 567 700 698 978 819 58 130 264 414 96 447 923 110 224 268 912 969 409
15 805
794 662 878 565 591 179 264 274 100 136 735 473 897 998 342
607 274 276 502 163 12 653 401 561 596 93 209 448 918 308
4 943
787 713 461 294
251 702 600 638
67 483
20 251 671 657 431 879 470 120 962 307 616 90 129 955 413 912 167 247 384 423 594 80 654 49 456 609 224 226 25 131 679 246 277 173 891 915 862 333 54 163 429 802 958 136 815 609 949 253 169 342 758 533 21 447 537 681 636 524 251 487 503 118 375 432 387 642 881
502 917 645 754 18 923 143 317 818 181 968 287 129 877 969 52 197 633 222 771 776 426 274 725 841 123 61 892 406 383 266 276 942 140 772 168 509 188 872 546 675 914 981 760 94 752 443 437 642 712 13 433 935 972 884 204 943 9 471 482 307 360 904 344 791 17 69
16 488
51 956 911 777 32 158 745 222 985 136 521 927 228 608 798 833
650 565 698 710 646 826 82 123 300 906 454 644 768 316 84 712
98 185
857 692 1 462 322 751 328 170 869 255 741 44 882 328 435 473 843 705 122 10 840 104 306 726 994 839 622 395 854 341 210 460 966 200 610 635 679 704 152 321 382 610 18 42 100 6 513 371 314 723 93 942 266 806 846 87 685 830 857 714 720 696 163 529 69 929 683 298 578 132 810 12 575 869 103 858 201 422 363 761 185 104 81 741 238 909 608 342 808 534 430 881 323 880 806 608 89 465
4 858 381 602 512 424 366 33 322 462 962 831 810 614 120 505 498 121 187 550 915 811 181 740 121 178 218 534 374 117 403 892 190 636 241 94 288 700 196 441 135 234 706 714 615 787 838 445 190 118 448 810 160 827 165 966 255 135 194 93 352 389 611 751 926 127 704 66 50 857 435 783 62 842 872 737 455 319 592 242 493 92 617 298 696 857 754 168 826 553 139 348 961 193 113 100 871 844
63 493
634 293 515 645 304 312 975 553 532 300 685 923 470 910 281 107 273 481 169 174 468 446 227 474 96 247 112 738 21 475 671 909 996 186 53 332 289 394 785 866 959 734 411 550 559 746 641 862 789 837 787 904 33 71 506 921 592 797 139 775 868 872 717
779 397 422 688 597 546 556 429 831 84 991 373 301 996 207 152 94 710 893 288 953 246 435 676 975 293 40 324 982 134 380 379 400 507 567 484 828 199 923 429 598 648 5 89 126 38 878 718 110 776 945 676 921 970 515 321 979 769 554 434 1000 484 275
82 148
391 793 62 587 391 719 330 277 531 718 478 443 246 553 421 630 841 602 663 593 418 52 868 385 844 799 431 768 340 247 344 432 572 163 346 514 881 816 712 280 569 966 128 288 41 337 440 375 272 479 814 63 713 663 536 716 605 612 963 724 932 887 202 117 71 579 582 566 722 479 264 327 960 771 127 823 64 586 787 305 533 688
357 415 519 771 467 631 143 556 107 244 810 891 34 232 275 674 587 968 489 563 903 393 977 746 512 837 184 212 729 508 848 715 726 743 694 973 997 471 421 468 228 55 262 963 537 500 692 38 518 808 668 712 389 391 375 758 121 457 541 316 931 307 237 267 99 35 624 377 624 832 583 751 694 908 913 177 26 230 25 287 26 847
5 209
744 750 842 948 681
613 163 806 889 518
31 163
945 623 550 168 638 940 95 837 108 893 100 280 291 895 765 746 552 195 907 169 457 941 736 996 952 39 219 274 716 792 931
863 488 503 179 333 644 786 895 370 328 592 431 149 728 884 42 67 123 616 32 116 449 360 738 342 331 820 72 571 51 505
25 14
489 823 577 181 435 49 886 391 852 63 884 476 948 631 672 624 19 498 379 835 355 318 26 489 914
549 503 132 38 65 6 765 940 69 146 326 531 800 112 621 239 298 171 353 680 526 145 674 234 508
73 68
23 860 508 649 639 762 38 278 531 684 879 368 71 788 814 113 998 483 292 151 127 306 367 613 909 48 840 150 664 915 704 281 415 684 559 877 196 682 33 206 25 91 853 377 373 925 711 523 622 765 428 357 385 193 806 853 174 763 474 944 136 787 246 249 258 382 210 891 573 598 688 596 259
542 909 605 817 500 674 200 15 10 182 729 538 247 44 721 12 582 366 889 579 571 623 134 567 189 618 203 647 25 933 315 558 498 590 608 912 481 357 655 744 308 332 643 108 647 481 430 302 962 509 75 889 210 299 769 138 622 485 700 711 806 143 860 423 45 103 248 903 140 605 233 499 25
17 822
775 171 654 320 322 568 79 537 274 493 299 453 256 478 153 472 592
320 991 141 392 1 627 814 388 943 450 204 960 636 476 801 583 55
79 799
292 167 996 988 596 798 951 76 49 115 214 604 530 64 416 732 95 852 206 971 466 390 225 574 813 673 293 347 938 363 730 767 822 826 448 23 958 704 957 85 562 792 892 962 629 974 872 945 52 155 419 103 859 439 517 255 473 285 504 65 442 765 667 551 298 527 391 495 58 568 546 230 381 93 259 734 250 549 276
191 450 412 508 942 395 749 868 721 790 672 476 432 827 69 469 949 278 750 924 751 384 904 45 200 34 888 626 504 39 889 832 379 167 17 715 770 258 686 527 702 792 267 40 743 491 319 604 826 230 395 21 503 447 423 9 597 464 632 384 214 396 184 932 991 286 347 911 236 905 667 405 311 928 591 650 2 136 704
74 124
305 338 901 865 314 634 426 712 921 412 620 517 98 363 154 28 821 586 557 423 835 516 730 777 690 45 615 50 272 314 185 233 676 919 555 454 536 622 312 298 689 304 730 394 474 153 833 929 510 439 314 292 119 154 82 19 595 229 288 738 524 937 425 449 859 433 874 956 259 964 874 341 629 662
583 817 918 450 560 957 13 482 781 155 6 308 261 865 93 678 56 400 637 672 83 627 152 20 655 771 649 97 985 693 415 702 516 513 701 515 57 762 125 892 299 841 419 607 584 686 678 206 628 290 475 507 378 578 710 605 451 553 542 364 513 560 80 696 900 28 876 656 880 998 6 234 441 139
55 338
21 811 438 846 219 76 787 607 512 818 168 359 57 763 687 32 469 369 372 261 449 156 982 194 462 48 204 143 404 61 4 394 760 143 778 190 79 736 52 433 130 347 608 342 528 824 35 325 966 316 937 573 793 312 161
857 86 89 427 278 537 714 232 914 811 634 762 731 365 190 737 847 815 458 804 726 488 128 553 444 781 404 678 978 946 837 660 425 216 18 214 566 332 192 106 745 860 513 441 576 704 695 984 616 102 204 76 943 464 293
72 539
254 794 374 938 866 142 746 432 251 157 459 301 775 277 573 84 888 700 176 598 272 438 242 652 292 21 931 607 925 565 519 369 736 642 974 144 679 816 593 418 137 655 585 345 812 390 65 156 749 310 839 920 617 853 752 445 561 583 954 853 170 727 409 864 89 474 177 404 950 660 704 531
150 137 246 821 138 282 401 294 510 921 633 692 770 661 565 620 742 908 642 877 690 797 921 608 875 828 403 711 327 520 649 153 831 12 724 883 63 172 597 43 341 867 700 669 239 549 603 901 618 736 898 614 763 344 869 99 963 127 617 570 859 385 68 869 33 260 788 47 762 347 592 369
2 787
740 142
342 253
71 386
739 892 723 107 156 488 939 520 14 564 582 913 833 894 647 988 92 870 923 890 350 918 508 18 666 774 813 866 968 678 194 174 6 706 963 487 612 754 214 15 42 268 438 461 118 476 114 799 515 758 576 606 161 605 444 154 239 286 183 304 147 37 811 64 572 242 863 176 63 957 712
358 466 907 188 658 891 594 894 718 776 467 763 280 737 358 363 281 884 20 897 151 598 376 882 558 721 504 294 571 993 522 672 46 188 528 650 4 44 996 915 674 481 82 283 403 285 309 91 711 749 581 661 713 993 731 875 491 381 779 451 137 51 639 158 224 944 182 458 897 445 337
56 671
511 633 709 834 428 823 243 955 287 131 750 952 41 730 324 587 450 242 641 583 331 510 252 556 420 527 132 41 948 54 341 802 333 651 610 318 179 177 592 93 579 17 1 864 657 265 461 363 912 291 500 856 864 848 189 967
410 701 464 9 423 786 492 55 473 680 775 234 447 865 62 294 525 656 940 44 546 814 651 48 520 92 149 786 515 600 11 532 937 403 271 730 566 737 98 554 326 210 646 258 360 843 192 92 230 68 554 341 221 345 599 551
12 707
987 120 583 76 256 404 723 334 770 795 540 981
276 40 564 325 956 374 638 211 859 308 265 462
35 159
797 268 225 64 740 94 492 318 818 612 131 327 724 922 768 882 250 562 116 776 824 301 3 763 812 573 560 564 433 733 804 962 853 429 692
676 488 488 134 967 541 939 895 78 853 373 528 761 890 315 863 983 594 598 973 481 599 177 461 722 890 1000 256 384 710 879 730 905 720 953
30 530
733 653 493 292 8 487 925 417 21 325 272 35 747 444 422 380 448 565 630 49 662 371 183 361 881 953 928 50 407 748
21 32 809 521 826 649 93 583 787 504 162 72 59 210 36 797 13 470 22 643 427 769 592 995 894 896 16 94 358 653
36 234
531 295 939 728 535 953 589 747 916 296 67 269 651 427 912 625 275 750 582 454 481 141 813 826 588 736 243 874 854 82 280 324 976 108 985 186
735 403 322 142 349 752 634 214 515 392 17 424 956 750 567 45 934 31 675 893 621 787 411 718 260 493 700 784 217 295 592 413 157 390 38 870
48 998
225 829 139 601 398 221 241 194 303 810 545 61 892 450 117 14 184 535 151 192 576 242 918 466 943 230 854 491 643 713 602 776 339 779 507 456 826 201 939 222 444 865 813 826 370 980 99 30
479 281 560 154 220 38 414 30 675 127 717 575 1000 65 260 905 617 993 613 643 968 168 576 301 424 644 176 118 645 749 486 210 731 30 714 933 202 945 112 52 340 211 373 376 14 850 273 781
2 501
842 116
729 293
60 316
915 279 873 544 486 688 752 899 751 883 188 678 283 671 1 100 955 952 897 692 762 770 439 814 222 109 281 705 47 390 576 784 559 592 900 831 474 168 106 907 783 152 962 517 110 200 924 545 29 559 458 134 682 130 664 798 41 863 104 515
639 846 159 127 590 136 814 685 521 577 348 652 830 628 584 349 242 264 234 416 612 283 622 563 695 216 999 625 379 113 849 260 48 392 708 73 444 348 119 465 133 566 25 522 237 797 528 106 267 321 809 148 88 298 568 14 974 384 442 793
54 431
909 53 695 578 694 370 794 230 175 654 448 369 575 550 48 649 619 496 592 829 296 982 345 344 960 28 377 225 720 46 364 846 664 809 287 833 938 562 48 455 678 975 742 683 156 299 796 242 426 566 170 666 612 532
338 288 430 377 851 523 944 663 836 881 71 875 173 91 143 263 947 723 537 604 930 13 249 258 857 688 695 554 896 732 438 372 689 858 540 726 765 27 560 86 666 6 808 306 989 986 486 634 78 617 254 284 664 604
13 49
242 625 317 359 403 129 764 444 862 273 66 559 488
790 958 340 718 229 589 553 661 248 989 837 728 340
97 56
155 963 388 964 422 883 234 738 422 15 776 184 172 525 959 123 544 224 858 846 973 827 413 893 645 745 489 255 735 359 329 500 987 435 474 268 242 815 974 957 126 136 625 787 542 80 171 606 170 189 590 565 805 748 614 757 989 451 791 909 814 867 430 94 307 878 690 281 882 708 360 74 346 897 922 606 735 123 557 840 766 704 909 737 730 988 73 221 27 183 736 229 102 429 28 43 597
690 773 909 738 231 739 359 192 955 353 729 923 759 534 708 346 187 409 15 438 459 719 788 447 589 224 807 472 909 320 810 923 171 785 613 537 448 509 276 171 246 71 674 504 308 593 91 747 780 419 789 417 705 770 640 300 287 587 571 282 702 748 47 316 378 426 930 641 918 331 875 774 362 60 293 311 6 24 862 938 311 617 734 344 996 661 225 443 495 630 865 453 897 877 297 399 421
82 277
710 236 134 72 653 239 717 119 305 114 12 862 291 276 918 121 398 931 738 812 136 82 583 361 824 898 450 993 148 735 176 450 66 810 216 403 860 248 514 233 838 261 97 336 526 242 682 517 284 348 786 944 426 782 434 196 556 139 84 49 628 334 431 297 283 109 918 606 234 871 633 892 588 607 630 686 624 737 724 911 812 468
915 54 356 810 240 765 234 343 216 789 149 908 461 3 919 503 871 423 11 931 852 550 174 758 141 442 909 508 183 16 136 434 53 382 354 465 948 81 644 351 682 787 191 905 813 451 652 316 508 3 345 885 617 780 83 38 987 747 508 107 764 956 384 765 469 204 802 207 52 428 128 49 495 986 536 784 221 761 265 286 700 767
74 840
294 853 112 378 667 283 489 686 390 82 724 582 500 491 878 264 326 983 502 116 205 798 876 356 872 678 838 505 594 943 76 685 944 22 973 763 807 538 241 961 448 714 986 832 92 278 334 182 62 282 128 267 166 858 884 367 800 489 940 141 858 553 238 268 151 369 496 439 448 487 58 681 766 571
937 259 871 530 890 962 550 458 223 619 506 154 457 364 419 39 314 453 925 985 593 689 317 550 779 572 936 89 403 79 344 408 540 9 715 624 498 898 785 354 790 5 93 548 873 200 990 766 704 56 944 658 535 171 72 400 223 514 643 825 686 318 753 376 966 324 353 303 363 970 807 579 473 820
15 396
86 869 264 141 22 327 171 493 466 913 117 952 439 834 752
506 994 46 194 629 738 583 246 822 897 798 70 752 471 345
26 80
917 881 539 633 266 395 257 190 192 177 319 118 649 558 335 120 996 531 374 166 770 233 79 118 808 813
483 275 25 184 320 227 720 605 729 760 308 353 837 56 590 617 643 415 901 556 163 541 424 956 374 614
45 69
454 276 402 80 688 660 561 619 23 850 668 474 144 732 4 471 196 333 300 985 816 588 940 877 205 945 686 749 898 361 430 895 308 514 726 468 64 283 202 89 52 656 808 233 485
495 607 780 767 373 260 420 797 613 30 730 245 405 288 411 842 530 613 711 65 330 678 804 949 273 313 497 513 1 658 926 696 380 493 592 992 861 114 288 415 320 881 954 641 682
10 70
617 32 302 91 904 706 413 608 362 338
102 129 931 224 502 204 472 668 423 896
40 390
766 364 759 354 700 559 523 314 272 835 838 249 341 230 967 519 92 404 243 947 604 919 501 748 748 584 461 535 154 444 635 888 178 757 187 792 445 996 124 684
518 695 701 483 483 915 355 201 109 995 946 184 115 138 247 106 796 593 370 124 977 978 313 562 436 167 914 226 619 699 844 558 283 481 826 84 231 639 425 145
59 309
120 820 763 651 523 136 381 453 897 595 609 607 150 516 178 217 404 992 580 913 12 581 39 61 161 30 904 344 463 744 577 644 209 638 298 619 361 904 966 796 154 40 887 814 727 137 543 407 388 194 153 428 695 692 504 902 690 893 646
349 160 804 780 625 816 64 477 462 6 165 915 202 893 988 567 596 320 326 60 86 841 808 646 209 431 88 967 528 235 551 266 489 478 457 758 216 917 826 852 887 751 730 911 181 628 229 475 771 723 647 644 224 511 85 68 909 566 679
53 790
644 398 725 623 242 173 533 578 860 890 11 968 85 374 679 668 997 60 926 371 364 269 676 288 335 877 546 194 395 601 151 344 573 88 643 453 478 308 76 352 477 899 804 509 490 590 174 609 62 961 167 553 852
945 728 639 722 515 155 855 115 218 637 379 152 496 856 49 164 557 366 483 18 239 553 625 737 672 596 238 147 406 926 601 380 792 552 998 194 245 686 828 73 557 582 200 931 676 444 388 115 386 109 37 234 439
76 75
150 630 796 801 223 689 119 851 866 756 249 678 735 218 110 614 514 90 525 781 45 522 859 552 238 840 343 844 184 688 313 903 587 43 429 657 202 817 454 909 230 22 39 828 672 194 96 380 478 835 346 401 743 650 822 109 330 133 531 396 129 135 751 624 972 128 926 513 357 749 382 118 252 35 263 815
547 445 281 503 725 75 835 84 563 763 580 291 758 129 503 795 290 277 79 575 763 484 728 707 670 248 513 83 598 229 220 936 302 998 577 916 725 884 622 914 293 395 287 410 171 162 765 96 190 386 552 101 758 891 451 184 48 183 344 356 717 323 887 651 653 303 754 112 38 247 491 369 972 621 170 516
42 870
929 908 719 447 456 827 438 191 577 954 596 517 764 531 754 296 150 466 535 494 622 767 413 728 97 120 874 560 977 661 784 976 119 987 965 922 389 915 643 401 33 646
607 40 706 360 286 396 413 832 325 941 402 483 84 426 828 380 629 109 875 380 995 488 963 603 56 347 206 182 635 380 808 217 916 298 314 553 370 655 403 301 889 389
16 351
795 466 196 218 686 88 658 325 93 800 226 818 107 767 775 517
189 407 843 498 555 8 1000 431 98 216 769 386 97 253 333 610
90 558
894 74 445 510 120 573 972 315 599 753 523 866 750 575 284 79 738 14 823 140 124 473 970 847 766 595 936 778 632 904 880 133 734 163 271 659 215 153 69 213 110 774 641 520 823 660 500 106 200 597 32 49 387 711 868 53 445 930 428 336 500 785 13 77 348 776 610 700 843 355 542 919 450 499 800 326 532 515 155 688 230 23 361 472 899 401 871 907 150 790
583 475 133 194 373 671 345 165 552 492 264 768 276 884 746 485 787 176 20 780 511 252 524 418 897 141 901 44 78 875 600 77 624 780 270 618 6 73 341 33 308 471 968 79 454 809 967 406 371 661 876 585 212 522 465 919 771 365 996 592 125 945 244 773 939 906 458 170 425 503 641 53 807 700 542 800 809 570 769 939 439 914 458 902 496 383 553 169 129 626
94 316
72 207 328 203 602 11 915 630 709 345 100 4 320 443 610 17 225 994 981 263 820 335 115 382 636 564 594 272 560 407 455 398 983 658 8 168 162 170 493 490 361 109 504 160 105 640 778 586 779 1 93 42 194 677 603 506 207 525 112 327 140 569 907 872 528 544 190 703 292 162 622 859 61 549 966 878 943 371 99 974 793 217 638 218 5 883 918 53 559 537 198 982 767 644
744 732 405 281 738 670 448 956 930 557 579 983 954 306 332 992 773 574 559 117 497 87 342 810 609 518 622 486 945 545 361 698 470 506 49 147 687 726 470 131 309 964 116 626 499 849 423 491 674 464 36 735 780 917 789 823 878 112 969 658 455 261 136 687 792 990 979 390 750 567 824 201 439 794 660 196 771 868 334 447 575 350 226 987 638 566 731 9 32 378 258 806 95 882
17 33
481 3 548 72 461 837 131 961 866 253 47 430 719 827 347 820 487
788 887 950 797 168 242 710 659 644 517 991 678 4 554 595 199 215
86 404
239 933 672 690 929 197 427 170 740 791 14 112 38 312 381 605 645 882 682 733 825 511 581 791 644 306 693 126 489 13 194 411 703 369 838 739 475 736 121 662 202 687 957 805 162 349 877 538 160 301 557 644 49 104 73 608 250 846 996 741 217 162 959 13 552 762 760 847 156 24 364 942 928 91 828 544 970 391 353 777 222 702 868 836 236 799
536 203 640 649 755 868 630 162 412 537 138 210 420 636 980 312 654 598 693 664 868 222 335 558 688 565 824 398 392 452 984 342 904 871 819 799 480 777 998 695 238 309 72 628 381 43 15 499 242 496 526 284 222 256 744 755 856 716 421 983 817 321 596 539 351 388 382 317 741 616 444 173 544 468 694 610 361 144 44 855 562 284 244 726 324 320
10 252
753 337 692 958 786 137 74 70 852 715
333 355 814 27 659 942 61 107 721 990
41 163
173 797 582 862 859 553 626 789 837 776 5 115 938 620 177 889 325 786 428 563 874 102 531 455 201 830 782 542 122 501 609 850 507 2 870 325 759 321 904 494 664
275 359 486 539 538 292 302 809 175 94 294 84 643 581 819 41 451 919 313 989 672 514 366 889 856 998 798 230 320 658 455 63 36 826 711 30 922 544 400 584 344
