68
65 702
291 92 808 967 46 620 116 265 411 600 185 809 337 742 993 345 901 982 774 707 985 242 807 253 776 962 402 900 705 337 487 64 535 403 612 468 936 876 823 332 164 546 222 237 626 572 359 908 505 630 670 744 180 838 258 184 87 565 430 781 196 518 976 881 624
211 27 248 341 363 134 827 827 230 101 372 355 768 421 459 168 186 99 391 771 157 722 559 1000 33 321 447 905 946 720 645 709 498 170 654 334 295 953 636 609 874 270 285 724 130 788 136 220 922 852 659 252 132 824 859 824 646 483 54 588 497 692 848 667 594
90 838
641 583 319 428 764 477 478 519 979 559 819 70 160 425 533 533 615 82 288 286 944 450 162 731 50 867 391 768 666 642 11 537 497 817 862 167 17 668 125 23 351 333 241 459 327 10 268 757 837 160 321 554 657 242 203 559 172 306 619 396 524 627 113 503 16 268 942 415 384 702 542 420 211 865 683 942 985 678 840 421 413 27 71 880 773 639 268 221 197 809
357 556 981 460 346 53 58 446 285 997 121 257 422 328 896 292 243 397 801 623 473 188 184 138 648 899 724 462 609 67 191 253 491 953 79 985 157 96 400 508 56 200 321 519 970 643 893 885 650 653 456 413 161 585 23 704 662 170 311 137 544 927 493 298 238 371 182 820 68 229 29 774 294 752 896 2 26 941 295 539 824 971 811 434 272 467 980 284 207 6
60 605
97 781 378 462 881 985 819 830 329 546 189 306 177 919 764 948 872 102 686 865 651 731 283 93 602 648 280 310 665 529 704 612 258 108 198 567 198 568 973 22 826 479 541 348 82 487 805 134 991 626 662 475 837 809 38 849 401 116 842 297
816 557 171 609 77 626 748 406 4 942 794 377 434 813 762 366 591 266 593 540 507 777 541 848 726 314 637 824 688 150 369 539 708 171 387 366 204 181 838 953 552 672 458 636 364 978 680 281 902 950 89 21 482 626 93 195 718 982 542 335
26 491
150 943 764 222 883 517 275 477 760 934 249 759 562 968 84 70 700 705 385 964 400 61 243 82 603 520
161 623 896 951 369 761 944 385 973 458 396 831 69 186 419 452 487 860 274 803 317 691 492 468 804 676
74 110
828 528 591 123 424 57 383 453 641 781 868 655 678 624 474 461 923 326 686 779 20 18 247 907 334 534 783 362 235 861 853 683 716 299 257 612 569 830 52 418 257 121 888 322 328 788 604 649 272 279 481 656 329 267 158 11 39 498 678 186 898 964 545 793 656 647 788 532 72 684 935 896 824 420
30 657 319 303 92 546 802 161 479 863 62 876 209 88 267 65 27 812 396 231 261 221 114 844 273 825 307 577 514 599 693 45 361 871 981 416 580 41 593 649 859 342 901 401 74 572 277 501 40 326 886 76 888 870 78 142 851 608 226 794 264 901 335 539 184 26 632 344 201 912 775 497 132 97
63 352
355 661 308 936 312 996 417 59 737 570 356 707 465 349 464 754 791 721 649 439 831 404 366 936 252 228 771 47 752 995 659 803 833 504 92 332 430 942 845 157 780 34 342 701 377 150 214 236 831 747 81 824 73 50 241 966 437 33 740 297 552 294 174
917 929 863 20 704 507 94 450 681 891 262 768 611 947 778 949 284 324 395 626 39 275 798 705 733 210 341 445 348 548 943 553 364 291 710 803 732 523 254 166 689 946 654 685 128 416 788 441 598 340 482 904 113 569 406 751 360 728 999 789 790 195 391
58 674
46 528 944 78 868 886 229 59 154 241 312 403 48 468 729 366 633 466 473 221 724 721 654 57 459 165 464 5 455 376 679 303 642 469 956 857 647 358 509 236 622 869 260 250 218 603 26 464 432 265 401 903 412 654 410 419 498 514
156 122 418 308 515 642 163 373 624 684 599 132 694 333 94 490 408 977 451 545 837 956 769 718 449 882 742 187 196 585 898 789 777 263 306 453 350 205 362 218 648 206 649 249 57 248 293 176 19 211 529 544 606 331 223 958 549 629
87 345
515 350 300 707 665 920 97 453 165 614 738 923 547 86 342 900 221 370 517 363 564 153 527 974 377 561 618 617 763 766 158 582 48 499 282 240 381 487 495 999 428 221 66 295 585 572 560 279 176 289 85 768 45 527 426 80 72 476 146 550 596 232 997 226 663 815 167 432 21 725 132 950 663 13 128 180 3 454 243 31 522 651 600 31 777 156 532
747 976 853 349 111 284 209 376 522 919 857 597 770 208 39 278 679 273 59 190 341 482 298 659 758 357 311 600 959 276 494 584 55 314 478 230 363 962 652 145 179 991 182 609 24 618 145 195 82 118 282 913 566 26 523 570 649 991 992 228 506 31 98 690 171 344 296 280 553 310 91 159 907 320 212 396 759 752 961 598 607 57 446 113 142 584 316
91 458
98 251 648 298 508 669 937 843 381 351 569 830 305 121 234 667 553 546 179 324 988 631 445 861 777 763 175 342 24 924 66 692 531 581 362 921 567 315 862 537 113 83 608 267 58 173 858 235 550 649 45 112 335 706 963 561 604 261 392 992 527 383 513 455 804 220 830 653 862 318 819 749 226 689 433 766 887 602 295 347 556 165 106 381 831 87 136 287 818 464 544
330 967 771 488 582 323 355 945 919 495 584 979 91 811 34 175 602 60 158 667 978 5 184 330 477 615 5 937 125 819 886 981 272 736 397 978 527 74 252 792 835 144 1000 645 570 940 265 873 942 808 69 756 972 515 346 633 209 172 282 443 260 716 257 66 551 457 636 897 462 760 529 448 600 660 299 656 75 475 207 527 729 554 938 910 414 236 517 379 435 347 83
4 941
638 543 585 764
330 930 228 176
50 541
46 195 913 877 417 490 101 481 711 478 166 327 850 13 395 689 797 153 145 612 413 94 837 873 705 709 412 597 196 250 849 220 622 739 78 733 678 402 54 452 670 553 480 868 387 907 1 502 899 195
598 773 429 987 381 227 983 354 121 654 301 867 832 337 254 592 460 836 944 369 524 14 272 759 640 897 526 768 422 112 736 79 840 702 716 386 68 224 753 812 369 430 183 529 42 734 137 91 891 832
97 200
318 888 529 731 92 156 263 30 6 583 613 461 193 783 558 802 163 5 1000 743 271 630 851 471 726 357 107 95 576 691 96 500 389 704 611 317 869 959 277 638 903 778 645 587 607 728 761 486 638 59 675 560 932 813 171 865 731 308 432 749 837 157 721 587 962 577 609 261 375 624 220 764 992 521 945 526 17 57 962 383 383 969 393 250 956 55 838 302 604 849 698 946 671 258 555 216 839
426 987 58 11 58 219 889 408 159 655 766 69 665 85 143 980 902 872 132 298 981 437 513 348 813 188 434 699 673 680 780 782 849 854 985 230 245 293 718 165 573 990 540 908 416 597 765 262 700 136 35 738 371 81 190 436 900 523 895 160 8 343 71 24 55 284 101 385 485 369 53 56 637 212 127 666 234 768 395 180 727 357 488 84 725 9 85 424 834 938 713 125 457 659 651 334 2
74 197
343 418 456 54 190 858 392 691 757 740 363 467 581 236 941 80 742 693 91 855 249 268 40 960 728 314 611 298 718 279 693 489 758 848 147 345 385 300 329 121 428 33 242 126 91 784 58 447 34 166 644 794 961 556 990 2 787 712 36 954 299 514 163 635 327 4 309 51 420 83 137 921 860 473
498 115 341 471 892 90 328 172 240 376 907 187 916 682 392 954 670 54 616 143 237 997 389 292 925 306 216 554 816 104 733 551 25 66 450 102 939 274 840 386 377 439 897 167 345 674 592 570 304 50 89 840 765 305 635 151 554 485 936 874 634 70 645 76 273 854 383 68 754 790 275 889 755 271
47 112
895 452 251 499 180 852 642 420 288 262 36 190 752 695 924 376 100 973 114 493 664 114 830 450 255 746 326 400 307 649 697 907 178 605 552 577 181 414 590 911 654 973 857 696 317 608 444
779 266 534 906 958 10 514 743 337 866 462 430 177 308 630 322 864 420 650 491 7 827 991 76 164 693 506 666 110 87 329 445 764 866 679 89 102 712 487 278 305 725 689 932 232 512 899
20 444
732 137 14 707 101 225 845 826 488 954 323 237 269 711 488 976 697 455 749 271
214 155 74 760 697 696 504 838 902 572 151 938 376 265 493 983 987 25 462 363
85 724
572 735 367 970 974 745 360 349 261 312 260 111 173 940 977 991 575 921 230 971 11 819 311 183 768 330 457 876 285 882 106 815 58 686 195 933 109 589 400 768 632 850 838 830 812 834 313 420 88 532 994 521 88 204 579 61 26 219 542 886 354 877 221 985 297 766 361 208 762 900 479 699 283 607 816 796 967 548 538 656 534 25 377 887 246
952 11 143 322 663 909 375 998 826 57 402 957 135 619 873 7 765 741 20 37 383 812 902 624 55 716 452 764 337 234 735 605 630 772 179 60 952 501 231 691 201 502 580 468 32 113 933 365 572 698 247 654 117 393 768 67 721 845 682 717 928 198 82 665 882 813 898 524 993 849 324 776 497 927 113 946 744 455 72 579 766 86 886 584 41
40 463
414 421 682 589 931 984 762 459 894 134 359 73 847 13 641 782 295 803 60 315 890 418 102 637 132 727 351 975 30 459 178 780 816 2 713 308 910 304 967 46
943 999 417 131 77 25 998 815 557 178 965 986 660 317 20 44 212 223 371 945 951 339 181 143 669 33 71 320 627 703 542 365 691 530 617 124 384 716 540 52
17 248
369 961 319 345 368 847 29 561 391 538 243 438 932 432 563 694 562
163 346 539 862 650 228 202 908 97 408 719 205 253 426 431 120 62
63 60
479 370 620 372 101 201 365 601 244 31 331 489 749 158 229 192 820 498 107 923 180 353 946 404 449 875 905 318 528 888 260 759 283 875 650 556 962 909 548 944 598 433 133 775 477 749 934 213 547 588 28 396 915 835 387 267 29 907 795 396 207 195 58
296 237 47 377 122 565 937 341 707 516 911 281 237 564 980 927 883 456 87 719 367 506 418 695 758 643 50 438 545 584 864 392 650 316 112 538 806 805 456 867 244 818 10 149 738 184 723 15 596 317 645 628 375 185 639 453 237 372 789 739 424 428 509
7 319
913 675 599 271 432 379 336
840 191 603 382 196 100 457
72 364
158 902 51 896 202 752 910 366 824 856 528 982 659 779 769 680 993 430 43 419 875 753 108 577 97 844 679 128 509 311 207 173 391 351 519 185 546 167 28 703 298 697 868 10 192 784 950 512 815 714 356 962 544 88 929 3 86 865 312 529 273 756 926 273 918 657 865 564 665 360 565 731
117 184 241 272 54 937 1000 614 479 50 872 135 52 835 848 725 10 832 390 762 177 862 554 938 110 29 486 488 953 86 993 193 535 673 319 37 22 439 520 723 569 106 981 103 736 23 307 865 624 326 926 602 20 546 234 837 60 967 278 835 338 185 917 314 255 553 29 998 590 192 163 391
8 890
318 236 532 929 752 449 353 791
786 673 311 793 858 816 561 264
14 484
310 792 814 84 413 940 744 409 207 854 326 243 313 971
792 505 657 167 812 340 968 181 359 321 293 886 35 226
31 850
387 533 631 47 522 289 657 168 996 839 619 876 456 177 661 697 435 432 939 746 827 324 695 777 66 100 735 196 849 156 929
763 911 318 256 159 159 479 646 59 321 811 531 556 648 149 567 635 868 473 904 856 427 504 954 616 427 253 750 730 225 757
49 95
611 139 881 298 259 807 323 129 704 551 643 668 287 890 758 629 365 500 459 187 187 167 121 110 208 41 344 411 598 91 695 496 773 966 355 719 397 215 867 447 683 79 565 561 986 924 635 926 248
623 945 537 169 720 526 859 835 419 89 417 317 741 906 532 280 6 515 687 540 747 242 391 318 837 556 751 475 135 49 544 981 106 347 806 522 743 437 964 812 303 462 897 339 381 430 329 672 215
20 807
69 789 808 220 416 245 570 587 692 286 430 917 784 820 594 32 426 78 829 447
360 160 498 199 740 761 679 236 253 616 907 576 846 808 651 998 715 998 409 526
48 26
387 649 945 113 32 501 939 743 928 255 129 579 885 784 510 266 383 836 702 653 734 978 333 173 713 281 194 569 964 710 415 522 330 951 176 451 790 287 239 100 483 817 484 216 635 527 862 594
325 637 208 103 801 211 336 456 600 419 255 803 860 569 93 566 516 309 87 577 122 918 502 446 351 696 428 696 792 390 46 150 127 39 452 29 298 283 152 515 749 109 564 926 477 470 563 283
46 824
649 841 553 129 339 726 9 316 34 32 189 712 821 269 222 614 643 201 546 840 875 969 628 89 958 6 777 898 477 284 635 975 239 536 595 953 920 552 587 62 690 35 52 49 594 238
854 673 192 319 240 838 70 487 616 919 172 30 280 486 680 987 768 185 86 1 58 420 142 377 57 182 115 495 634 592 12 596 312 372 350 948 989 853 667 427 799 639 347 482 988 207
51 72
281 416 506 676 697 387 717 646 573 955 454 73 632 566 744 555 969 739 235 963 28 773 275 478 223 559 923 330 185 285 946 360 463 585 171 292 130 505 593 733 387 249 610 758 214 753 677 716 811 552 630
224 925 614 591 12 388 921 58 26 175 164 377 383 855 509 48 30 535 763 928 632 60 900 511 766 704 280 418 318 932 866 414 753 677 388 124 942 140 420 166 69 157 591 782 114 122 999 256 880 554 995
53 783
161 82 269 746 522 757 192 81 50 87 696 81 948 824 594 291 355 411 301 767 376 674 932 727 79 759 406 533 710 638 798 398 632 267 274 981 295 172 538 236 399 565 269 724 971 308 579 541 432 113 31 464 108
802 676 291 635 231 706 9 155 721 865 257 521 563 5 190 911 512 117 852 767 107 126 93 173 153 598 24 125 913 609 569 40 394 509 20 544 460 278 144 523 422 56 582 868 812 390 459 569 732 719 73 760 198
15 852
605 362 180 186 11 459 542 426 109 679 527 906 16 608 99
69 626 10 927 61 676 310 802 472 901 112 35 397 555 51
3 821
442 241 535
14 230 808
73 764
995 227 988 199 653 605 22 853 288 800 4 620 4 91 200 408 969 942 944 482 232 447 603 467 775 38 240 736 296 166 872 605 517 719 660 659 226 193 217 991 800 8 131 485 349 553 765 783 880 181 544 863 527 961 100 230 803 132 422 435 153 50 721 234 106 977 295 912 992 276 19 266 129
869 420 366 630 132 808 393 84 980 736 62 859 668 79 860 115 278 510 520 367 160 209 925 308 759 12 146 790 309 189 750 956 811 433 587 215 988 765 19 838 560 531 792 560 154 40 324 735 366 909 253 148 815 265 829 405 241 643 298 652 905 720 574 197 211 727 284 507 161 257 872 656 817
97 101
167 12 409 93 705 909 512 804 599 144 172 473 635 475 804 501 85 445 966 385 756 684 774 875 601 766 995 951 439 270 468 124 831 685 768 197 354 369 577 582 989 122 988 79 345 518 955 398 939 951 843 483 813 863 391 330 678 279 525 24 337 898 675 544 269 556 450 900 970 786 746 430 868 218 2 709 298 91 324 114 754 473 589 468 445 389 964 144 224 916 969 787 89 850 347 982 532
790 36 996 113 369 861 518 677 136 80 847 484 438 201 833 928 929 715 778 837 717 126 557 524 714 773 467 391 999 156 464 562 105 256 849 605 781 543 607 100 907 106 333 628 477 375 108 675 494 140 329 152 839 185 270 936 306 607 679 668 127 31 911 367 850 114 433 494 147 878 280 438 710 627 634 239 547 487 559 300 73 870 474 906 310 134 71 801 41 836 118 44 949 577 786 543 737
24 95
256 497 823 487 66 127 669 959 932 402 607 718 842 719 516 525 231 97 79 631 783 638 213 619
354 778 814 345 223 996 191 848 233 897 713 38 182 613 520 112 425 988 685 333 652 400 37 382
46 106
298 766 46 220 378 807 691 927 207 979 325 691 287 213 185 373 931 909 866 913 461 275 464 204 993 527 605 341 315 161 593 473 112 506 942 759 673 837 674 352 553 528 560 188 345 620
110 480 271 740 554 388 632 68 779 339 633 434 585 840 124 165 100 843 281 667 639 358 561 871 897 873 383 386 591 979 277 643 189 644 614 12 82 940 198 392 872 928 783 394 532 63
100 301
258 224 538 953 206 70 704 828 622 800 200 385 91 519 588 218 23 813 247 152 11 487 898 944 939 807 33 634 265 958 338 308 166 967 680 936 573 313 872 31 733 815 669 384 537 55 987 698 513 232 161 915 157 559 394 993 294 659 518 952 890 964 609 789 85 330 981 760 777 19 706 624 218 715 787 315 232 204 270 432 396 327 218 495 588 839 203 339 989 416 822 259 830 482 957 833 875 882 41 320
906 938 297 453 254 834 334 815 104 295 150 848 218 69 114 432 846 456 968 592 757 251 966 816 996 581 392 243 375 204 157 819 447 390 9 764 298 85 374 193 60 368 98 396 970 856 258 363 434 361 997 78 677 544 650 824 954 523 242 902 922 669 185 207 300 214 225 108 970 437 894 152 199 680 677 50 338 226 91 107 34 39 673 316 409 352 36 845 792 549 874 754 778 65 445 970 63 458 827 112
77 919
21 946 380 208 602 720 296 980 439 288 511 241 896 205 384 646 750 4 919 827 642 146 649 448 516 252 232 92 578 70 755 292 229 589 651 646 118 544 395 628 364 608 555 860 581 950 220 223 111 965 851 109 648 493 780 870 554 669 292 118 173 459 600 615 889 480 89 408 307 405 970 284 91 931 866 249 23
967 639 118 494 649 704 891 774 900 706 522 194 390 501 874 861 390 438 899 420 715 827 346 967 960 710 96 481 349 143 186 210 656 753 17 507 718 991 11 236 596 812 659 982 83 68 703 358 758 841 271 832 213 84 362 219 255 397 924 453 167 303 261 724 363 514 317 737 93 866 600 445 879 729 412 556 983
56 497
455 425 86 847 867 733 188 664 875 553 968 580 231 672 787 893 71 358 319 455 23 322 29 257 215 486 215 414 690 127 40 188 732 440 438 419 410 443 634 141 456 194 670 114 566 742 396 552 618 965 258 356 625 478 370 679
194 465 681 721 129 738 795 520 585 81 200 720 809 768 505 24 877 135 507 409 968 283 922 704 887 405 377 607 661 54 282 69 264 803 186 477 755 861 355 13 130 603 140 907 981 122 701 797 458 377 368 402 984 316 965 889
91 834
652 61 725 95 318 194 611 318 114 997 773 530 560 165 431 139 690 736 810 973 330 382 90 923 277 878 192 765 744 603 915 55 200 32 774 854 579 382 508 942 607 58 802 348 253 74 580 14 189 546 325 998 876 568 432 507 240 222 1 189 264 440 547 152 877 856 980 201 341 394 650 751 483 121 162 762 265 53 671 788 121 951 796 756 214 888 822 332 143 217 379
513 501 650 814 549 209 47 645 78 752 670 789 647 565 731 308 670 515 864 460 744 691 414 512 253 358 442 410 235 808 36 218 135 346 291 282 750 235 224 876 568 640 563 73 941 100 346 25 880 893 811 441 858 693 160 826 17 423 521 887 767 831 538 526 470 559 483 530 657 178 429 746 999 740 507 956 181 535 280 623 824 376 527 20 89 289 417 194 638 298 442
36 332
784 594 282 739 665 593 745 511 393 150 300 138 755 252 865 898 742 42 866 173 397 59 809 775 765 857 829 272 977 314 392 95 439 874 687 947
11 331 22 696 66 228 633 435 835 551 42 724 897 308 185 271 853 571 530 404 847 146 279 96 181 262 495 952 261 934 725 564 978 799 528 50
91 753
222 232 473 924 245 939 936 159 969 962 987 60 701 900 746 243 950 160 1000 204 508 618 802 210 885 412 91 527 47 791 88 144 4 963 28 291 871 809 82 300 826 479 909 805 83 47 409 335 480 578 13 14 66 210 976 464 641 234 589 890 575 626 895 264 511 990 303 431 179 143 496 430 863 485 988 714 663 938 506 40 543 906 736 85 480 482 668 178 177 259 673
925 480 385 229 307 232 92 279 880 445 872 169 593 390 693 550 470 106 204 14 233 340 795 128 19 60 108 765 335 164 259 474 316 695 649 964 93 762 836 274 782 864 28 887 447 9 476 786 244 547 398 394 824 83 619 579 208 593 296 549 119 65 392 67 724 373 203 901 907 863 187 377 737 554 177 233 300 134 491 78 89 140 946 709 151 976 80 114 476 768 676
60 711
103 686 105 900 697 363 321 290 630 65 640 672 499 643 573 617 890 264 377 321 67 690 4 916 49 643 444 433 736 640 104 444 396 746 773 586 568 133 690 581 110 657 78 939 639 947 860 275 73 600 935 200 581 167 799 301 254 276 874 381
805 234 915 713 341 901 796 497 491 843 236 6 501 984 772 775 332 181 497 782 451 884 356 784 734 914 285 224 704 145 262 798 337 971 60 195 809 285 264 718 877 114 329 672 456 225 785 794 629 797 344 452 332 395 719 236 9 766 257 16
25 741
286 57 391 936 914 612 509 702 269 966 120 573 215 261 885 472 597 4 427 35 448 31 449 854 240
265 528 321 363 229 188 535 745 550 689 81 590 455 888 144 53 176 612 942 529 370 567 221 956 967
56 527
738 959 762 167 797 79 302 880 601 635 178 971 462 240 577 647 912 792 139 391 659 214 572 738 164 303 886 801 268 762 668 349 177 119 896 95 268 437 520 639 793 782 327 588 288 677 468 247 807 546 309 889 228 171 295 100
722 155 495 495 608 157 488 153 488 247 984 233 924 119 467 110 940 434 483 63 54 472 705 715 184 170 854 122 64 75 856 533 768 914 638 561 341 697 855 522 806 805 541 903 899 565 460 403 874 752 583 324 994 833 737 34
81 19
21 139 578 321 789 852 922 796 642 930 514 429 131 804 977 377 135 968 708 228 464 607 876 732 931 515 360 828 166 38 763 964 639 571 81 910 192 729 482 20 413 861 385 19 140 455 363 237 542 967 817 349 85 208 137 405 477 190 799 146 19 869 983 5 423 282 368 879 371 913 679 778 336 182 217 224 588 364 807 755 312
608 899 432 269 198 510 871 790 810 720 916 871 552 524 635 45 247 9 460 893 199 850 969 308 656 701 286 566 592 772 668 635 99 570 478 654 318 197 155 114 947 820 352 68 502 629 260 27 983 230 307 931 635 838 218 490 103 476 7 941 66 629 465 713 447 983 99 423 505 591 396 493 848 735 297 945 943 452 564 831 32
54 577
106 712 145 495 593 984 139 384 633 185 176 266 828 658 939 975 95 891 265 117 352 43 90 136 351 164 923 258 627 173 622 316 347 346 860 539 1 504 144 583 912 452 28 738 666 579 67 687 793 842 174 614 655 122
897 154 108 486 917 234 621 148 29 509 266 368 898 80 763 640 78 782 476 349 522 122 337 168 295 958 599 34 968 337 908 376 776 772 111 540 369 291 16 232 215 248 21 553 323 500 853 699 513 187 660 586 244 878
76 770
407 968 473 208 349 505 696 410 914 113 998 474 903 309 352 659 802 195 167 690 734 398 422 455 917 980 588 248 22 408 742 212 907 212 91 96 554 487 167 379 690 75 804 368 359 868 825 798 340 742 732 140 655 607 733 81 854 284 916 984 432 413 757 680 391 179 462 955 809 883 10 980 726 829 296 124
28 996 948 432 249 609 982 346 235 248 235 705 258 882 265 929 688 625 58 781 316 166 856 602 865 814 63 601 269 268 351 936 235 198 112 633 408 760 591 297 265 472 113 222 281 226 334 864 746 854 689 485 623 940 208 998 62 827 894 904 695 812 122 582 624 361 853 47 86 847 498 211 817 181 339 559
88 187
280 710 214 575 793 205 234 810 238 38 194 260 991 546 153 825 924 101 530 328 851 939 811 843 939 118 210 373 592 526 886 309 921 332 59 431 949 631 677 543 803 187 340 22 839 450 205 147 836 240 852 619 635 988 318 356 824 743 840 563 519 536 88 217 3 247 701 343 289 858 408 687 109 431 438 831 175 491 314 479 788 614 833 901 192 366 919 648
97 575 332 449 380 212 418 543 967 36 657 556 966 243 81 792 325 551 544 736 24 529 241 701 201 629 40 41 980 532 668 564 172 614 688 800 954 577 508 120 386 108 978 729 444 546 980 914 86 575 232 751 842 179 914 261 121 172 595 196 619 846 442 312 497 304 798 511 280 100 159 821 745 308 886 271 556 855 573 185 248 647 652 196 280 168 265 457
82 778
177 997 702 248 739 559 162 715 505 847 899 632 851 629 536 89 658 818 243 304 891 895 115 590 859 346 994 609 657 276 931 777 574 995 286 268 334 157 861 7 214 49 616 639 467 137 177 675 470 407 535 523 970 126 195 998 199 747 48 118 168 612 73 939 537 635 996 25 963 768 417 429 830 289 446 769 255 152 238 881 691 786
31 964 556 480 655 239 594 906 641 741 3 20 290 608 29 77 113 526 829 53 350 270 381 594 875 802 767 879 856 295 560 566 597 921 390 734 9 656 780 472 533 369 494 327 110 557 811 774 396 353 631 263 743 841 329 586 222 434 538 25 179 126 323 868 170 192 390 157 138 843 269 154 975 128 539 419 334 940 114 375 47 53
60 180
502 348 452 327 847 305 469 593 6 10 149 190 30 70 558 998 568 488 227 173 437 123 569 798 988 854 147 12 779 13 680 890 558 715 944 30 435 282 133 490 26 143 75 455 312 141 931 977 395 789 72 179 712 445 999 91 608 390 710 170
714 749 219 901 304 623 221 983 389 216 684 486 815 461 146 843 486 714 597 793 969 325 597 393 284 863 15 265 487 808 949 802 248 124 282 787 695 388 585 387 770 237 529 639 728 663 921 36 358 915 378 249 170 578 480 833 170 364 838 855
16 4
721 189 795 101 303 19 324 369 612 980 125 662 986 574 475 107
600 890 986 138 228 773 556 559 290 614 167 366 644 427 377 133
4 80
167 460 236 242
205 58 680 508
78 304
166 240 787 409 870 779 935 295 457 821 855 821 834 129 584 810 91 61 904 642 542 338 978 142 877 331 3 32 308 704 404 649 985 375 977 426 213 420 447 883 254 164 26 784 233 942 991 799 787 496 487 59 734 508 331 683 684 377 20 409 618 509 852 998 797 352 796 496 602 364 602 113 208 293 973 397 174 732
471 148 290 416 284 774 616 387 944 328 930 362 249 525 811 945 969 339 126 499 795 19 300 592 733 819 304 583 388 311 717 477 444 688 76 279 305 686 154 336 109 105 841 536 288 362 580 147 530 54 951 840 542 665 323 398 699 538 367 19 436 131 95 448 81 402 543 339 326 340 63 671 150 113 946 40 646 511
64 939
740 697 179 631 560 654 321 369 620 35 300 743 813 609 930 450 384 447 934 351 278 984 855 106 329 861 142 179 486 888 90 523 453 273 854 653 391 585 580 569 277 30 63 409 174 215 960 209 696 791 87 138 87 305 881 722 511 540 666 417 955 367 706 405
866 535 419 488 660 149 149 231 352 123 523 668 647 694 326 910 537 231 984 146 290 258 522 434 860 910 885 455 30 300 890 479 678 562 732 919 316 291 828 490 727 533 648 189 187 417 819 172 862 9 905 160 283 105 753 515 818 381 258 423 577 150 545 871
97 897
189 375 49 236 39 5 780 647 906 193 185 699 741 567 49 492 516 888 130 654 137 987 595 511 401 79 303 753 643 120 951 706 446 875 818 874 100 855 874 495 391 403 38 426 980 617 672 824 202 776 244 944 444 526 681 491 129 125 289 647 785 405 922 678 876 830 771 422 319 484 257 448 112 361 797 735 287 792 370 940 631 667 685 963 481 62 321 613 629 159 865 932 227 768 404 136 769
365 420 29 178 974 425 883 587 45 30 46 276 943 446 544 135 244 345 855 961 125 662 96 369 133 40 280 881 814 725 969 829 946 28 711 528 779 138 238 838 514 167 157 941 956 800 753 158 166 917 299 419 579 794 445 874 164 984 915 523 896 29 494 392 146 599 763 292 363 371 368 51 175 826 615 533 543 522 301 278 598 318 168 255 431 983 743 895 604 297 834 862 4 352 89 365 294
88 327
771 493 222 722 418 206 794 679 137 409 917 188 236 949 44 765 253 686 20 842 560 864 732 44 908 866 126 161 163 217 101 931 814 423 588 666 500 8 844 103 137 728 469 424 459 354 91 653 906 204 757 362 37 550 980 653 693 583 209 994 200 9 537 647 755 337 635 716 680 408 324 648 927 317 252 381 753 420 781 445 817 415 247 401 846 227 483 365
601 739 404 715 476 707 194 32 31 612 63 771 113 682 776 925 131 178 160 780 887 546 257 810 678 327 371 353 686 536 489 629 521 260 373 879 651 156 717 833 950 248 146 941 104 596 539 734 199 582 266 704 807 469 359 693 528 609 608 25 109 552 806 506 936 222 650 563 50 360 217 485 130 272 540 16 732 305 837 237 805 525 887 291 923 429 275 720
72 753
548 387 261 714 884 440 762 183 850 893 601 402 818 643 352 350 578 87 553 558 993 818 577 408 229 933 615 752 189 556 383 682 922 501 417 299 537 377 43 707 481 142 917 115 281 687 846 615 910 749 626 172 749 262 626 570 419 900 795 88 495 741 75 832 968 355 682 642 666 715 256 624
525 711 256 589 389 96 422 276 583 452 91 106 97 716 788 324 879 295 6 306 374 153 879 246 35 134 516 922 919 590 762 343 798 572 448 336 140 183 863 422 971 462 127 599 566 833 118 189 908 564 758 154 485 572 245 296 304 529 226 469 913 395 666 216 113 436 956 4 498 860 699 111
67 393
171 3 972 970 446 639 720 325 320 898 657 17 449 342 508 457 430 911 149 824 213 833 365 624 133 314 20 665 524 143 774 847 931 102 198 872 791 622 38 87 32 642 446 678 813 658 780 764 578 244 592 868 887 893 178 573 439 984 802 686 173 641 722 318 423 654 766
784 63 45 172 234 40 491 795 466 240 172 785 897 186 231 366 487 807 400 797 697 682 4 515 374 235 352 524 351 820 534 490 980 174 210 734 469 136 43 983 534 418 963 71 327 375 906 894 802 255 980 975 182 61 498 261 274 987 836 424 51 499 473 714 742 82 963
27 929
983 794 79 776 53 131 300 591 173 101 931 338 688 434 683 705 798 432 443 801 927 743 482 630 168 162 543
2 473 395 896 29 381 824 17 738 973 59 689 858 94 811 887 200 443 192 415 979 929 701 357 632 607 354
24 395
570 452 25 843 432 538 788 464 691 881 366 408 384 155 423 388 737 105 341 253 516 586 574 974
706 560 506 858 242 682 468 524 449 52 453 642 216 496 302 193 693 471 157 236 615 831 920 924
42 749
2 131 639 417 843 797 772 48 924 455 865 772 527 439 32 322 262 618 14 162 519 810 170 790 471 420 342 251 964 617 898 961 107 766 844 145 863 940 184 434 258 811
449 702 183 58 49 993 340 604 18 745 650 656 441 161 399 609 740 631 467 604 281 46 112 731 610 683 117 117 888 478 309 733 531 224 925 520 538 763 108 812 779 794
41 923
468 970 226 553 854 859 577 917 996 716 824 941 129 613 89 769 847 89 775 715 135 547 390 429 661 868 849 300 64 364 732 354 347 363 421 308 798 602 380 560 651
262 630 167 627 567 42 268 310 118 751 271 224 794 815 421 204 770 594 11 461 522 107 321 768 632 909 905 299 390 518 527 354 420 939 189 324 58 930 618 483 776
54 132
778 931 308 648 623 858 624 507 792 454 672 628 106 484 917 882 704 650 21 423 436 880 939 457 418 176 683 825 574 20 282 99 188 965 593 223 769 505 29 479 575 397 152 65 828 628 190 507 945 443 915 595 35 60
784 51 528 987 418 314 30 356 738 843 365 973 528 817 75 255 867 845 370 393 71 368 359 680 180 339 181 553 524 437 279 904 774 493 665 434 931 508 287 275 708 900 463 306 642 440 728 514 247 295 215 86 311 29
81 462
985 254 310 480 936 672 71 923 948 950 642 14 285 159 911 648 619 887 912 381 566 603 790 671 954 832 601 994 951 842 132 293 431 700 162 305 814 984 407 263 563 399 896 568 582 157 175 816 337 681 988 659 7 252 94 933 626 362 588 10 261 147 868 17 823 925 640 550 233 497 989 851 756 115 309 621 64 74 527 504 592
106 532 856 277 143 996 504 714 884 127 82 811 677 876 347 299 511 296 304 755 96 637 491 192 539 79 10 486 557 332 846 981 504 161 241 723 557 280 82 30 688 979 612 862 625 651 560 423 267 900 222 145 79 191 131 896 889 429 588 389 786 44 811 999 696 489 802 82 645 290 273 984 922 232 636 672 430 882 590 977 147
69 216
46 763 61 137 67 483 624 643 321 50 52 628 474 226 955 312 317 991 300 895 466 159 876 456 828 680 433 915 465 467 163 6 212 817 235 421 880 45 927 478 595 265 522 952 352 914 117 412 379 745 186 494 350 197 202 222 669 760 782 245 758 779 437 301 196 650 846 736 217
764 908 468 735 668 685 959 967 661 647 488 914 123 737 282 885 451 998 31 610 556 920 331 825 931 870 537 76 146 273 543 213 40 712 355 802 196 926 220 435 246 552 737 158 508 205 460 255 776 972 13 319 607 956 500 465 242 13 425 251 881 586 528 630 78 554 536 896 171
65 610
193 828 800 834 473 529 665 829 965 703 215 644 636 280 885 686 111 281 764 815 134 312 307 81 868 732 108 959 931 854 826 2 424 691 693 219 3 943 387 116 876 535 637 517 833 290 91 55 126 316 938 33 353 599 336 550 533 188 753 622 615 335 701 54 240
820 498 900 958 975 55 28 278 129 867 626 350 747 8 49 245 651 603 273 371 456 864 149 987 217 902 50 25 615 738 7 471 672 92 523 490 454 58 212 148 584 129 781 925 434 541 340 284 228 991 999 275 791 954 358 119 179 228 55 602 979 733 487 596 953
31 514
475 183 993 355 578 150 774 733 144 245 727 141 396 343 132 327 106 221 142 724 963 512 594 259 156 636 698 731 128 629 968
773 607 129 245 305 956 572 770 949 957 548 347 276 172 611 928 468 998 298 266 573 558 877 498 486 30 579 63 21 665 601
