48
68 943
114 920 173 157 246 111 435 642 711 533 556 419 375 729 52 907 36 239 656 161 491 794 515 315 144 905 647 800 713 819 198 608 861 283 307 747 725 673 96 556 882 26 609 682 999 17 727 398 165 35 898 953 824 995 617 695 418 485 332 111 525 179 64 916 316 13 902 836
258 355 556 534 984 774 837 562 298 831 335 276 431 60 399 406 175 365 988 738 144 355 256 346 140 313 884 476 650 444 376 106 598 782 764 648 954 792 246 726 550 65 87 540 570 13 679 932 989 865 675 226 543 62 316 473 68 239 655 23 142 126 441 161 58 436 707 48
83 283
545 785 156 606 434 275 745 591 149 482 356 866 863 402 669 897 349 601 855 334 331 575 224 18 885 157 510 741 562 135 861 834 361 767 516 523 807 414 13 415 852 25 119 640 145 101 429 236 539 630 125 880 886 602 879 401 962 990 467 549 622 865 708 628 879 44 986 930 358 61 296 702 500 431 28 647 110 929 606 495 555 946 503
753 516 67 567 114 843 526 372 321 645 146 414 616 802 173 741 726 156 513 277 754 896 789 125 257 428 317 785 745 448 108 282 431 72 888 276 457 163 563 24 407 772 889 555 79 863 36 441 982 71 883 114 305 478 87 368 634 39 127 119 667 371 655 299 292 940 354 713 799 425 446 367 829 585 922 684 732 739 114 298 413 281 288
23 659
135 419 560 473 262 4 466 352 906 763 898 660 822 288 582 530 13 504 562 296 488 166 816
587 833 331 292 52 737 243 525 807 587 869 589 103 790 469 499 292 35 887 722 704 347 570
50 601
699 69 188 847 463 48 92 159 104 460 218 432 73 499 758 361 74 870 16 800 559 318 691 896 18 77 452 407 500 985 683 358 528 725 36 315 318 193 45 474 127 79 736 280 591 21 690 209 829 326
893 400 183 109 26 520 866 716 323 504 874 876 536 312 529 369 342 892 409 963 25 543 507 150 656 920 984 840 77 553 471 991 431 571 24 958 157 794 564 967 446 329 17 424 983 924 195 175 777 281
40 832
154 694 831 168 246 133 739 982 64 680 57 151 214 827 380 26 593 25 222 599 220 352 523 405 708 155 384 466 853 540 493 450 263 1000 483 159 871 488 596 728
483 773 372 260 569 148 495 251 458 517 558 514 250 111 742 34 598 995 425 574 102 244 958 937 82 985 872 828 468 574 808 271 502 168 968 525 721 857 414 908
44 642
446 819 736 28 465 504 473 690 738 847 733 951 955 594 921 281 693 358 742 500 450 581 56 534 921 449 242 291 262 819 704 395 933 508 193 308 702 817 92 760 203 66 363 212
412 520 132 782 997 322 586 502 555 553 153 445 78 378 736 409 367 531 360 433 622 45 440 52 427 248 806 473 27 959 447 460 779 76 17 587 557 902 436 149 33 835 599 1
93 194
762 2 746 839 722 904 417 332 544 242 666 700 448 629 804 5 474 103 898 902 276 263 253 66 665 945 875 967 287 412 576 407 959 733 867 127 140 369 636 142 300 470 939 118 463 108 671 167 212 501 905 636 399 349 547 171 638 304 247 884 472 29 985 287 94 233 424 124 857 966 224 677 997 762 537 550 464 149 416 103 11 601 271 997 255 599 735 557 448 352 188 600 636
554 117 467 454 455 499 827 854 131 482 838 182 771 291 918 41 20 241 173 211 767 599 407 113 409 633 589 950 203 214 620 188 317 324 385 154 949 56 283 801 473 710 564 79 145 204 690 305 131 340 443 31 59 746 79 812 719 219 505 512 842 410 496 365 781 275 637 249 745 750 221 288 184 910 271 444 953 893 478 436 262 233 472 264 658 171 673 900 344 911 840 679 575
71 997
659 479 772 199 675 807 964 868 814 360 896 447 122 314 164 345 69 818 471 648 800 268 259 102 946 856 314 142 346 148 183 72 473 141 58 974 424 647 822 594 189 96 359 30 523 493 911 807 56 70 70 207 343 986 317 595 393 534 267 572 175 816 39 35 486 73 456 553 575 28 15
541 241 456 918 843 78 616 288 566 914 577 417 871 761 218 117 657 358 909 806 384 2 603 571 510 371 548 601 74 746 98 954 371 281 940 667 512 901 487 747 669 228 590 57 934 732 618 413 824 692 720 88 973 8 606 225 791 88 562 665 400 441 706 206 828 245 538 179 937 499 682
73 423
171 813 53 712 560 938 321 949 216 452 126 739 826 902 748 110 773 823 547 555 464 46 800 269 532 419 794 404 381 632 159 972 619 279 962 528 169 697 624 557 896 315 384 923 664 906 672 735 499 746 738 859 448 93 549 300 714 494 573 199 72 262 226 427 941 425 230 625 558 67 88 140 658
168 335 243 141 84 397 905 816 446 912 504 948 967 331 853 95 204 354 166 651 661 787 409 159 615 844 975 282 2 480 609 539 751 90 722 389 471 853 533 274 841 614 606 667 771 524 487 677 830 531 362 749 783 528 652 278 636 231 787 442 948 544 552 630 601 795 292 235 354 795 287 609 367
64 754
24 591 782 406 499 479 750 418 341 629 512 606 563 516 324 600 734 101 855 295 557 834 833 696 874 260 909 307 617 592 941 975 712 552 605 501 137 273 49 37 363 783 248 434 100 836 31 383 493 286 136 441 72 223 329 709 839 48 430 967 576 127 183 205
649 13 522 466 445 179 153 917 303 849 34 376 737 64 224 330 13 995 780 41 329 24 115 457 881 99 312 529 359 415 529 84 476 16 387 959 982 32 302 859 47 842 62 583 56 689 932 104 424 274 147 786 693 92 843 370 395 341 621 24 715 104 720 957
47 235
399 311 130 669 301 742 776 442 111 409 128 918 743 23 600 538 445 835 169 444 596 694 738 796 116 173 548 625 223 626 494 322 731 132 443 491 690 662 477 560 450 652 348 536 446 312 773
28 299 983 409 964 679 280 507 652 432 184 260 599 183 700 228 528 803 781 414 691 358 285 172 834 243 343 661 555 177 193 704 949 435 140 224 651 994 915 935 700 927 569 290 458 99 538
92 63
466 437 244 66 364 432 409 642 854 587 851 109 246 851 460 547 947 367 813 825 350 823 396 49 170 960 878 809 756 219 874 5 676 443 980 543 126 882 231 25 162 389 659 407 969 381 751 792 386 263 192 200 39 550 747 837 763 945 773 136 731 870 40 135 184 825 850 57 725 996 288 46 933 737 857 904 479 864 311 367 344 666 386 327 745 748 156 484 365 204 648 299
505 520 401 958 124 776 586 970 645 741 854 491 395 716 874 827 193 694 411 51 879 473 54 109 380 40 357 677 519 897 414 106 116 144 450 876 806 697 185 981 980 623 516 427 989 536 592 592 777 584 417 940 963 88 207 614 415 281 149 716 298 7 104 146 655 559 955 71 538 867 820 571 407 625 416 537 219 661 793 455 942 749 956 793 866 428 30 100 293 500 188 379
54 149
492 745 28 379 52 55 189 148 70 850 659 508 825 618 453 163 879 685 21 997 691 18 618 796 530 218 666 955 251 874 53 769 871 798 86 311 184 316 476 177 43 264 871 58 209 597 828 932 795 310 370 882 652 339
795 733 322 459 45 773 995 211 51 511 922 577 240 857 884 923 703 536 662 408 489 185 178 628 48 977 811 164 168 390 963 373 435 245 89 917 9 262 77 136 617 59 605 124 39 998 388 528 363 669 666 528 326 76
16 202
581 465 359 884 960 85 337 321 535 942 556 361 461 567 997 908
164 274 780 947 516 756 631 910 791 129 843 548 835 29 800 291
11 253
69 521 269 39 461 273 467 503 669 820 275
868 791 630 198 880 651 841 91 765 864 421
63 956
918 671 825 37 169 642 479 102 492 493 321 287 835 362 203 961 980 40 39 184 714 943 359 810 243 477 263 205 569 982 996 329 789 345 289 131 338 795 64 493 642 89 799 728 689 736 813 60 812 401 498 524 65 505 368 206 879 804 251 429 512 842 789
607 996 957 414 748 598 418 966 302 762 326 984 542 973 554 831 633 122 636 455 739 940 69 205 435 616 389 326 248 72 34 478 917 237 385 230 933 87 352 475 188 724 806 442 724 940 451 673 752 950 613 59 667 533 222 324 48 778 899 993 845 208 173
97 145
587 472 312 211 943 979 386 707 88 50 439 258 405 135 695 104 145 515 769 607 718 536 666 420 551 614 132 769 319 134 708 824 768 705 707 389 121 566 377 670 207 682 184 798 335 977 26 820 865 531 888 324 735 70 895 840 955 201 178 14 914 347 973 226 506 23 790 350 688 308 53 252 153 403 559 119 732 688 430 297 642 603 529 994 455 600 858 576 47 731 630 941 184 344 302 863 829
473 851 727 525 569 695 770 952 985 217 775 302 448 400 850 177 779 742 288 106 286 2 364 614 770 58 171 745 733 221 291 869 88 823 815 235 827 722 370 287 906 605 575 990 733 981 963 697 760 143 15 748 310 430 482 279 521 968 659 385 345 646 266 220 362 971 245 727 265 150 869 88 496 290 215 774 841 928 899 656 933 209 330 369 36 864 349 441 594 571 701 876 546 712 111 924 662
100 764
618 466 856 226 6 733 551 820 567 95 4 890 651 704 26 550 855 647 14 940 276 156 606 726 401 252 244 371 218 929 74 747 447 104 296 358 153 903 42 425 571 73 496 491 432 967 445 279 501 426 716 916 442 32 68 495 661 842 139 488 802 818 814 938 714 380 510 958 563 674 123 867 956 573 826 583 582 35 63 832 598 150 837 952 528 68 203 986 737 847 587 52 91 843 81 427 239 408 101 596
397 23 364 254 914 332 949 27 681 813 193 585 374 888 293 251 43 980 118 306 639 398 273 855 310 30 749 108 2 630 652 121 864 117 177 459 420 983 231 567 87 108 942 899 597 586 993 998 373 122 220 654 572 816 877 231 848 665 282 680 764 704 493 76 537 688 273 17 291 509 557 611 433 194 374 200 445 281 477 905 469 683 274 344 134 275 792 568 346 853 989 430 181 965 251 141 493 788 497 119
38 226
989 151 44 837 178 21 72 458 574 251 241 270 306 185 712 231 894 811 296 65 308 772 147 34 394 861 707 211 258 540 953 630 762 934 294 658 606 643
202 998 440 835 708 286 700 970 687 408 920 476 764 865 46 393 806 565 112 164 390 381 111 889 293 958 528 954 565 604 902 565 595 991 375 270 60 453
51 227
511 589 124 734 38 365 803 375 410 60 599 172 944 477 425 848 372 596 502 610 438 586 153 485 899 446 689 169 236 848 962 666 737 773 116 354 440 316 277 290 915 638 645 400 811 498 75 537 357 914 605
721 407 270 424 828 645 714 896 203 30 152 162 411 877 635 180 144 720 182 778 608 908 197 638 572 722 182 189 186 64 857 564 480 462 211 199 202 326 275 704 519 809 179 855 360 419 838 888 797 645 250
33 557
305 527 315 83 327 764 713 115 444 480 402 454 998 805 469 505 299 897 735 211 87 620 258 890 666 655 131 373 910 903 50 582 659
660 663 590 40 290 58 416 409 448 647 663 935 986 924 143 516 915 842 673 328 944 846 745 104 222 760 641 347 110 901 695 30 383
99 448
860 825 404 354 447 297 197 145 813 838 221 996 190 217 627 786 940 201 308 273 286 721 893 499 31 239 978 930 798 3 398 974 434 104 142 809 755 875 220 727 232 454 675 785 177 71 864 994 363 789 44 116 556 158 96 961 774 513 65 995 941 332 614 668 484 212 776 315 6 729 628 623 234 617 795 196 21 497 206 471 476 589 221 864 389 368 562 543 854 274 790 240 818 632 832 693 236 186 172
603 649 165 210 650 674 658 953 686 797 20 893 384 539 876 525 237 207 578 852 813 417 927 689 593 357 561 142 142 836 754 126 221 67 48 197 377 920 922 257 626 71 329 140 608 322 517 107 880 779 332 50 967 144 477 689 543 562 850 755 117 299 378 968 140 196 251 798 364 154 118 586 808 806 66 366 248 622 934 158 948 808 441 738 365 925 181 27 359 223 728 607 999 728 253 588 66 107 52
22 625
675 960 319 501 292 655 926 223 647 670 351 186 158 901 549 610 288 518 479 634 180 583
416 438 72 574 604 936 440 81 755 237 585 49 440 238 265 334 298 139 906 218 459 972
8 125
112 52 909 590 487 964 909 878
390 85 587 101 917 783 406 321
97 686
998 722 478 280 936 194 468 526 347 126 325 310 505 830 337 53 319 198 723 352 863 354 33 23 813 663 983 149 159 409 474 374 994 229 657 982 588 371 303 807 455 133 175 940 69 500 336 745 587 454 246 542 24 157 495 632 508 193 608 724 710 970 922 647 94 330 125 258 409 937 557 552 591 489 946 826 609 51 716 180 578 210 118 385 831 783 553 827 521 933 169 399 91 603 275 560 186
194 34 534 744 384 267 170 751 874 502 726 995 459 618 377 588 924 428 613 785 740 871 908 419 239 530 436 940 917 819 463 883 562 178 474 476 169 440 114 793 117 542 315 708 382 461 431 834 427 457 180 892 474 36 686 721 559 272 141 773 239 46 883 415 247 779 953 403 969 907 562 989 377 198 595 164 159 561 440 271 871 989 913 539 383 31 634 908 507 696 117 293 873 374 673 494 151
78 630
991 637 195 385 853 545 463 955 979 778 434 315 252 293 776 744 225 822 360 379 638 605 30 984 411 113 748 607 662 495 925 89 505 711 240 394 703 425 841 140 872 58 150 742 889 3 130 215 831 923 443 248 25 936 142 54 281 603 896 627 359 826 489 982 759 76 507 563 6 118 343 722 26 621 729 774 629 740
813 41 439 172 573 790 172 288 623 963 766 774 366 645 639 980 757 571 159 756 560 543 181 938 525 790 574 383 148 840 829 179 75 827 457 108 259 205 114 682 440 946 528 970 287 429 219 190 202 751 274 612 899 418 915 515 435 398 535 559 735 615 905 997 285 658 728 411 680 841 59 861 731 125 767 439 907 963
31 789
173 538 818 26 714 312 935 635 148 237 718 6 458 961 602 312 756 515 219 302 260 489 338 183 605 700 887 837 495 30 353
515 653 172 831 246 440 542 935 759 984 845 498 241 458 82 992 169 406 85 996 460 902 209 634 314 108 194 923 178 563 947
69 584
501 383 701 433 716 502 245 284 847 793 313 64 601 632 966 342 32 63 486 919 721 556 519 393 460 14 384 862 556 303 132 25 144 520 255 820 698 144 344 134 966 942 142 681 35 340 641 278 766 62 607 656 601 718 875 713 125 341 633 249 997 235 314 264 96 335 826 423 370
131 676 671 390 139 792 446 310 420 504 498 71 602 893 335 119 537 415 473 941 366 868 378 175 556 926 378 388 707 384 466 955 59 62 253 659 560 32 301 771 722 836 558 392 108 82 443 299 552 262 828 874 487 227 745 47 681 96 109 485 930 89 744 68 287 419 651 291 990
99 917
904 253 745 247 563 537 833 152 366 738 838 886 657 105 551 195 567 773 289 838 137 951 923 265 994 990 485 342 520 189 281 936 998 241 757 389 17 238 745 14 52 808 574 218 94 465 786 635 648 747 258 194 886 898 810 746 533 182 980 471 853 988 978 870 545 541 709 403 67 359 25 881 94 882 363 742 810 203 28 242 101 355 451 190 759 733 123 823 163 447 502 39 936 387 919 333 602 817 881
518 50 807 595 614 711 471 498 889 590 69 357 657 404 808 553 1000 270 236 22 85 26 532 1 38 759 468 669 970 759 15 54 917 147 905 527 140 172 902 395 516 847 435 848 101 994 792 226 376 536 338 97 425 246 565 537 582 562 481 413 991 613 640 534 880 508 191 145 488 630 747 449 766 620 757 59 391 790 795 813 87 18 237 309 73 766 629 767 802 394 896 487 520 203 180 694 118 444 944
7 60
602 535 999 644 364 331 117
404 669 790 973 272 656 54
16 335
338 511 120 644 431 773 69 769 85 54 908 573 246 372 698 623
137 591 236 267 243 590 225 506 87 425 983 843 891 777 212 459
21 586
115 859 979 487 384 724 998 180 856 486 465 409 512 334 557 568 403 928 859 448 947
3 637 143 747 404 1 929 220 485 204 113 612 675 1000 249 808 237 10 485 419 615
59 847
186 271 650 478 873 687 377 927 933 154 681 203 43 392 193 710 551 860 37 466 366 441 967 109 245 758 59 850 886 115 62 118 928 410 961 276 238 724 710 501 361 488 609 832 966 323 897 684 868 686 915 881 743 195 830 217 281 801 344
574 858 518 874 852 800 571 336 115 639 981 175 867 256 368 46 195 151 652 664 909 249 359 107 928 646 372 760 951 958 69 556 913 787 958 8 178 671 416 284 423 153 905 830 51 510 492 320 793 374 178 995 732 586 106 504 818 770 170
6 389
278 234 166 285 273 346
934 896 524 678 917 176
46 472
959 957 530 287 633 710 876 192 636 196 720 662 907 752 658 172 82 812 57 980 174 669 997 828 890 504 745 591 390 154 49 475 279 571 606 873 263 531 378 932 968 635 418 318 365 82
681 309 522 788 503 157 107 312 110 739 886 201 713 170 354 281 99 71 339 722 479 472 319 784 410 465 247 214 266 180 425 996 112 911 260 334 855 109 172 885 87 867 274 956 487 995
14 727
69 792 800 701 725 588 354 673 852 445 950 290 917 134
764 620 946 164 634 990 81 974 647 218 462 483 237 416
70 620
896 120 798 798 819 730 683 456 446 136 823 820 656 657 620 944 510 716 509 878 701 256 398 126 723 489 810 775 367 252 319 173 145 728 932 689 115 607 190 993 74 740 176 639 253 229 854 471 340 801 463 359 374 409 687 316 285 1 974 907 702 886 131 61 605 365 236 384 260 588
650 182 608 694 74 201 989 753 723 955 913 314 545 584 148 790 625 264 744 34 903 446 87 19 69 671 371 58 580 930 360 163 265 807 729 167 52 725 762 989 389 643 94 696 127 494 35 994 321 52 664 131 928 685 942 424 63 313 13 915 379 677 98 755 830 139 193 168 61 435
37 850
116 696 674 873 313 225 535 750 989 551 287 548 683 305 701 838 317 162 930 741 423 738 25 143 45 869 73 973 693 652 98 311 675 518 549 281 936
204 90 656 914 566 396 954 269 901 531 711 982 101 77 361 815 232 862 41 377 565 571 22 793 304 170 869 441 546 757 971 912 690 449 532 235 348
26 412
427 152 774 676 79 413 746 29 596 666 654 900 45 363 296 494 761 18 451 734 678 460 147 481 661 235
62 807 871 992 177 197 837 821 177 127 825 775 997 261 193 105 270 178 195 454 87 438 451 621 937 47
73 464
305 697 728 988 5 215 255 487 109 720 399 12 965 35 402 671 948 648 1 611 838 18 933 303 971 227 542 685 1000 609 552 872 364 831 73 126 787 902 328 695 172 313 699 30 54 302 666 406 76 540 279 111 326 170 672 661 704 441 86 680 560 344 192 214 883 271 86 407 352 527 219 856 271
877 764 469 707 338 724 695 842 10 666 537 611 892 10 389 144 71 569 48 858 443 761 527 401 221 431 689 998 992 197 100 682 395 839 884 653 757 877 748 72 744 513 59 647 446 695 587 623 363 95 102 61 220 675 321 630 369 886 905 178 334 855 101 22 756 531 70 125 826 515 297 925 540
73 267
232 43 97 314 541 572 726 285 180 528 627 808 479 453 511 787 819 458 980 807 807 744 404 880 379 806 465 244 314 608 386 684 345 149 157 745 534 334 175 992 974 714 215 404 652 588 975 631 500 77 186 300 189 813 343 664 475 552 41 554 517 324 95 813 196 858 580 582 413 881 220 205 987
513 281 472 444 733 991 684 495 196 507 831 623 782 532 705 411 381 705 244 215 798 415 439 72 758 336 380 810 400 242 18 356 948 337 471 485 539 850 346 538 77 764 539 243 805 344 434 106 391 660 623 529 442 372 980 377 699 739 766 149 449 223 549 279 537 385 580 352 784 7 708 4 200
94 838
358 100 919 774 752 637 342 88 184 213 867 954 184 606 644 495 549 133 754 809 417 951 91 210 23 364 991 959 989 67 728 820 704 603 33 217 102 534 602 779 309 956 866 15 159 599 756 706 807 343 635 520 656 436 819 256 751 480 699 114 711 757 596 962 323 842 724 124 26 983 916 232 641 917 639 700 3 590 591 540 206 851 921 500 431 306 202 617 4 951 236 690 715 236
134 933 246 422 116 943 163 706 5 557 770 722 969 143 453 825 488 505 539 145 962 675 732 315 485 690 848 837 373 484 893 399 332 135 206 181 363 925 7 91 437 256 826 219 618 371 684 420 500 540 511 835 506 825 766 765 501 212 243 128 967 74 425 373 942 48 155 357 764 905 409 960 349 799 465 728 920 838 239 985 645 930 45 474 284 443 207 299 767 551 181 895 178 497
5 955
702 80 462 134 2
969 435 365 407 622
22 909
590 262 912 290 663 363 920 95 504 719 501 186 325 263 975 845 648 798 354 529 706 961
16 22 293 97 77 795 280 405 119 731 578 388 708 637 419 313 720 145 748 593 69 966
57 650
755 656 60 474 832 286 488 688 507 209 846 8 105 464 708 801 347 28 401 31 333 719 851 641 426 663 453 53 650 840 30 791 803 919 703 431 439 462 854 673 93 361 916 63 373 99 672 24 272 434 163 870 165 7 790 950 884
267 484 492 584 677 581 111 91 685 896 78 525 679 665 289 238 376 19 874 65 557 575 704 208 763 541 422 989 293 707 661 783 830 234 738 627 130 936 956 789 261 956 45 330 683 778 1000 160 174 86 884 922 539 971 849 165 868
39 522
649 596 589 580 541 981 464 532 99 788 200 725 460 744 84 819 577 822 726 396 94 116 285 118 586 564 750 614 976 826 456 93 255 832 500 873 196 233 556
382 155 883 254 137 746 218 358 892 345 760 910 743 257 919 581 944 396 241 269 822 707 66 447 832 829 547 546 225 110 912 514 815 166 807 611 793 340 233
79 207
347 469 852 514 860 237 607 125 412 721 296 81 828 886 677 442 556 515 604 406 299 48 349 701 384 802 948 951 21 223 663 327 229 885 944 919 106 903 681 711 850 641 172 840 230 696 196 266 30 86 779 414 280 650 841 358 263 378 106 748 833 408 424 485 204 869 482 242 974 504 264 761 868 689 71 103 198 102 764
902 152 618 750 518 190 959 29 592 603 795 259 18 959 191 576 660 12 179 783 926 197 950 345 887 360 858 172 984 357 401 845 512 883 451 220 706 363 584 948 901 829 465 510 208 246 328 217 936 761 496 804 764 489 976 8 398 944 289 927 373 192 281 733 350 453 636 789 91 202 184 579 303 884 582 755 568 385 907
88 293
518 407 38 565 870 483 858 355 111 462 304 196 301 66 913 916 319 402 586 692 261 163 932 721 747 14 246 951 840 67 50 878 279 677 388 487 381 45 439 923 68 987 915 87 155 182 705 66 901 183 706 359 926 156 691 890 122 557 103 820 572 147 120 734 132 264 968 81 947 664 744 651 730 754 619 79 446 622 760 171 567 202 923 433 316 229 643 831
310 739 954 148 180 460 629 765 47 126 899 834 931 673 733 568 736 936 911 446 539 741 563 709 900 479 229 527 575 286 152 223 724 535 396 4 854 504 947 421 203 925 835 152 189 182 336 801 91 215 251 118 364 244 558 728 388 989 15 516 255 137 129 530 19 416 714 266 219 376 688 708 717 402 414 514 970 406 698 877 585 786 479 476 769 503 200 673
