100
33 904
239 365 743 827 124 584 136 466 876 791 671 113 507 444 990 964 62 147 842 706 253 780 357 965 671 129 188 81 909 237 443 220 14
62 66 454 403 296 434 504 222 797 311 842 552 324 885 794 506 816 738 832 265 223 393 141 970 516 71 3 58 31 212 5 174 35
70 353
447 858 899 187 529 382 967 393 597 573 902 31 767 188 384 662 71 324 562 109 44 671 184 733 72 864 490 401 164 203 659 40 151 572 929 811 614 87 168 987 681 905 857 528 972 523 129 2 277 367 946 288 505 235 805 183 103 777 719 352 3 550 405 480 531 113 538 241 346 145
505 518 815 433 621 660 943 912 934 271 354 263 427 806 150 645 737 734 297 524 58 5 580 55 849 333 570 170 280 575 777 403 572 320 556 863 368 821 680 845 659 778 117 831 166 266 363 75 288 800 289 750 240 467 153 548 664 798 440 368 286 942 679 53 763 848 398 410 140 137
9 415
995 626 276 664 187 983 946 142 441
662 513 31 3 116 592 538 978 395
96 167
475 929 774 94 998 317 570 427 543 439 548 16 905 231 152 87 26 836 583 183 387 859 5 633 810 41 282 395 315 580 188 698 584 750 249 62 843 98 951 501 203 477 559 66 754 376 328 559 713 201 732 92 589 41 734 100 589 130 958 106 194 341 199 602 755 87 875 971 307 944 676 411 618 464 555 55 895 991 985 701 924 740 293 337 590 514 649 283 316 664 187 917 324 493 242 557
555 239 488 646 56 369 911 373 649 853 574 69 498 407 43 846 951 748 614 281 70 156 865 487 953 100 185 760 463 785 329 627 363 155 31 282 186 320 619 923 615 783 264 537 526 2 108 136 218 675 236 348 166 721 495 208 521 183 641 478 231 576 783 593 677 788 583 989 300 187 943 679 613 996 335 532 235 835 271 259 282 652 91 432 266 760 388 598 1000 72 447 57 267 438 807 111
16 327
592 620 703 130 421 965 852 65 784 611 713 580 584 391 445 64
454 162 49 106 569 243 59 633 318 643 344 48 941 754 517 267
53 470
228 816 712 362 949 316 243 553 421 294 306 42 930 271 15 896 127 830 342 23 682 432 140 474 995 608 190 501 319 561 491 271 383 248 158 583 127 994 390 573 465 16 133 913 19 192 852 517 127 375 484 266 42
933 797 549 23 889 875 958 278 454 375 612 588 576 660 617 315 841 349 552 828 379 754 245 378 518 97 494 36 321 453 448 719 521 866 844 28 83 257 970 225 27 899 635 844 450 191 452 750 384 998 169 736 130
18 293
981 328 742 936 759 56 887 556 675 755 722 729 911 677 456 533 478 514
680 871 1 245 319 136 536 777 51 175 296 601 936 342 144 666 782 245
74 365
818 574 891 305 6 78 660 836 387 103 294 93 851 113 966 125 365 232 386 668 851 858 103 343 387 195 424 372 168 233 894 77 913 688 172 923 310 198 109 414 828 235 251 204 297 60 683 841 231 461 117 221 649 215 437 937 680 224 180 421 846 512 874 918 222 66 483 230 951 432 626 468 34 889
94 883 87 959 485 445 384 169 868 911 639 56 842 550 328 668 497 734 760 895 96 303 966 600 5 491 640 596 158 207 443 1 58 33 547 860 829 374 423 295 656 562 880 910 820 59 286 652 9 171 276 168 848 411 330 586 743 48 400 156 251 988 63 951 292 331 897 83 407 195 91 784 828 47
38 643
762 741 771 896 776 52 358 541 944 728 16 377 986 233 111 519 880 365 830 221 157 683 575 214 61 413 556 703 436 731 335 365 182 257 556 8 329 308
842 481 448 569 165 657 70 43 501 971 684 778 562 522 246 223 242 125 242 340 398 571 284 555 100 565 96 378 934 952 766 810 312 443 177 202 448 920
88 259
674 763 639 784 723 163 664 475 480 975 49 526 67 719 896 585 176 64 918 728 27 106 716 872 475 51 980 865 28 291 824 93 805 533 174 939 913 6 999 483 153 433 62 63 420 866 651 406 622 414 362 587 956 822 797 111 111 295 132 299 983 975 11 408 236 984 853 434 512 597 842 734 506 640 880 32 186 632 655 218 322 897 253 394 52 117 256 654
353 936 655 545 944 1 291 296 238 12 580 565 111 995 275 977 814 775 1 616 54 360 673 57 114 871 646 800 550 523 321 720 836 241 560 661 852 983 123 368 243 137 504 742 363 147 965 127 56 543 222 706 697 671 2 751 598 83 28 849 910 226 85 78 349 756 981 11 230 432 208 535 63 195 70 146 166 733 636 303 903 269 161 247 625 142 368 251
60 839
254 262 174 176 539 801 225 585 919 820 128 451 573 141 758 581 460 117 427 602 109 363 533 442 705 143 988 508 507 882 927 257 253 810 39 261 285 332 623 180 385 736 741 925 380 554 572 467 945 432 193 740 702 646 784 120 365 592 20 381
126 878 828 218 988 796 281 293 632 998 550 435 648 520 69 312 152 247 822 250 562 192 915 120 475 639 234 553 736 700 93 42 649 762 652 484 384 900 953 417 959 257 464 6 705 88 370 157 433 240 113 769 763 520 375 180 604 426 227 875
83 214
495 481 21 221 376 869 579 741 743 855 448 981 960 607 620 989 389 802 358 174 956 746 258 703 301 290 168 802 408 239 326 450 520 287 926 61 133 428 817 600 345 167 915 441 801 813 276 686 650 869 831 955 347 131 905 415 258 609 61 57 251 800 935 507 121 529 420 543 946 268 408 294 253 456 403 99 963 819 785 694 327 539 466
856 19 710 530 233 440 973 115 285 308 938 3 633 298 334 335 184 312 868 847 228 681 736 843 291 812 659 472 200 572 36 217 74 169 493 472 990 924 638 645 32 244 739 891 800 825 912 341 569 521 861 699 282 192 527 169 45 632 476 996 389 1000 963 769 932 285 3 141 805 491 531 211 945 507 920 242 676 850 348 720 643 163 318
3 827
994 273 994
966 221 916
73 725
319 458 96 975 955 649 254 493 150 41 348 422 209 198 380 640 813 982 788 109 299 150 615 476 175 517 48 931 136 556 838 697 674 477 259 821 844 3 140 762 537 191 265 717 638 973 22 151 901 849 520 449 955 431 825 254 735 897 433 309 321 365 43 995 586 923 555 379 921 848 232 690 543
139 787 596 277 379 831 853 347 193 798 364 999 48 36 415 776 356 851 298 522 714 456 533 847 329 466 13 247 70 614 492 889 784 283 712 643 98 611 729 449 589 197 809 395 168 515 32 896 661 137 837 408 405 393 96 95 947 33 697 252 985 701 708 270 740 230 316 804 629 992 571 666 613
84 513
862 958 864 328 597 566 254 262 278 769 963 247 493 951 310 436 751 396 474 147 82 551 722 578 350 478 103 97 896 274 239 634 908 942 105 342 868 475 676 590 849 219 983 498 793 952 327 408 790 506 826 706 859 967 40 134 990 399 944 585 94 783 557 162 765 681 659 626 577 720 604 12 34 451 890 759 455 224 570 155 527 360 510 216
32 241 23 290 498 496 517 938 673 562 409 248 790 563 763 17 720 23 511 119 251 672 723 121 672 434 46 68 170 307 699 537 186 365 660 800 670 468 241 1000 70 478 357 855 476 814 209 410 893 513 681 63 757 763 583 950 390 148 793 96 372 827 716 68 178 832 167 35 700 374 795 953 919 626 7 527 917 36 294 342 907 720 346 426
85 983
835 205 750 101 63 923 902 307 257 445 210 596 725 754 529 162 425 311 6 760 402 592 938 608 39 171 713 660 945 270 859 606 127 759 544 505 857 222 263 938 200 736 672 214 138 284 168 954 424 232 660 290 643 183 586 807 680 239 893 458 38 235 351 441 384 170 296 645 680 676 245 554 429 571 825 690 71 211 722 267 146 322 343 570 791
108 766 717 844 112 145 1000 430 274 218 864 552 226 329 375 834 171 731 668 986 510 795 133 315 186 727 121 279 887 446 303 166 448 573 306 930 642 115 923 306 511 537 580 440 163 633 230 629 301 605 741 445 995 43 232 105 292 594 885 567 552 195 436 109 575 364 560 263 542 353 701 175 932 906 801 288 874 590 369 833 83 611 199 16 795
71 220
544 6 598 249 44 60 795 648 394 782 757 998 731 955 793 64 375 849 469 477 704 688 113 276 637 104 176 683 161 317 624 290 71 49 162 738 258 500 239 271 611 541 687 326 439 19 586 587 233 283 254 998 609 173 720 821 784 284 538 618 461 124 547 308 499 947 958 11 676 300 249
965 242 222 448 579 736 713 520 382 698 264 397 276 631 907 602 815 122 748 643 85 480 84 116 674 620 848 649 103 556 32 312 695 829 694 875 44 913 890 649 990 197 910 979 218 98 278 296 534 102 346 237 846 215 364 737 752 787 53 953 269 437 648 109 564 716 548 733 438 733 77
49 140
847 162 417 500 211 715 428 915 395 473 408 994 531 665 967 701 269 406 536 99 372 533 219 149 858 935 17 871 688 270 542 623 850 328 439 673 104 569 965 492 960 232 113 835 38 491 546 85 48
280 908 157 14 533 710 427 112 195 281 180 937 496 998 386 613 32 946 354 490 347 385 650 773 326 298 842 221 856 199 171 74 574 921 511 99 685 26 896 480 35 836 278 684 609 368 316 979 419
91 562
27 348 823 660 153 253 254 522 242 843 182 502 497 816 470 295 720 22 919 70 658 499 50 829 876 184 699 546 468 365 668 507 941 577 230 713 870 753 417 423 583 461 629 422 19 459 384 963 349 429 727 244 524 667 662 694 199 985 100 933 968 901 734 630 426 294 708 490 201 992 766 321 283 485 336 226 231 255 28 110 167 915 205 542 536 416 844 775 650 321 547
763 68 111 191 9 350 676 898 695 189 340 215 935 385 535 89 871 375 787 787 399 945 986 527 890 902 935 492 819 86 891 731 908 589 17 482 431 737 361 791 720 115 584 538 800 476 742 62 364 305 16 70 514 177 665 67 881 366 94 792 651 772 464 812 668 929 847 416 583 693 634 9 548 999 138 828 944 129 781 270 203 206 602 639 997 162 956 28 601 789 318
92 635
626 597 689 724 26 554 865 431 510 600 788 422 25 643 386 399 116 624 162 147 591 401 304 571 113 298 318 693 252 52 100 322 705 461 92 156 530 748 45 85 966 171 459 146 739 611 384 737 796 75 624 444 219 971 442 282 978 398 916 125 503 380 159 444 725 350 126 766 458 540 633 585 50 683 759 843 612 800 430 653 634 63 304 57 557 927 70 344 913 999 506 873
510 675 15 277 835 340 241 448 51 243 881 200 349 39 507 811 702 469 193 306 199 183 735 860 378 393 338 331 707 978 937 260 362 806 287 937 702 914 287 35 779 529 399 881 427 981 328 349 161 668 992 745 739 501 355 494 326 205 298 245 672 715 890 334 171 523 645 499 228 556 918 473 247 593 156 942 464 791 705 640 92 104 815 653 328 778 988 105 886 875 436 590
57 431
556 901 796 615 397 724 233 600 994 700 608 317 352 874 366 367 718 20 92 768 893 924 736 93 344 522 279 583 666 16 113 784 482 16 322 118 453 247 531 849 829 712 819 745 904 292 36 687 591 367 154 769 862 940 31 610 808
919 369 807 157 266 381 940 864 668 802 792 752 296 557 457 852 918 423 195 591 254 394 483 985 840 135 500 550 773 344 625 314 795 283 944 182 523 783 927 56 952 350 681 339 884 20 463 888 345 493 296 514 340 335 927 772 106
46 747
328 173 143 409 41 793 554 773 867 84 764 479 137 306 533 386 408 998 151 305 849 596 376 17 136 639 448 366 832 679 119 454 596 826 375 931 645 44 357 638 244 479 179 454 309 342
682 64 389 13 477 755 358 672 714 964 81 898 519 206 879 725 528 550 388 48 894 884 598 789 780 797 953 161 489 317 78 708 950 531 716 842 631 365 364 910 324 580 573 273 917 727
73 446
186 696 104 159 850 737 788 396 518 494 384 131 88 14 332 655 764 733 60 30 894 71 510 880 929 686 67 537 395 178 3 960 226 727 826 315 449 545 883 272 527 963 434 25 504 666 510 749 856 25 668 469 892 428 174 866 556 717 278 372 503 55 489 92 930 946 258 349 534 626 283 734 256
650 539 153 573 966 545 971 278 685 487 542 715 846 48 194 254 868 298 480 97 565 301 848 780 839 821 147 517 208 849 221 122 434 319 397 444 676 715 83 808 82 443 114 452 152 651 9 738 254 224 719 675 470 492 878 214 690 491 780 857 613 222 605 484 685 820 990 912 271 972 983 364 928
14 268
978 81 131 344 479 865 333 676 444 145 390 930 784 834
984 561 509 143 782 522 1 958 219 438 131 726 134 840
40 970
904 874 516 486 372 210 718 586 229 778 488 524 679 581 720 229 296 952 98 604 335 43 369 762 374 561 482 259 317 212 317 593 575 879 722 808 214 538 105 886
637 415 883 777 967 620 110 429 521 698 35 185 21 161 125 916 413 171 13 900 186 680 970 46 269 122 839 591 227 787 427 581 346 170 12 628 652 983 255 748
59 428
501 886 300 690 64 604 394 781 329 1 787 891 720 836 340 395 488 593 580 887 548 508 967 260 688 828 549 167 305 869 111 565 21 254 170 828 993 842 660 38 140 381 780 208 96 522 887 576 88 838 521 815 957 649 904 322 48 87 615
29 211 911 149 973 853 813 649 608 785 901 431 322 204 503 287 661 759 192 491 333 694 742 435 72 591 781 484 449 326 350 75 327 821 876 819 135 30 932 221 470 246 389 377 689 122 707 16 405 610 948 14 44 762 943 463 902 617 79
82 236
236 878 985 490 84 730 491 366 88 560 89 841 333 282 460 745 217 746 322 167 521 555 722 404 875 770 984 463 613 730 720 363 351 504 956 243 904 329 785 306 94 845 132 540 472 804 109 376 589 592 743 58 697 314 337 93 939 826 860 785 213 328 88 46 422 760 807 434 95 857 939 826 301 160 964 88 705 732 312 855 375 430
510 9 377 443 15 90 9 403 929 830 847 376 760 112 201 735 886 484 227 25 478 437 153 967 964 814 898 391 882 698 804 960 749 684 66 117 715 43 605 972 165 901 447 415 999 464 281 18 378 656 429 253 572 789 566 275 40 312 8 944 932 474 851 319 413 941 568 262 337 760 321 867 825 10 565 66 921 988 365 345 661 622
73 926
114 309 825 72 373 954 704 664 230 365 949 58 864 681 943 885 695 622 851 341 825 182 196 455 547 486 815 886 478 676 181 287 27 685 786 610 839 157 447 815 27 246 827 803 299 516 123 194 35 275 777 427 739 384 477 48 145 286 913 593 915 935 680 839 214 972 388 269 74 934 759 363 888
795 296 822 783 274 7 309 651 785 589 358 575 379 683 123 435 10 130 755 108 482 241 216 939 435 905 977 68 677 71 130 100 799 178 438 83 814 650 879 747 405 885 221 963 192 956 583 932 670 6 841 112 768 239 686 727 431 445 23 1000 294 447 8 220 679 903 7 599 351 48 360 41 193
22 983
111 251 728 965 783 988 292 167 376 345 921 695 504 108 579 105 480 973 224 879 937 247
838 421 69 21 528 308 154 664 82 260 692 766 204 359 746 226 477 571 788 183 924 21
37 538
97 770 116 628 597 593 952 682 743 349 786 84 99 863 946 881 444 236 455 874 655 257 439 139 419 399 25 85 808 109 470 829 36 638 57 369 960
694 722 829 155 473 722 441 50 865 681 277 542 468 830 198 886 881 884 312 983 411 4 148 620 36 29 604 893 457 799 48 400 210 252 569 212 715
84 415
226 465 707 217 909 493 758 222 998 593 822 464 801 131 881 906 655 655 59 173 748 52 428 784 506 160 211 346 396 335 337 665 577 472 214 427 891 458 630 933 76 972 645 478 447 744 438 160 876 758 859 73 828 956 143 697 634 791 756 326 109 533 308 393 784 800 5 308 416 366 177 860 526 535 57 1 698 103 720 333 525 793 37 970
564 240 709 781 871 336 334 914 344 209 311 664 40 438 691 391 506 417 345 328 35 460 84 486 168 40 34 560 440 232 959 67 417 487 484 630 837 605 175 86 796 435 125 471 589 40 82 23 439 503 274 205 602 334 39 629 806 295 266 453 489 185 548 507 165 314 726 767 202 86 365 290 317 677 485 54 792 923 310 248 355 391 839 626
13 614
748 36 725 968 745 375 936 518 157 793 765 648 413
700 567 861 513 465 611 642 401 606 480 237 666 682
50 672
428 248 887 58 779 303 969 754 677 231 428 478 833 415 69 613 916 496 751 818 407 514 79 530 62 774 909 818 630 142 723 105 672 722 655 38 36 873 875 324 512 623 70 402 877 578 624 899 833 339
376 40 401 283 552 661 366 144 785 788 901 348 49 660 477 398 300 233 700 994 466 815 498 205 852 457 795 867 106 407 625 378 451 544 308 328 395 745 664 708 478 145 170 495 343 530 60 144 908 93
20 836
342 977 61 78 338 453 465 9 13 809 838 520 551 137 98 962 737 789 540 676
790 380 84 220 452 47 213 543 234 898 714 871 122 370 406 892 923 13 227 627
21 15
212 349 227 521 30 155 947 944 399 472 377 384 315 170 735 492 535 790 686 878 532
538 516 713 563 816 191 866 452 308 894 287 518 610 922 73 524 831 140 835 471 351
11 385
609 68 913 174 97 80 393 254 365 129 145
636 199 659 126 353 86 123 34 322 676 18
51 671
568 496 523 254 425 714 385 722 634 561 794 151 859 706 226 718 268 673 341 977 601 649 681 484 756 935 817 568 999 669 518 6 947 916 883 194 405 884 819 972 20 437 584 29 419 75 121 702 178 305 454
884 624 851 175 305 761 681 874 404 371 578 403 81 145 39 926 690 409 603 446 315 710 289 97 212 299 346 334 180 455 204 697 179 351 547 39 668 110 359 25 474 805 12 861 649 37 31 520 573 759 711
35 769
649 642 174 214 796 244 527 272 752 640 73 549 662 595 472 339 402 619 480 629 985 731 109 576 472 958 657 341 159 130 522 590 601 715 972
246 908 412 203 63 696 444 225 56 170 426 909 716 499 28 986 37 21 434 499 254 376 155 459 401 377 125 489 906 946 178 760 100 342 970
32 865
27 274 568 529 131 284 941 927 874 213 890 489 415 133 483 608 592 78 670 188 659 744 89 101 713 362 367 620 615 811 415 699
520 159 547 660 228 544 853 591 845 645 625 67 93 561 478 491 900 192 789 151 521 464 164 673 564 189 508 519 211 140 390 624
30 50
170 66 967 215 977 444 57 679 817 47 472 399 240 972 580 730 282 853 538 879 990 988 885 664 553 702 912 580 559 981
731 993 298 698 929 779 132 335 695 130 642 174 165 78 998 378 291 276 506 345 963 15 596 80 295 631 425 556 81 25
39 149
343 311 884 116 396 242 778 412 718 329 65 926 279 305 810 296 660 212 967 870 613 385 556 619 896 683 511 476 146 712 711 394 599 990 232 497 239 444 484
50 844 48 483 768 180 793 235 265 13 538 698 64 846 365 336 126 56 307 742 675 313 661 713 868 28 5 616 809 286 322 475 190 968 965 481 432 495 376
73 627
58 60 646 688 678 704 368 190 862 678 114 167 195 854 833 619 924 331 532 235 373 589 1000 127 758 112 304 452 727 891 65 397 45 639 270 327 518 357 928 118 322 701 180 28 294 229 623 34 691 965 37 2 248 572 785 146 556 149 948 287 191 724 91 587 934 417 468 725 956 959 241 670 614
165 972 960 522 202 498 830 40 531 439 618 970 46 210 89 518 941 997 21 338 125 524 481 533 63 956 987 631 893 614 432 501 56 928 382 78 783 755 780 480 401 396 620 548 872 954 742 192 968 437 820 610 374 349 121 500 555 71 294 525 388 933 226 415 47 363 549 797 891 877 418 290 542
70 654
915 188 720 686 336 756 745 35 781 142 635 226 812 846 545 53 515 824 429 702 933 774 316 851 36 192 902 771 809 396 448 613 610 308 566 974 806 388 811 837 722 772 810 631 803 623 365 799 891 90 157 448 133 301 835 154 646 910 383 798 582 33 538 642 581 133 134 228 493 900
850 122 906 661 116 934 597 270 973 103 778 410 612 457 96 277 799 825 472 223 467 850 346 343 220 29 640 75 987 500 212 312 368 524 2 230 562 548 784 501 107 660 342 291 21 45 98 261 95 380 153 105 133 75 109 724 280 156 122 30 926 537 505 197 372 304 346 73 990 986
8 541
638 339 616 711 261 910 634 641
667 70 788 189 45 478 905 47
23 828
132 408 53 454 796 713 413 932 358 927 151 250 330 916 649 511 319 240 862 941 894 967 549
926 311 911 950 5 150 954 288 674 773 180 953 945 75 819 825 595 890 298 767 359 304 823
46 650
938 836 964 483 255 253 596 495 847 90 36 32 743 765 324 39 913 361 476 790 222 836 857 396 551 282 93 356 84 568 675 177 144 604 153 102 449 865 522 52 889 831 528 345 15 656
694 658 337 27 659 11 831 767 457 258 992 759 35 232 504 358 605 51 575 66 572 388 977 145 817 431 987 911 435 640 592 301 60 631 20 718 841 110 329 826 651 901 775 864 786 343
63 935
916 90 720 973 577 160 714 797 211 141 879 754 49 491 816 14 866 927 733 379 693 867 792 888 454 610 236 121 940 315 639 296 237 635 910 521 775 494 134 358 700 380 564 207 227 869 29 192 696 973 806 46 712 326 722 609 157 796 542 328 831 905 346
402 715 604 218 962 126 537 302 876 696 134 641 914 175 385 556 864 526 831 386 343 391 312 579 186 505 561 430 955 479 999 747 127 964 208 286 176 971 223 9 295 37 690 280 889 144 336 600 456 151 879 514 379 231 195 342 404 288 83 36 275 718 542
36 946
597 391 498 690 935 907 167 610 44 328 231 115 682 286 922 477 701 475 551 741 447 129 166 159 790 711 471 103 726 381 711 494 375 327 883 847
555 881 330 243 432 190 848 996 581 592 619 650 745 839 932 484 954 140 360 360 907 313 896 796 603 123 879 932 792 826 746 215 842 932 470 748
57 965
246 87 306 325 660 926 56 46 919 226 409 222 395 371 143 728 744 702 197 219 584 223 434 61 944 191 303 737 887 651 215 247 162 10 771 10 577 192 317 790 12 708 381 421 719 38 528 526 538 624 658 486 324 126 972 629 897
233 899 893 505 642 90 340 642 803 403 866 379 716 901 773 38 740 271 330 721 612 903 299 439 817 98 671 76 787 501 553 963 905 362 138 882 139 321 579 914 476 219 706 508 804 645 981 348 331 467 99 2 154 222 429 917 280
6 609
93 406 160 474 21 249
165 992 491 776 46 49
30 208
137 279 223 310 38 218 208 276 478 255 154 827 888 59 133 847 193 223 260 352 57 917 19 884 568 678 346 482 123 598
23 44 992 243 443 66 604 177 259 562 175 671 901 684 902 560 727 858 931 24 901 988 356 506 583 873 376 349 329 422
42 211
705 811 596 902 279 64 945 56 542 694 916 273 133 700 522 906 280 720 871 151 177 682 165 288 174 687 730 769 194 32 979 136 564 388 864 660 423 79 123 312 234 731
827 652 635 281 326 497 498 62 316 761 847 934 295 91 947 45 592 676 91 644 546 944 984 630 345 942 164 132 410 801 386 956 21 28 225 60 109 844 103 650 738 312
39 809
993 310 650 909 514 738 389 121 499 994 520 109 921 16 78 70 183 994 75 707 486 264 655 99 849 320 54 863 2 779 64 995 548 719 162 2 449 382 56
226 404 860 857 181 263 739 714 644 418 659 552 510 485 21 746 388 285 833 949 301 180 472 25 926 634 831 521 329 150 629 199 373 133 188 271 961 918 665
56 224
942 106 946 337 681 856 827 103 792 127 783 851 56 357 787 445 343 320 807 260 157 408 399 418 966 169 330 554 506 318 748 910 817 683 324 937 34 90 570 135 767 282 219 854 367 676 645 250 526 904 793 436 329 791 347 319
281 41 219 465 507 116 418 503 728 585 81 177 40 814 709 876 984 692 381 466 249 732 278 779 88 984 242 223 112 342 247 66 210 425 92 261 991 53 220 288 883 435 546 751 700 653 69 175 266 782 930 833 112 587 591 834
76 264
371 751 913 11 647 542 787 912 508 623 172 59 47 709 26 403 668 92 635 902 394 883 628 750 310 374 165 915 440 304 27 877 581 591 83 166 95 848 870 804 322 885 470 112 306 217 994 794 152 917 897 996 911 904 567 554 799 201 231 835 507 922 578 487 2 616 687 799 763 407 433 821 242 518 400 107
93 101 369 899 146 280 758 836 918 650 249 822 499 641 879 693 154 394 298 7 248 439 54 883 116 922 242 748 341 860 250 781 159 336 27 188 997 366 625 879 619 147 455 724 396 694 355 217 986 829 680 412 953 631 751 115 910 634 494 125 85 610 116 267 404 533 815 163 10 904 90 771 479 513 1000 98
70 190
722 875 879 26 80 657 824 210 661 101 337 674 480 351 896 273 73 64 310 498 883 921 695 459 831 296 622 595 538 141 927 438 107 392 204 363 437 494 690 36 805 967 186 45 794 913 551 726 612 721 71 365 644 37 606 578 779 213 99 931 483 234 113 436 714 689 704 281 531 974
260 195 796 71 872 944 618 714 407 237 139 829 429 5 658 957 886 636 970 620 138 118 505 533 755 304 967 314 176 732 314 845 343 721 724 761 34 538 187 709 677 369 905 529 295 164 171 354 700 462 973 68 784 507 811 958 466 691 123 298 529 932 535 420 646 593 761 584 59 137
28 925
595 256 358 789 786 206 34 301 741 90 509 435 75 435 290 453 452 72 491 126 611 824 367 493 885 92 943 738
166 455 95 241 173 113 225 788 485 970 202 32 814 980 392 100 159 547 894 798 670 26 22 646 532 54 542 480
76 122
254 727 671 135 90 549 495 962 19 246 951 528 796 340 72 4 812 781 993 321 500 1000 463 819 949 967 665 830 642 321 319 72 282 917 750 36 535 486 316 70 99 584 752 53 559 383 48 735 865 487 447 609 749 49 880 794 236 67 948 514 171 282 488 732 970 986 849 780 794 612 279 484 599 56 847 79
701 888 686 162 197 174 608 304 272 307 326 538 777 735 492 675 635 258 114 194 28 336 805 167 430 74 493 204 626 351 937 476 714 821 550 540 838 908 363 768 926 610 636 502 623 884 765 926 994 891 990 76 111 836 810 327 783 953 306 452 213 317 299 492 862 443 51 311 316 699 809 231 51 764 745 749
47 792
920 892 720 516 378 712 824 418 902 221 743 91 343 726 84 217 641 101 371 963 490 401 908 195 79 793 383 975 557 602 477 558 901 914 4 249 758 956 64 454 910 616 97 861 531 674 766
44 556 683 263 621 435 333 184 854 967 279 737 779 52 155 415 672 34 506 251 111 349 529 689 31 341 710 797 927 888 318 872 136 85 784 983 608 204 975 924 873 988 66 166 244 253 163
35 143
355 192 173 538 733 530 543 598 956 655 299 559 361 933 733 192 724 752 440 738 943 743 546 331 459 680 406 879 370 986 926 691 562 451 364
332 339 565 370 776 556 421 439 202 848 314 959 953 786 327 642 232 713 320 975 982 246 969 266 780 181 876 664 289 635 771 54 137 859 862
39 855
740 690 834 628 403 303 323 520 928 74 152 323 164 758 131 32 148 624 856 391 636 137 574 940 424 460 403 247 275 681 919 345 318 474 9 738 913 670 553
674 726 951 389 913 453 922 582 254 103 865 648 551 263 125 142 473 281 511 131 357 258 915 524 376 137 690 217 189 664 446 820 244 874 992 925 814 14 806
38 601
382 760 222 224 369 192 978 418 621 669 756 888 159 344 40 634 172 793 994 807 15 750 313 72 274 417 982 140 906 278 968 491 897 293 940 256 12 571
302 106 130 497 757 281 819 303 29 705 822 826 823 526 292 834 801 62 290 346 468 954 420 789 822 781 235 562 968 134 877 610 208 468 823 903 653 499
9 505
801 637 333 340 894 946 900 876 691
593 944 485 928 886 774 551 454 991
37 924
149 675 765 486 142 789 45 465 887 849 564 889 401 848 377 125 518 851 885 964 911 425 296 702 317 650 439 922 983 988 250 869 403 870 543 41 582
347 715 898 660 318 912 818 964 585 453 917 849 590 477 69 70 67 401 827 513 824 306 890 116 62 384 788 927 147 465 529 211 532 930 693 396 609
86 933
325 702 592 846 47 434 701 783 942 753 516 453 865 156 930 570 100 110 373 492 61 174 4 252 337 44 67 584 981 863 216 530 448 32 980 460 368 883 303 135 221 209 943 669 558 572 130 52 637 180 212 967 9 860 235 340 657 707 440 543 100 233 391 752 894 655 274 696 713 979 822 413 57 112 167 887 96 844 173 295 394 643 192 532 64 371
291 342 414 842 978 422 998 400 412 324 618 118 292 40 514 568 872 519 397 858 150 95 991 550 940 436 690 102 421 789 782 863 598 122 309 467 864 842 661 960 905 479 151 370 838 945 637 62 23 611 567 531 530 535 885 609 83 468 352 237 856 609 632 767 453 86 786 996 158 922 673 979 25 195 520 828 128 182 570 182 116 178 33 638 435 704
64 405
627 846 295 801 445 903 55 42 626 553 830 485 195 110 620 206 898 845 900 790 704 439 976 549 856 830 126 663 287 39 37 112 338 9 294 777 561 710 254 22 929 723 701 613 741 102 8 199 139 728 246 396 819 938 734 489 717 910 33 270 559 427 166 55
39 346 866 797 629 767 33 553 85 496 139 810 24 691 989 3 438 865 698 748 193 248 879 204 363 147 595 193 297 829 444 905 458 865 788 511 49 137 271 487 484 542 761 621 193 394 357 415 798 860 119 615 834 70 144 987 336 399 684 182 984 779 304 341
46 201
320 920 109 18 238 542 428 468 871 227 191 638 749 839 748 283 952 10 389 102 678 740 61 460 523 379 241 155 901 961 321 974 837 768 66 255 287 401 58 857 60 721 48 622 679 399
191 34 608 45 541 285 128 846 733 276 313 957 674 992 650 201 483 390 952 378 147 906 141 562 401 44 804 937 912 423 316 235 94 67 933 508 316 923 67 248 325 10 255 105 625 498
44 416
163 455 326 597 187 300 275 282 573 254 840 666 281 345 500 271 830 799 792 568 318 444 811 311 899 844 524 282 303 3 71 943 67 198 230 496 755 425 809 125 162 105 554 828
493 747 47 77 903 947 673 826 670 459 895 289 333 599 935 89 746 532 791 313 227 572 968 74 12 249 112 695 28 700 514 432 209 487 657 89 951 613 10 877 380 920 810 929
65 122
179 474 846 879 328 976 114 96 577 510 155 33 913 665 492 388 72 946 470 84 446 727 543 755 253 278 140 170 801 571 972 745 119 607 70 798 713 303 705 402 296 406 350 453 747 136 445 349 877 898 997 662 342 331 686 679 866 345 159 314 107 809 650 624 321
348 320 400 642 311 187 991 939 278 490 646 261 855 614 799 183 863 703 364 732 183 592 467 183 493 506 760 225 335 924 533 858 467 363 904 871 147 593 708 501 651 9 656 320 816 947 216 903 857 469 959 660 335 769 348 95 336 912 680 45 110 727 508 780 631
40 163
239 783 390 286 662 740 639 451 845 59 118 109 784 30 621 137 606 255 553 298 955 398 98 438 263 182 900 421 368 35 646 634 653 390 807 883 449 823 535 331
324 491 216 624 893 937 450 839 809 695 581 384 122 499 649 961 440 477 980 133 98 365 604 998 371 30 860 683 134 887 401 804 247 516 646 538 717 761 502 35
3 726
261 583 960
680 162 336
7 534
512 103 310 43 452 948 921
671 488 648 758 516 405 288
46 313
732 335 716 156 223 225 215 283 306 156 4 363 15 581 561 704 661 758 103 53 354 460 348 880 589 184 828 911 10 460 737 807 328 50 487 751 744 624 499 660 65 93 380 519 440 602
886 758 949 52 211 863 596 262 181 453 768 32 341 678 992 361 18 614 847 908 323 929 697 938 476 882 741 508 139 475 487 536 908 557 963 285 80 757 677 459 170 594 487 103 978 713
6 163
395 966 66 412 453 433
223 263 841 513 689 618
13 477
282 619 590 712 285 908 903 173 733 518 807 631 161
772 78 2 317 995 396 884 6 664 471 425 507 179
20 525
204 878 913 309 812 354 716 84 483 834 391 432 485 958 435 454 472 15 896 727
692 997 744 965 700 346 763 337 885 791 3 787 933 906 725 588 562 446 12 235
68 986
163 385 898 756 514 948 577 112 448 277 517 52 458 450 222 417 786 96 279 327 609 118 692 433 334 801 642 416 295 639 160 340 727 675 199 532 215 948 487 645 939 212 36 446 416 350 186 610 781 366 329 42 812 158 257 630 832 565 177 848 385 257 643 700 652 91 300 26
845 45 477 219 927 234 497 494 901 424 426 616 74 898 808 672 668 102 138 783 481 441 322 98 418 26 971 501 711 208 949 887 903 158 170 248 834 324 375 411 895 582 647 70 789 599 746 433 148 244 128 530 733 481 496 208 157 886 638 94 163 860 709 244 700 894 566 211
59 916
508 224 422 167 811 419 927 554 983 721 181 645 174 44 233 528 860 182 213 514 163 229 904 984 488 44 573 920 444 505 725 622 827 527 643 164 534 43 66 599 873 966 544 143 395 736 45 472 433 910 810 173 672 244 652 796 802 509 131
419 192 491 809 288 318 981 765 427 885 138 110 15 707 506 375 805 842 422 675 142 544 291 17 631 275 566 208 228 811 206 907 818 168 13 59 733 152 867 224 251 659 876 960 62 43 584 673 427 450 234 344 817 922 46 207 835 749 284
79 959
604 768 852 210 236 491 112 458 791 523 165 112 156 793 694 28 292 361 264 354 365 17 205 307 905 155 481 298 941 131 535 577 909 610 234 236 449 419 393 995 594 852 760 457 592 278 30 926 518 650 323 469 332 746 152 467 343 318 223 242 968 87 362 829 709 738 127 37 24 516 947 973 486 106 39 136 200 186 744
32 68 985 963 591 381 430 697 632 444 191 558 849 166 23 829 891 466 961 342 334 62 881 845 24 749 504 887 785 752 498 458 206 874 655 299 462 612 12 298 385 929 252 84 169 695 75 638 757 715 927 397 188 175 458 425 623 697 126 545 808 31 847 629 739 40 333 478 286 323 136 801 495 971 373 427 245 839 964
100 224
630 348 708 209 654 251 143 487 230 408 851 791 845 32 930 492 872 601 213 421 225 898 345 674 7 926 126 242 847 274 705 8 960 271 192 519 867 304 497 182 705 919 464 752 162 658 447 465 37 840 411 692 497 398 202 807 118 281 36 528 686 671 174 13 516 1 97 181 283 306 53 100 604 618 804 580 325 895 703 715 332 633 149 500 757 149 884 39 490 699 832 882 459 414 156 632 178 704 129 122
218 98 975 991 8 1000 777 467 397 275 329 247 342 170 602 530 858 63 129 398 111 649 126 585 743 738 529 426 415 568 816 286 444 12 15 81 513 403 435 999 414 32 264 74 24 977 898 219 53 303 70 451 343 258 495 705 831 633 807 508 264 335 781 541 280 786 82 701 958 120 349 218 402 101 562 982 320 878 529 989 448 128 328 20 610 474 45 195 845 481 783 257 666 799 872 954 857 381 581 90
58 97
707 939 773 163 50 692 607 467 406 33 701 347 658 217 987 408 503 536 656 776 27 19 900 596 404 765 819 851 999 482 618 721 784 51 680 228 517 795 498 749 580 250 815 196 609 619 719 243 346 434 546 911 422 341 256 336 959 877
940 545 249 305 609 27 311 309 433 734 280 538 827 884 470 619 609 65 372 550 957 936 745 488 911 892 279 73 366 619 173 793 469 127 752 211 565 507 776 150 443 275 323 80 333 362 235 480 928 417 455 395 448 891 231 470 924 756
95 447
212 344 450 184 9 323 373 935 411 897 653 444 216 191 88 461 816 543 253 149 606 213 573 958 935 58 36 567 83 430 179 781 61 275 967 149 907 332 496 278 815 659 567 525 932 264 453 658 480 207 186 362 433 975 624 14 49 286 288 749 340 425 601 986 862 920 109 600 936 490 103 242 689 374 337 453 745 153 155 450 51 669 661 929 349 159 330 651 993 462 460 591 428 816 847
356 562 104 719 574 327 672 941 736 72 78 78 308 208 30 898 508 837 475 547 231 359 477 713 34 786 738 482 284 618 817 257 447 51 452 192 962 358 388 583 479 229 622 447 507 382 505 242 962 777 602 655 493 972 915 714 65 412 623 899 691 689 27 123 138 709 44 445 541 927 156 44 620 994 315 646 376 316 619 477 593 792 262 600 792 904 549 800 997 736 511 799 888 564 568
54 411
994 175 241 272 473 961 319 282 688 195 710 74 170 722 370 466 566 714 757 946 275 738 170 893 228 124 804 966 194 828 316 465 383 398 908 357 538 748 511 521 925 434 489 161 514 21 381 34 617 527 675 995 632 810
866 861 162 493 739 407 436 564 683 447 819 582 739 829 311 953 998 154 318 483 341 358 252 758 874 6 436 854 356 117 661 937 709 412 886 496 683 140 208 549 305 483 528 225 776 455 443 396 480 612 117 523 926 130
13 896
934 74 291 27 304 19 388 691 893 28 903 480 100
112 802 761 852 887 402 325 434 630 733 556 201 58
95 455
292 791 848 267 854 197 110 575 211 91 267 536 600 38 570 150 448 98 829 420 940 502 358 712 710 909 924 664 303 725 178 837 347 832 161 439 74 1000 93 319 680 516 401 65 25 1000 314 224 280 752 934 983 1000 624 944 375 617 406 878 575 356 558 403 928 67 404 203 118 249 518 31 650 44 105 954 448 286 425 688 207 615 458 866 427 520 825 747 660 595 566 46 568 991 6 819
363 872 297 635 581 33 889 107 202 974 430 658 962 90 348 465 166 984 611 710 920 796 92 204 34 724 378 233 347 555 16 619 110 954 958 471 461 714 953 430 506 519 406 407 68 898 216 426 5 792 858 154 565 960 444 402 623 806 280 796 577 932 225 587 772 862 157 832 223 918 730 52 852 455 429 622 488 320 150 347 830 287 953 877 7 208 883 155 160 847 880 817 647 312 869
1 970
530
801
53 357
252 949 28 874 661 887 169 402 333 749 97 749 674 652 913 324 830 42 925 380 753 382 812 393 433 451 114 766 484 852 497 194 988 986 880 927 997 10 423 358 908 328 335 873 331 186 601 268 215 991 770 75 508
914 996 543 785 506 752 331 355 348 635 281 196 231 32 208 301 1 324 620 322 789 465 681 823 934 512 334 612 638 307 447 238 109 569 733 200 81 424 876 265 337 358 454 789 836 709 442 983 274 120 572 984 608
2 636
582 295
921 57
32 644
876 53 490 692 811 391 372 558 641 458 309 72 594 859 460 943 593 670 604 586 181 490 57 508 701 337 344 252 198 236 432 422
719 945 548 233 11 706 954 754 693 279 947 493 183 971 260 547 677 881 522 778 458 547 917 794 669 334 105 747 698 682 159 453
75 734
696 863 997 595 145 831 666 812 325 657 587 1000 511 658 408 261 261 40 321 815 653 136 804 876 207 322 520 422 815 967 541 756 660 85 586 122 107 549 594 753 557 157 115 343 23 288 366 305 882 910 472 804 334 469 239 458 26 647 461 809 896 499 865 258 964 476 442 950 59 480 955 641 274 90 871
215 693 724 905 377 919 675 139 655 858 601 538 952 544 34 963 480 601 606 860 663 271 674 523 124 600 108 105 459 872 766 765 832 876 162 568 343 648 522 75 204 954 676 939 307 792 382 895 199 540 326 406 630 696 133 427 193 902 939 772 193 380 163 888 910 990 816 656 746 609 124 209 88 332 905
57 682
744 842 337 112 91 330 24 481 293 794 623 38 572 943 150 843 568 359 169 959 296 496 161 457 761 274 966 916 577 684 66 686 874 284 342 623 723 453 764 147 239 998 678 668 954 946 440 350 898 489 568 281 224 390 55 442 14
88 899 412 352 718 341 454 209 362 456 610 13 378 310 264 622 282 850 436 507 808 80 412 7 828 474 826 937 28 356 952 817 407 392 377 326 692 726 602 155 930 250 572 256 165 390 373 393 136 267 960 731 678 680 320 857 420
74 590
106 912 678 724 356 294 541 62 660 272 942 251 49 361 262 156 386 722 727 561 296 998 837 522 52 342 751 728 910 656 391 915 155 849 254 836 728 393 554 705 155 696 82 472 775 452 659 469 268 608 832 195 434 860 541 177 990 979 451 33 369 460 144 256 885 871 630 285 764 328 168 695 544 13
297 320 936 702 878 363 651 5 696 920 60 665 515 330 64 398 194 115 236 39 709 44 547 455 467 429 12 700 495 588 398 136 328 799 355 592 157 972 791 439 340 536 727 991 858 616 906 763 26 180 358 615 465 454 486 915 160 356 574 133 205 491 261 243 448 781 852 853 997 370 114 9 843 462
34 143
556 594 580 579 998 527 225 884 817 525 232 727 84 713 94 918 541 989 1 573 934 202 818 549 994 622 584 632 854 487 105 278 48 909
515 214 338 374 1 15 180 976 630 548 879 598 764 791 428 157 305 21 22 213 732 769 103 921 15 495 944 893 272 954 597 176 997 417
9 117
650 733 795 131 222 899 602 290 985
745 531 966 977 476 978 922 133 600
93 118
523 951 976 767 662 951 398 929 914 640 185 906 20 682 184 427 864 330 735 380 354 404 90 435 37 832 899 290 844 892 747 521 874 723 153 213 920 4 819 41 110 666 243 577 357 989 789 457 663 439 791 380 119 778 819 643 271 122 158 711 347 686 535 357 87 148 385 1 569 829 261 940 291 741 635 597 849 314 671 204 964 316 142 135 910 944 465 664 848 888 571 639 557
213 846 310 543 919 24 232 101 125 273 837 264 883 473 518 614 606 868 500 783 927 370 850 25 553 698 347 978 96 72 851 657 696 646 634 879 622 257 126 897 50 299 921 802 303 236 89 630 691 167 635 882 301 716 601 125 375 801 915 123 698 645 453 736 191 538 247 137 395 325 4 578 490 384 282 817 290 191 319 922 665 992 21 429 347 299 487 349 734 311 592 207 797
17 373
334 260 270 968 72 84 119 455 452 818 200 413 565 7 965 111 935
802 273 433 209 396 603 377 850 190 478 411 568 784 45 237 618 751
16 183
763 925 744 616 24 323 993 137 14 937 543 885 139 348 820 45
20 486 430 68 342 852 40 669 812 916 73 600 457 652 254 942
85 749
314 868 219 906 109 366 952 594 31 540 392 571 537 495 764 407 737 273 471 838 456 494 254 67 39 756 751 531 160 790 339 680 612 3 121 138 38 761 251 164 167 370 455 428 336 802 555 476 454 604 431 729 659 509 349 311 634 584 406 842 317 46 607 822 341 518 21 218 218 3 623 885 527 540 162 194 152 20 493 723 282 281 825 61 25
454 875 18 334 660 325 437 396 879 982 700 472 265 746 416 229 869 381 561 859 146 524 411 661 325 145 620 912 695 559 302 228 600 527 809 996 784 595 358 438 338 414 940 848 323 40 827 289 446 265 439 622 251 560 640 938 306 105 968 604 115 365 888 694 45 884 708 533 515 284 484 304 496 889 4 880 192 871 233 560 529 700 817 967 338
66 471
325 134 903 33 478 946 888 689 145 386 327 389 134 469 790 937 907 864 357 664 18 435 178 301 255 952 713 216 225 652 784 374 84 839 678 917 95 879 964 690 968 562 712 916 195 411 647 880 277 710 856 418 886 267 841 802 402 248 954 72 164 163 300 969 350 349
79 592 490 497 850 389 615 90 123 288 929 18 555 544 28 530 474 11 199 487 867 553 893 603 537 420 603 435 924 183 592 418 476 193 711 164 635 441 774 820 154 905 284 616 581 669 905 710 385 470 534 401 678 11 586 193 61 394 912 544 25 579 572 746 355 730
59 471
283 798 140 219 944 320 167 935 476 309 698 66 451 957 113 774 937 348 190 542 352 472 202 93 228 868 522 270 831 599 899 416 794 344 331 902 252 267 774 463 993 884 378 992 442 462 586 260 103 475 538 108 737 902 838 412 242 913 912
534 997 740 716 842 991 463 217 733 16 116 155 655 80 875 22 686 627 54 823 308 433 125 515 24 201 549 83 78 88 394 772 463 309 769 476 272 207 183 744 650 572 670 634 734 985 238 738 959 71 543 216 694 992 114 522 819 92 922
