16
84 885
435 409 523 113 939 903 826 369 304 166 828 981 863 669 265 611 644 795 35 28 286 394 956 639 283 750 381 979 920 435 729 737 52 453 697 86 280 949 476 463 193 466 377 734 803 15 453 406 867 717 252 799 387 661 946 262 622 42 307 367 521 573 979 18 48 948 954 734 850 868 15 778 85 513 473 853 802 508 139 936 435 453 178 67
769 679 937 871 351 175 2 777 475 552 809 838 461 432 229 758 173 688 421 836 881 1000 710 898 159 525 280 598 996 995 603 471 410 61 233 874 953 325 391 339 8 614 675 398 650 580 427 959 502 156 330 183 120 881 661 445 502 23 63 139 672 775 325 90 283 243 658 1 731 508 447 658 516 659 182 94 727 979 227 205 225 851 913 733
4 1
245 839 475 468
574 790 851 745
20 664
385 386 202 750 262 951 233 445 516 803 34 952 969 922 952 431 947 622 746 688
65 529 742 752 714 326 69 137 213 584 530 431 135 64 80 521 896 873 98 132
26 41
766 979 577 940 721 756 358 183 37 220 480 738 282 129 48 440 813 998 523 952 969 504 221 394 710 837
685 267 226 650 541 328 120 322 144 882 604 440 994 216 975 931 809 435 348 460 395 569 847 486 880 103
1 414
937
320
75 160
857 614 307 554 596 857 84 183 344 342 837 285 513 662 54 915 274 238 214 3 398 492 863 198 477 798 825 196 866 112 982 109 809 826 914 956 595 806 460 244 384 589 942 236 373 97 593 75 836 46 526 380 936 220 32 24 390 224 3 762 152 84 932 734 393 902 667 816 856 935 872 676 924 838 761
98 804 423 736 765 781 983 744 320 226 714 672 662 167 985 585 458 801 765 348 731 47 752 688 997 444 19 969 295 581 102 902 662 830 470 623 708 679 404 67 479 336 353 63 649 5 793 560 995 648 309 189 420 718 363 921 735 336 114 621 272 633 106 399 145 216 867 289 992 204 517 815 822 917 157
55 471
379 667 373 644 533 605 857 586 694 38 312 550 748 119 643 580 111 34 220 516 44 592 805 729 695 784 538 804 399 376 847 41 962 46 579 879 362 272 118 941 501 476 645 645 565 30 840 651 898 793 416 292 148 244 312
868 5 915 886 174 551 818 386 669 860 986 421 799 207 165 970 750 316 477 982 11 453 476 444 469 54 305 662 816 279 117 947 931 921 715 739 122 990 754 374 258 859 500 522 146 402 812 353 852 54 435 669 321 341 124
94 933
147 410 780 869 96 235 785 172 19 683 446 167 570 156 883 469 587 582 635 911 862 762 985 605 513 216 78 986 394 662 720 565 93 784 28 814 754 448 592 77 56 424 319 556 812 940 788 712 662 188 182 471 713 985 602 802 549 184 649 580 320 191 806 703 106 558 260 21 551 640 833 753 498 473 679 637 196 167 244 976 723 967 696 42 621 660 991 186 560 7 395 198 400 775
701 518 277 664 163 774 996 303 937 859 408 666 156 925 625 202 663 318 266 795 770 727 707 395 337 798 983 867 802 959 724 612 703 58 143 704 229 467 419 310 13 985 710 69 444 217 577 552 85 682 657 349 286 114 693 628 659 740 702 398 822 914 752 856 888 718 904 818 569 691 25 279 467 404 654 458 348 394 284 198 223 907 199 899 720 913 890 271 87 765 109 739 771 217
10 398
776 79 584 590 445 937 1000 421 395 546
921 780 897 785 981 786 461 286 116 802
13 119
900 366 132 519 648 149 283 578 997 53 522 200 801
550 137 657 293 781 851 98 88 499 757 929 256 78
63 858
724 405 81 826 169 760 118 257 198 78 82 578 233 806 20 967 736 320 995 842 826 746 420 648 431 122 926 864 977 512 679 744 553 226 959 832 599 459 553 146 881 717 481 518 253 758 131 860 530 224 481 82 207 79 125 9 735 437 231 831 165 310 357
618 412 212 374 46 354 518 658 409 153 96 604 162 132 611 592 211 415 16 619 607 43 549 242 471 934 280 627 127 132 263 467 410 813 120 219 771 793 485 992 500 125 301 712 247 90 815 868 767 937 724 982 150 373 806 286 287 635 307 930 913 244 105
63 894
127 271 800 992 283 120 186 952 193 515 202 367 382 79 50 782 776 695 538 907 892 900 206 352 919 556 671 662 943 370 679 165 293 240 643 937 204 706 701 246 498 660 240 964 25 795 119 676 253 603 301 488 962 644 20 512 47 827 177 685 433 769 618
119 712 41 99 410 496 497 850 898 230 928 798 249 822 96 366 632 798 123 500 242 862 375 364 519 798 114 828 900 48 97 514 781 733 397 689 344 666 561 547 744 929 492 83 96 232 891 53 860 593 128 870 749 552 87 494 589 771 52 945 791 410 642
25 901
738 51 526 984 585 614 283 555 510 934 597 434 333 961 369 444 17 553 981 163 843 43 233 391 138
410 478 459 234 776 797 444 741 973 254 6 315 837 940 183 839 172 687 933 915 699 394 561 260 198
1 904
895
197
45 395
734 967 47 441 519 869 689 858 603 817 496 356 438 321 483 426 811 157 432 729 70 43 408 21 49 553 949 699 99 383 589 408 120 613 476 56 629 256 874 190 937 298 282 46 757
336 2 739 196 760 617 199 22 951 715 563 94 157 491 574 414 989 843 162 750 978 251 654 909 350 157 391 320 446 887 358 204 341 671 340 777 519 413 369 613 318 167 502 607 344
54 330
197 72 521 651 631 727 321 782 42 934 835 674 552 350 666 140 874 98 345 845 107 663 107 479 681 349 975 957 521 290 442 265 378 411 139 203 500 453 206 187 600 250 830 287 649 348 400 467 911 202 758 642 897 523
396 484 685 493 171 750 663 513 91 604 183 342 690 730 110 540 996 807 487 940 886 631 866 522 506 255 251 854 759 876 344 545 281 785 411 789 327 131 225 720 286 334 316 435 730 972 523 757 988 951 203 846 481 844
