19
13 177
654 624 139 143 847 663 681 104 410 131 673 146 218
476 965 947 419 654 45 462 742 448 180 134 608 768
24 318
763 462 360 708 757 401 267 926 427 646 321 76 832 82 606 934 300 691 717 514 862 942 60 845
71 587 463 40 997 676 668 819 970 952 883 451 51 150 780 864 39 450 384 417 968 942 107 16
84 160
324 118 980 827 436 966 753 42 237 430 909 679 846 263 105 675 371 346 694 458 354 87 756 933 623 642 216 798 352 838 344 36 704 46 937 856 908 442 248 989 55 693 439 715 288 869 324 213 194 167 102 396 329 83 73 662 451 532 190 883 706 461 357 354 197 736 831 129 744 924 314 962 194 421 861 290 701 967 921 279 466 513 225 3
419 782 290 494 572 50 319 748 597 837 777 352 439 851 489 195 648 465 300 480 372 557 260 507 85 622 266 66 974 161 409 557 852 700 141 131 816 265 881 474 123 731 489 864 530 558 359 609 260 267 590 359 518 705 794 524 46 102 644 82 611 737 100 322 110 531 112 347 690 959 312 973 573 693 582 786 285 942 431 936 274 742 674 715
22 92
783 144 651 974 470 263 884 407 91 122 197 242 32 265 128 92 861 740 569 567 87 259
732 991 483 82 467 175 915 885 775 164 857 268 521 561 357 550 931 980 832 395 987 474
5 343
424 499 16 751 302
805 930 449 426 469
62 823
78 520 97 178 486 519 734 338 762 6 98 618 699 763 129 548 270 637 64 248 175 423 333 734 767 187 636 340 237 363 874 740 904 113 56 557 7 223 122 414 459 799 579 312 353 272 253 908 226 626 775 906 691 485 877 884 815 359 246 411 413 346
392 199 305 28 516 826 635 1000 313 568 179 763 81 51 363 394 660 546 524 941 657 39 128 418 227 212 393 894 505 95 71 19 636 733 651 676 141 464 835 990 195 140 311 205 805 443 623 972 108 712 104 839 771 335 239 293 982 307 197 498 717 251
47 235
188 677 734 861 198 690 233 65 71 459 430 475 899 649 303 50 665 627 713 628 254 290 588 675 632 901 479 270 916 164 415 902 406 193 169 322 547 67 571 985 966 196 379 110 968 211 567
659 98 821 903 509 786 24 910 328 39 720 679 141 947 389 617 897 367 38 708 806 420 783 877 647 192 137 593 721 830 588 331 242 883 685 920 482 808 318 946 53 248 82 248 565 388 884
88 932
700 26 617 308 457 194 48 22 812 626 26 894 989 681 79 48 798 450 543 245 619 114 822 85 259 999 160 909 596 520 541 892 66 464 582 741 791 770 687 504 575 664 983 295 199 994 724 274 569 619 617 362 216 694 93 312 403 799 811 816 296 1 587 570 197 444 9 520 376 914 668 387 751 924 555 349 8 712 355 632 581 627 119 284 454 335 86 975
139 9 267 695 21 61 267 166 637 726 341 901 947 471 138 236 586 541 210 853 858 117 109 906 189 802 739 537 800 743 922 461 835 772 459 960 678 761 756 222 889 765 143 734 398 936 284 465 239 21 565 274 75 523 244 90 76 421 793 645 412 17 17 307 344 727 957 226 710 479 858 940 892 98 158 311 624 673 852 122 551 675 100 132 95 696 156 989
46 164
96 685 417 216 51 650 889 252 615 655 792 251 795 788 787 371 766 778 687 135 621 126 58 961 304 665 97 138 628 43 131 356 965 819 43 986 162 960 699 729 319 605 612 88 623 655
997 442 620 265 961 933 999 392 482 671 888 656 772 205 546 760 232 491 753 688 393 961 430 207 636 262 270 676 62 771 167 957 47 958 530 384 497 798 15 481 583 71 638 390 617 578
90 286
651 687 24 664 289 191 320 860 933 927 516 488 934 145 606 480 20 606 527 429 365 855 527 563 801 700 456 268 850 126 586 744 713 540 958 526 897 478 283 980 522 81 969 481 94 274 1 968 586 182 812 454 325 699 411 541 15 946 173 764 204 740 214 43 429 505 726 980 219 439 587 422 911 953 479 584 293 323 445 174 410 200 936 671 600 621 834 357 986 624
228 815 39 133 36 403 113 880 185 576 496 820 571 218 205 676 445 829 904 669 464 33 604 569 69 821 143 889 962 237 862 423 750 130 644 593 410 580 244 136 449 100 164 948 646 30 315 913 467 746 43 792 625 986 589 139 471 954 328 561 177 743 362 456 440 849 347 936 282 256 86 590 259 157 525 521 63 353 188 435 971 974 646 553 486 143 115 354 256 471
10 205
351 934 281 594 861 335 15 183 737 953
140 778 103 165 533 640 482 703 459 536
73 968
534 556 893 43 872 972 899 880 427 566 972 249 608 37 241 52 129 306 636 588 535 934 688 970 821 656 543 457 832 800 939 10 468 938 529 628 471 682 469 870 401 781 699 486 657 169 692 248 200 76 40 671 886 852 820 395 9 146 707 33 935 817 942 145 159 7 227 662 684 904 965 879 953
36 38 702 526 287 529 735 753 511 195 468 540 468 390 277 780 549 853 881 334 557 168 132 784 496 295 851 247 636 733 744 378 642 805 375 269 585 166 662 266 558 902 162 246 246 230 442 128 172 505 312 190 554 609 429 323 353 883 100 996 539 121 41 437 905 357 358 808 924 220 517 336 716
3 214
350 725 218
764 320 396
54 220
501 986 420 47 45 699 809 886 157 818 657 534 186 886 576 446 578 706 181 770 28 466 336 677 470 710 463 407 552 780 8 761 518 363 555 865 641 688 395 276 936 331 87 857 1000 822 722 499 542 846 962 904 869 155
968 300 105 187 806 852 811 677 541 917 579 521 627 357 954 693 572 590 657 743 545 198 713 814 941 407 101 550 459 329 369 271 772 287 361 677 532 327 778 761 595 113 853 222 426 575 286 85 817 499 866 117 199 827
85 853
756 520 558 774 637 848 43 47 239 979 961 915 506 962 578 514 111 925 922 64 51 33 719 127 264 862 895 443 984 365 627 401 437 299 728 915 380 52 562 915 953 723 291 31 153 831 72 45 528 119 594 636 175 172 806 463 844 921 335 20 54 176 402 692 513 694 662 810 284 370 95 67 893 846 799 826 969 817 917 664 739 15 33 994 546
347 909 225 457 576 643 794 52 682 923 189 255 642 709 512 514 220 761 578 107 756 356 194 303 196 504 951 640 206 803 660 975 883 115 344 511 10 972 375 391 705 697 290 719 507 934 463 279 331 317 15 493 637 585 247 807 526 536 358 40 338 433 810 692 961 76 947 801 875 569 78 73 242 697 255 630 776 819 403 210 244 854 191 60 192
83 709
192 273 459 972 255 337 453 263 132 897 303 751 226 240 825 415 881 571 448 100 381 234 515 556 78 207 401 716 205 650 92 256 378 377 719 50 453 62 94 953 574 733 375 971 404 993 504 335 876 416 451 125 895 604 588 43 693 37 901 133 338 466 798 481 48 566 491 404 240 827 702 964 550 183 585 37 601 928 778 852 949 59 499
209 932 555 865 800 439 885 79 254 459 917 272 865 195 763 103 320 166 119 136 773 125 918 624 334 393 541 499 290 697 275 506 210 426 72 356 102 270 281 249 444 716 404 147 669 4 216 543 378 343 838 485 309 889 703 552 333 921 834 693 472 47 761 124 49 317 372 27 532 749 547 753 749 944 29 519 350 277 224 864 744 399 788
91 79
316 86 299 601 525 948 124 101 237 549 19 210 224 814 834 359 908 437 983 381 867 435 685 543 290 954 254 103 186 424 975 410 337 389 823 721 562 280 725 673 874 826 74 244 967 454 711 913 716 294 555 703 541 90 569 79 426 765 872 406 117 383 565 962 464 881 333 696 692 211 392 250 923 947 859 700 701 864 848 18 616 750 334 637 414 756 899 590 143 555 773
443 210 944 176 801 471 198 815 800 731 750 495 472 367 917 600 633 496 982 761 179 435 736 336 106 780 574 419 663 225 483 524 728 320 491 87 598 38 585 595 550 411 15 990 174 23 751 752 220 943 461 794 730 629 529 279 32 951 930 181 545 165 532 835 296 227 13 448 91 963 85 459 608 683 471 904 922 286 479 686 588 46 668 915 169 654 610 689 909 402 90
20 826
110 435 547 526 604 192 279 515 127 592 322 567 140 835 622 731 189 608 515 311
539 430 351 913 26 712 803 320 360 992 155 331 415 149 129 959 804 25 403 899
48 347
451 429 929 155 473 295 254 526 737 335 814 99 319 658 338 178 395 31 215 777 459 821 672 838 544 575 58 725 55 64 999 951 379 618 96 514 930 761 494 325 486 532 790 449 911 169 764 308
355 330 7 790 510 313 602 915 106 772 601 676 210 260 692 601 303 202 318 976 26 272 746 301 734 858 160 74 966 93 764 526 743 361 616 482 807 494 384 692 589 709 909 633 908 669 184 74
