38
8 932
515 770 196 437 648 330 49 357
918 110 664 662 405 160 217 159
58 887
569 824 387 336 105 999 744 811 693 579 768 368 228 328 960 904 297 386 465 919 698 580 496 863 947 915 30 659 972 913 747 490 37 841 461 664 750 625 612 807 296 677 34 526 963 230 850 839 117 100 895 271 922 629 396 774 467 705
301 708 589 170 166 117 304 808 812 679 303 98 311 77 955 267 435 227 651 736 842 429 125 422 843 530 697 415 153 885 736 600 276 431 59 965 20 929 277 876 816 694 331 821 542 827 595 498 340 381 594 191 770 155 872 877 607 484
69 583
968 609 628 393 511 707 142 281 567 363 442 943 700 612 123 578 132 155 755 907 696 993 877 429 663 998 775 546 834 379 752 209 185 166 76 621 767 902 261 151 694 692 852 683 475 30 641 871 309 756 634 336 477 190 366 579 432 821 644 841 16 873 829 420 760 117 131 293 960
901 114 137 259 15 155 380 737 180 459 285 245 308 285 581 864 101 616 665 820 76 68 334 138 106 713 900 305 858 21 985 332 193 170 469 589 48 530 283 969 994 280 105 110 126 48 121 798 170 968 139 344 972 731 65 33 789 327 816 331 333 6 621 641 68 642 864 312 87
72 735
763 164 172 830 953 978 584 495 819 501 559 949 985 27 480 529 888 798 493 920 131 399 20 660 278 771 4 485 791 959 684 301 929 166 852 685 470 619 980 967 907 128 846 818 683 222 193 524 190 149 884 161 619 825 575 565 679 209 501 1000 970 980 375 947 251 255 472 152 48 516 269 562
444 17 563 418 709 703 473 905 473 198 231 809 817 441 693 855 372 648 802 990 360 418 341 360 607 409 158 803 47 971 180 606 594 573 318 256 905 172 268 954 95 411 874 154 266 450 63 488 898 135 271 496 394 854 470 788 170 477 480 126 215 989 729 440 883 785 579 420 355 702 390 148
40 672
112 929 962 389 155 207 999 424 190 936 177 773 270 505 599 893 204 280 128 575 189 649 859 992 606 385 658 864 775 889 293 659 392 613 594 414 556 710 639 901
759 791 863 978 844 451 694 883 889 242 267 85 31 235 362 109 303 525 683 322 499 885 532 855 107 575 976 122 550 594 338 651 783 355 179 701 600 750 160 447
56 915
327 45 206 25 121 77 636 66 524 829 450 500 362 575 480 218 969 644 592 495 371 251 36 637 606 59 368 973 966 742 603 586 635 559 250 729 851 384 852 162 295 688 403 899 359 873 615 972 677 652 576 792 794 625 633 691
441 720 242 935 668 588 553 274 818 405 514 122 134 676 187 899 757 761 168 804 814 662 395 195 870 238 611 566 580 731 439 543 961 47 902 794 569 499 156 812 462 872 679 245 338 56 452 435 451 501 464 171 989 946 656 94
16 685
763 169 578 588 833 924 222 371 700 606 115 724 550 243 120 25
703 525 937 90 611 120 884 443 726 570 527 868 575 695 487 103
11 709
133 905 740 578 969 2 753 393 786 26 992
238 930 239 588 511 248 409 488 162 256 287
35 920
287 342 324 287 498 130 142 561 645 713 224 843 818 151 785 438 354 697 890 613 135 814 937 687 437 600 274 613 656 317 193 646 727 38 466
656 678 226 860 561 936 869 680 8 894 155 668 658 594 320 873 449 751 813 267 431 822 186 111 127 630 514 200 619 349 61 934 764 336 545
53 304
593 953 10 413 455 871 45 716 567 706 120 70 434 753 400 652 753 467 822 688 566 543 444 910 370 850 518 150 821 883 280 67 238 386 324 547 742 493 601 265 133 354 933 681 712 429 953 41 333 252 738 111 169
511 43 286 994 546 346 201 990 566 596 326 402 325 773 838 437 391 503 519 119 222 927 139 565 270 751 193 244 803 262 9 117 789 625 970 542 567 25 952 389 790 569 685 147 765 925 682 270 845 484 924 956 752
59 640
591 6 17 673 578 909 991 891 147 246 145 897 163 587 676 788 276 413 840 365 949 231 295 816 156 15 613 535 25 450 753 323 161 407 386 503 528 937 649 585 271 547 674 249 102 772 266 92 569 700 771 341 704 799 75 510 153 101 1
716 34 678 149 233 5 379 64 137 339 674 451 998 924 34 365 880 226 889 655 682 173 714 388 608 335 251 233 309 467 166 186 849 954 538 987 960 706 71 54 707 917 631 323 572 683 572 935 620 697 351 487 557 481 787 713 211 52 900
39 560
761 584 337 371 809 861 358 434 833 626 595 529 715 269 551 276 520 410 946 823 754 722 184 119 514 522 933 789 65 998 161 912 576 496 592 322 870 602 498
590 645 1 457 847 187 800 179 371 959 888 52 922 615 557 548 570 526 282 399 291 744 334 731 874 848 918 285 24 431 445 447 52 300 172 728 339 169 68
54 359
989 964 389 798 606 500 321 604 480 969 145 701 786 168 608 121 148 694 121 930 115 406 737 702 818 827 986 152 973 383 606 670 214 977 689 76 527 726 75 613 388 256 391 299 94 828 963 78 317 564 82 931 671 42
530 331 201 213 411 242 1000 165 233 998 447 526 494 465 866 628 674 419 749 56 321 876 322 361 5 745 705 465 80 560 11 729 496 946 193 447 858 852 732 42 978 737 89 713 806 501 264 486 489 298 480 357 956 365
14 325
224 657 991 941 706 803 434 911 603 266 389 790 840 961
553 366 985 983 258 865 162 288 296 591 944 272 747 654
10 490
634 245 496 756 750 752 435 246 643 7
149 295 818 553 673 950 574 509 553 173
51 688
35 859 520 558 365 211 108 539 297 377 464 314 834 340 50 211 845 799 982 123 394 617 369 377 2 426 261 258 312 711 574 25 334 738 232 961 165 927 880 334 837 920 465 328 503 734 909 228 244 357 488
897 405 323 19 519 481 658 805 377 538 594 708 984 248 263 618 384 657 176 586 302 409 510 382 244 775 287 74 917 530 522 395 126 435 863 685 976 803 783 234 383 163 353 412 395 15 257 982 719 776 61
14 571
645 85 277 699 966 447 794 396 195 321 720 292 693 533
812 323 298 189 264 655 438 465 233 252 692 668 107 971
93 548
174 795 606 126 376 743 620 975 374 228 643 498 670 718 192 892 400 947 68 962 325 349 294 657 819 587 69 884 177 63 397 93 106 64 130 6 242 984 288 822 272 399 333 422 118 767 527 177 244 490 820 734 576 184 454 606 893 460 470 394 26 30 148 149 506 360 520 977 373 142 205 350 999 399 555 622 611 413 660 917 553 48 794 757 528 266 942 357 973 326 129 243 180
220 253 22 497 534 538 18 492 811 399 322 364 120 399 526 168 363 952 52 115 560 987 868 723 445 276 804 111 961 311 548 269 884 871 656 295 13 27 483 310 85 808 786 753 86 502 959 803 704 346 541 521 198 950 351 638 850 272 333 927 170 951 990 128 650 773 122 482 11 717 888 786 810 788 850 823 935 924 604 510 249 575 797 234 848 195 465 673 853 814 761 878 992
31 149
565 702 893 293 404 475 523 4 14 512 276 672 462 724 193 70 941 626 130 363 58 891 709 683 254 776 915 324 620 926 409
591 459 913 866 205 106 237 719 281 286 968 135 652 596 850 326 425 674 799 387 502 204 500 43 8 582 782 529 240 107 107
93 789
859 101 218 981 361 368 642 681 29 629 716 510 697 639 416 752 677 69 570 275 588 435 357 251 615 643 142 811 115 545 860 757 616 433 861 366 924 850 256 706 943 847 200 624 210 650 864 434 280 605 670 636 439 847 837 806 8 946 995 837 819 129 349 873 499 204 418 520 63 280 156 346 83 253 63 133 248 166 114 85 77 346 99 443 460 235 855 935 461 915 327 160 703
703 508 147 271 652 689 123 569 683 747 253 998 296 412 295 834 461 400 729 800 320 482 688 998 434 509 818 603 715 2 642 35 153 912 765 902 528 262 77 186 676 637 776 269 137 77 529 447 374 990 837 176 220 968 194 938 609 106 284 636 439 735 406 896 8 103 222 175 9 219 922 799 287 96 252 896 591 472 840 833 385 711 257 12 370 54 334 684 781 169 166 694 977
89 514
953 241 18 442 265 725 98 150 386 858 912 249 582 399 642 92 742 436 430 470 797 960 290 916 850 239 807 769 965 1 544 81 509 468 617 223 400 816 875 884 816 487 705 361 656 586 345 450 935 646 672 134 665 313 514 896 448 66 367 211 118 944 486 884 848 244 858 512 628 653 935 306 558 308 806 65 648 726 91 36 731 317 402 226 918 864 816 487 165
925 499 75 658 237 218 979 426 688 968 784 936 303 270 551 293 197 940 681 737 15 987 869 975 673 440 325 865 164 508 138 521 760 271 414 707 820 928 849 49 584 85 909 45 193 810 919 734 111 271 256 715 830 773 652 314 128 484 668 414 822 496 70 181 247 485 699 678 191 3 186 198 44 22 170 486 873 905 985 495 867 242 564 514 468 791 455 551 274
21 695
391 549 800 13 472 378 807 751 686 860 101 861 222 28 510 10 266 486 697 172 141
675 300 614 153 917 555 25 23 698 277 60 428 756 13 234 502 564 280 996 527 472
72 975
203 902 936 224 324 429 901 146 318 912 804 690 849 803 779 792 3 869 646 667 12 897 549 555 448 314 721 822 62 867 922 296 314 393 525 810 223 139 766 114 41 467 445 80 728 68 735 828 875 148 411 177 930 250 412 665 578 554 283 903 864 624 704 842 88 78 699 852 606 96 380 522
828 940 848 629 260 447 41 809 886 978 5 573 895 141 759 176 80 154 168 880 129 138 351 663 577 569 605 948 270 449 720 233 843 422 426 851 929 164 258 346 531 703 776 30 719 609 994 348 694 798 791 501 39 189 935 731 131 993 782 755 638 861 366 140 459 238 450 467 392 246 688 874
62 710
443 708 132 554 7 420 873 33 604 985 660 935 326 716 741 37 761 2 841 766 54 865 330 272 746 739 327 193 578 986 353 404 247 761 399 445 251 907 112 442 456 830 213 789 321 594 937 710 385 216 10 442 853 570 217 221 736 310 156 768 907 961
672 649 327 832 210 495 961 989 50 461 835 660 996 59 626 873 726 584 698 877 325 418 215 110 442 460 50 668 470 481 623 592 864 447 381 336 782 609 212 267 480 217 161 872 325 62 844 99 867 481 637 974 141 288 905 679 633 398 409 69 463 680
73 423
272 200 650 841 212 413 586 190 296 526 587 396 99 716 311 478 138 225 853 868 84 935 721 586 932 574 966 659 831 763 772 584 423 95 974 218 323 485 98 610 266 924 969 92 448 991 577 376 171 406 872 330 174 667 484 8 56 729 348 925 810 716 664 721 158 297 405 8 513 480 52 353 801
11 813 493 348 782 37 822 190 519 944 897 348 14 663 468 91 304 64 848 957 754 240 220 836 348 695 701 70 468 757 398 774 762 686 579 64 4 278 301 802 976 790 322 480 22 380 206 946 240 898 54 526 833 827 494 970 213 313 750 754 933 294 416 374 781 428 917 431 716 873 586 640 505
36 22
988 129 832 528 574 639 760 539 675 463 693 3 301 668 690 594 824 91 76 370 631 449 26 591 43 628 671 564 692 475 894 188 617 609 427 304
534 629 678 614 609 554 183 384 715 101 720 785 652 688 62 429 932 862 262 501 107 338 571 421 483 201 546 167 175 788 709 219 915 193 18 641
90 267
226 624 733 106 583 658 844 226 125 86 11 223 861 200 780 542 264 33 547 98 303 840 968 206 727 383 898 327 572 656 162 242 483 262 129 122 237 819 26 619 346 199 810 461 100 235 349 888 402 345 740 72 277 476 487 655 157 682 831 513 588 302 627 109 197 776 881 521 287 474 930 203 270 511 376 358 675 134 504 834 833 390 803 547 253 128 701 966 658 637
874 821 575 60 640 315 624 171 826 503 130 484 958 169 902 893 135 971 165 998 885 981 484 957 441 464 264 198 373 450 386 235 200 864 625 685 484 838 160 829 781 640 816 131 699 125 58 111 282 292 573 407 534 112 171 409 176 496 203 600 801 394 482 549 777 41 915 258 620 664 340 795 635 44 257 380 947 774 485 683 518 443 122 8 925 637 616 128 517 748
95 640
407 390 629 136 497 412 264 345 271 327 967 430 557 750 229 377 567 969 932 568 385 741 316 289 668 541 347 416 627 200 294 199 691 399 981 366 274 735 203 499 822 966 583 145 671 333 507 99 947 14 283 461 238 579 521 955 586 142 998 640 33 508 806 177 179 985 804 188 266 177 563 169 561 157 841 17 349 658 58 611 653 840 364 429 431 693 45 350 683 20 199 573 240 725 344
921 724 365 303 211 426 59 787 759 124 474 339 849 214 636 810 766 426 336 362 827 251 171 280 80 864 190 179 143 490 891 407 926 126 626 761 819 258 627 288 314 934 422 28 608 107 309 363 265 43 842 893 536 234 98 419 101 427 83 540 652 477 589 773 920 551 755 183 633 919 530 732 589 699 622 110 167 291 324 436 880 67 992 634 679 38 563 188 12 646 457 283 413 720 942
63 442
377 573 517 430 770 816 778 992 949 22 536 395 591 59 405 548 115 256 946 250 925 703 120 231 185 526 301 717 5 503 292 279 303 13 907 351 264 353 132 194 234 196 34 75 642 30 804 224 423 213 659 426 734 661 379 154 772 649 804 403 467 832 650
27 633 344 818 102 356 856 403 479 358 599 182 308 431 401 767 390 824 329 622 145 745 639 521 904 848 180 208 16 791 967 675 566 518 848 601 910 701 988 10 883 116 497 676 270 153 660 794 163 627 671 920 632 237 131 386 4 486 756 438 794 271 303
78 949
264 759 290 114 938 588 775 166 900 237 380 904 196 818 478 599 74 668 341 173 992 45 1000 325 713 609 150 253 265 690 980 98 64 319 768 976 866 181 304 560 414 182 707 809 566 544 129 329 199 895 83 3 346 191 566 646 535 216 49 577 891 803 718 47 460 968 917 957 796 144 710 968 461 277 364 583 580 243
369 789 844 866 774 654 172 777 9 925 828 76 176 222 382 758 686 686 686 164 563 830 999 969 442 87 278 200 271 644 728 723 694 226 366 814 270 765 676 813 502 633 314 905 61 632 398 92 315 742 826 983 561 769 200 564 571 78 857 770 195 444 910 411 44 805 518 554 403 571 343 115 546 592 524 861 13 932
75 905
887 488 302 193 429 806 216 877 244 619 761 977 49 760 538 610 295 209 231 730 235 31 209 812 548 558 159 103 292 782 109 13 897 526 811 182 717 309 464 487 703 842 635 285 18 589 886 793 5 735 43 90 49 96 643 922 256 133 655 577 184 76 750 942 14 558 941 574 144 565 759 967 180 214 258
46 648 790 527 90 411 552 876 516 376 974 830 458 828 293 699 439 654 938 827 963 697 318 254 932 167 105 577 201 11 684 350 780 802 338 694 533 9 565 533 388 607 928 967 224 253 858 551 570 861 486 696 270 168 214 658 263 586 716 557 384 767 246 578 701 692 203 377 449 590 451 792 370 391 657
40 681
82 31 444 987 644 927 369 533 345 511 536 983 370 513 894 2 423 819 498 758 395 970 348 920 431 171 416 813 628 221 752 681 683 340 973 351 37 212 110 644
816 401 909 652 77 489 85 532 555 471 403 304 642 533 702 853 535 432 338 480 348 363 135 752 708 13 917 139 244 955 903 524 947 566 301 937 910 213 59 242
75 285
944 905 681 79 127 220 474 123 323 306 547 686 456 559 766 652 959 545 564 388 608 40 449 611 691 793 152 193 536 862 388 804 657 747 253 773 593 126 64 444 755 410 518 166 94 962 887 933 187 484 531 731 994 811 829 855 977 533 920 174 262 856 858 483 92 1000 11 399 200 680 444 228 741 250 851
497 438 344 534 427 963 590 133 350 705 111 251 925 998 378 349 368 854 315 996 626 233 965 782 858 172 283 998 141 523 888 975 124 83 35 940 560 150 370 954 121 42 37 980 302 822 710 782 164 103 735 914 130 755 344 448 636 78 965 518 422 230 947 521 27 814 63 231 467 444 660 210 896 896 89
64 507
825 219 45 307 563 269 684 898 563 792 16 254 898 954 455 452 207 353 805 540 291 606 461 617 990 781 447 381 977 997 874 756 994 181 113 466 688 864 318 872 694 380 331 120 661 418 603 450 514 612 303 413 797 907 948 1 724 330 714 698 187 141 573 263
712 769 604 681 771 280 975 861 686 351 698 143 125 397 23 208 877 675 368 592 509 793 678 382 685 398 384 860 273 762 473 383 594 370 170 301 37 88 443 936 865 844 397 517 210 491 145 153 455 332 187 749 475 155 203 134 65 128 290 163 903 101 975 890
79 65
458 872 458 487 308 708 807 517 248 853 161 407 95 334 639 446 741 541 926 441 158 704 960 78 173 18 139 707 215 167 705 818 483 609 516 209 353 862 39 570 800 625 189 472 191 580 818 408 140 202 147 916 192 476 374 341 53 662 422 363 868 148 687 103 795 763 442 18 468 879 215 506 190 457 1000 927 245 289 584
932 281 927 982 238 307 874 832 353 693 414 691 628 706 123 643 738 134 989 747 825 725 723 729 93 361 240 411 901 591 642 61 968 440 968 419 718 537 50 242 781 884 521 202 598 75 772 675 862 918 33 194 129 209 988 293 619 20 283 624 824 511 425 419 612 335 997 170 111 812 947 841 794 710 771 448 578 192 579
22 871
518 129 58 357 509 161 603 820 172 861 112 500 946 327 482 218 148 258 331 114 838 544
168 251 227 576 337 617 317 744 165 385 503 661 588 203 839 841 167 110 585 465 45 729
17 671
41 950 264 884 676 807 118 598 844 3 171 760 192 479 481 732 996
642 767 615 980 162 71 192 687 99 523 168 106 291 354 228 943 630
90 716
254 126 253 53 167 841 805 293 171 492 613 879 748 375 903 315 283 626 222 28 76 937 620 916 292 408 470 471 936 870 654 307 217 189 230 927 236 48 838 329 293 228 67 381 654 767 25 915 278 692 681 533 923 261 206 367 619 749 778 400 198 203 542 943 498 867 647 481 840 444 10 301 846 482 262 875 845 305 4 496 749 998 368 61 185 871 276 654 769 19
506 592 274 179 176 632 966 957 92 340 18 572 741 695 343 192 194 873 244 670 815 15 224 319 862 712 740 838 127 282 362 728 33 917 309 753 474 842 344 487 228 911 415 12 13 222 237 243 733 386 162 154 315 341 687 332 455 525 874 326 542 106 93 596 887 555 534 975 752 586 560 526 397 465 484 210 201 555 836 826 711 631 561 919 243 533 21 358 20 160
