86
44 690
420 778 851 999 610 624 565 233 346 549 608 329 217 514 824 910 531 657 576 634 535 85 369 343 565 67 83 905 601 555 42 150 885 625 785 250 173 923 888 796 330 986 18 859
510 412 226 837 790 570 509 947 407 425 734 59 727 778 948 949 556 793 965 104 561 151 514 394 503 713 465 457 642 888 846 500 847 618 848 311 490 568 133 863 800 820 667 95
89 225
180 92 395 918 756 133 638 639 628 834 756 51 970 884 303 315 466 882 451 238 248 28 158 554 281 788 764 348 311 852 446 702 209 397 940 167 52 254 626 411 812 680 424 933 892 457 189 930 92 502 94 154 517 635 176 1000 130 586 772 221 949 431 255 936 373 351 712 122 384 807 73 795 207 158 83 735 818 728 503 94 801 808 387 499 310 395 300 543 651
697 148 355 626 532 131 321 222 314 359 26 915 882 78 113 511 475 723 641 886 432 627 93 887 352 944 286 453 372 239 968 1000 845 846 225 638 705 79 482 107 678 180 256 882 723 480 123 287 943 136 330 116 555 868 20 651 978 253 305 833 448 356 949 318 673 326 137 277 847 316 789 424 260 602 247 389 602 924 522 988 110 884 657 136 96 135 797 501 10
39 434
152 87 356 19 25 739 308 635 185 668 425 350 520 971 670 980 594 659 781 33 874 9 422 474 818 868 986 481 423 544 486 817 12 657 418 713 995 247 824
26 702 603 488 508 997 154 547 536 230 691 761 834 112 261 14 498 99 175 329 203 561 116 929 860 777 887 989 980 506 130 357 45 387 868 465 393 850 767
21 251
462 875 976 308 748 331 1 753 584 357 406 503 314 843 693 405 722 20 614 688 552
685 693 589 604 951 985 616 43 87 93 397 115 134 91 485 196 696 680 863 671 12
38 971
475 765 778 267 131 288 709 804 720 565 160 294 382 837 774 702 390 611 135 840 251 195 270 904 275 14 114 500 75 684 124 330 274 955 16 33 368 545
486 314 5 325 524 364 330 338 211 784 19 74 700 125 408 755 656 425 430 51 68 348 358 185 584 877 431 397 371 325 294 424 607 206 678 876 363 802
67 230
346 466 972 696 825 948 602 346 536 128 688 740 463 580 706 590 606 648 871 949 20 602 249 717 397 224 94 63 719 146 141 342 898 134 774 279 40 38 647 150 182 351 698 656 860 150 397 914 868 31 951 37 330 254 77 448 71 686 763 413 664 651 103 231 911 252 833
766 440 956 14 153 684 590 381 261 410 392 760 269 584 189 645 979 510 948 920 827 667 577 118 262 624 820 387 897 783 244 938 627 329 600 156 4 29 376 108 384 418 143 204 31 265 917 34 782 827 980 110 138 367 451 2 210 276 200 716 790 967 216 220 41 827 805
29 391
595 408 652 154 712 581 167 68 61 787 543 409 338 841 271 74 692 217 536 847 52 178 515 583 469 141 623 179 740
113 675 507 820 199 39 833 558 503 45 428 570 945 11 484 81 283 95 163 613 885 269 687 725 981 987 238 824 150
64 744
827 514 521 206 981 583 752 892 440 871 657 421 235 577 61 706 948 987 528 367 194 295 803 344 568 43 741 988 32 846 894 752 624 969 350 202 48 750 763 335 561 597 273 541 589 289 819 763 29 352 152 598 724 843 597 11 975 555 738 475 776 362 33 266
112 395 376 815 290 770 648 351 349 279 594 464 27 322 105 485 163 809 79 633 959 229 385 637 780 818 739 927 478 228 307 356 832 548 106 977 301 470 237 933 649 789 742 17 745 418 632 586 27 248 41 251 519 887 561 581 121 845 436 985 576 284 880 747
74 357
219 935 486 116 466 744 442 473 330 853 445 75 458 162 550 990 648 969 53 892 157 411 784 508 368 601 618 346 801 121 552 782 101 294 324 499 159 600 334 161 993 260 311 843 543 362 781 469 319 446 260 484 56 856 47 567 186 163 902 814 556 31 448 282 536 787 480 5 746 779 107 378 197 647
639 219 713 658 144 937 659 536 388 486 747 242 485 619 535 387 683 587 226 211 453 542 264 603 921 188 136 768 574 573 464 101 494 403 228 851 166 241 473 319 981 986 337 275 883 143 14 369 428 289 872 522 322 231 671 137 126 606 963 806 200 59 387 71 897 885 669 274 75 720 215 951 982 367
30 422
341 921 167 439 309 114 481 930 945 16 192 673 874 293 541 33 958 661 790 276 337 534 810 589 444 461 951 726 743 752
755 260 156 263 243 407 227 161 300 907 640 558 213 818 134 667 178 665 948 723 150 392 746 764 457 507 940 133 80 964
5 47
245 632 152 350 755
981 59 718 575 118
57 882
761 110 746 447 469 78 955 740 695 317 405 131 53 958 983 182 724 268 962 923 355 585 710 97 504 756 647 369 109 10 881 38 917 176 139 130 57 515 829 82 558 371 91 190 706 831 514 109 301 13 128 712 988 169 520 929 394
938 180 658 270 305 597 105 765 775 353 60 874 371 850 138 244 461 42 19 830 57 357 43 246 521 558 183 884 81 839 230 13 333 432 218 259 822 763 101 655 410 279 970 612 688 556 86 5 316 646 675 668 961 943 232 724 724
47 399
632 718 568 517 478 480 898 333 400 292 587 527 681 719 779 834 676 566 779 542 232 701 193 308 89 765 808 377 58 856 633 367 815 81 867 394 775 396 882 173 640 78 507 682 806 799 942
45 67 855 436 210 610 893 930 854 297 505 486 243 840 552 699 733 409 404 682 651 39 553 568 66 749 457 326 382 892 273 212 675 780 661 245 203 157 988 213 83 608 563 324 890 499 450
66 174
783 621 659 450 790 584 901 768 226 285 849 918 762 264 124 970 680 811 869 27 679 157 273 321 938 287 808 553 634 606 582 579 797 718 116 5 821 907 820 14 574 753 869 753 761 232 196 529 149 650 810 882 934 995 917 296 896 944 503 981 892 462 828 829 958 862
694 779 61 836 991 832 680 892 864 31 68 932 814 241 465 777 857 465 729 519 134 453 851 782 994 28 170 742 183 864 270 218 850 566 370 667 871 513 314 949 111 805 289 161 998 76 435 527 620 543 413 611 703 717 116 108 375 540 579 897 262 493 206 287 739 462
52 983
771 745 96 548 535 849 833 751 636 134 382 507 648 866 939 142 206 428 549 869 662 412 164 633 888 966 628 993 456 402 386 79 356 708 408 523 439 518 283 215 253 975 1 606 614 914 511 709 269 668 702 803
578 947 813 703 324 831 669 969 999 435 816 193 141 36 385 367 198 642 802 395 294 394 585 872 894 909 470 678 183 127 161 828 307 166 512 994 532 434 685 968 125 911 360 965 14 864 657 161 501 87 477 33
74 93
419 542 355 720 402 908 926 584 415 195 862 968 908 880 335 779 896 844 525 385 937 650 219 252 263 655 477 835 509 945 799 597 443 797 989 869 729 366 137 407 118 351 975 707 698 985 23 68 830 689 209 26 312 16 871 306 515 175 248 306 5 585 882 177 634 113 270 655 991 719 294 749 56 910
612 467 307 486 796 458 407 142 886 180 469 897 929 380 933 885 455 424 569 370 856 30 350 419 734 802 725 274 567 686 589 805 835 476 12 981 8 478 947 295 846 183 248 55 580 844 978 663 950 581 904 543 500 537 449 797 565 709 409 844 153 703 612 570 638 339 983 825 712 987 194 403 781 890
45 361
276 335 125 816 148 311 427 647 353 631 81 661 3 455 228 72 257 714 989 593 476 428 317 89 344 491 136 670 804 205 879 864 86 897 744 28 256 282 41 253 289 220 410 783 647
739 727 474 135 647 101 461 389 1000 238 295 430 286 483 162 547 709 39 213 278 981 802 362 161 965 271 282 355 153 395 662 853 888 775 508 317 601 373 772 696 203 414 18 900 595
14 408
553 23 369 194 298 873 235 28 169 107 695 721 808 509
74 56 411 41 297 886 617 518 282 756 887 755 854 849
77 480
951 942 17 558 605 127 421 534 326 448 746 322 23 213 136 902 97 204 750 939 556 80 918 851 346 395 567 276 747 264 834 87 636 618 404 418 292 508 324 237 163 71 858 401 828 232 859 768 989 667 153 810 457 898 985 326 598 257 397 969 957 863 108 430 499 721 418 23 543 267 849 595 98 788 144 481 906
462 295 162 741 880 809 441 574 481 527 4 555 336 677 701 854 116 268 183 828 550 877 556 208 711 239 578 606 757 253 773 539 422 438 559 487 590 298 580 139 357 506 674 207 309 670 370 401 68 163 743 62 60 437 742 913 622 373 155 418 148 311 196 226 707 397 82 217 354 596 925 461 701 251 372 316 235
7 596
178 986 165 163 526 967 366
842 597 15 493 70 939 28
83 335
895 526 482 102 101 943 419 677 879 722 314 334 812 752 147 705 162 513 968 497 691 429 814 273 51 687 292 640 332 226 548 549 696 773 632 111 240 896 950 446 746 891 913 721 840 45 106 71 475 425 630 82 999 68 392 262 589 382 995 653 920 183 730 242 358 245 590 388 818 508 351 702 314 373 922 186 873 481 449 389 579 417 908
326 674 710 1000 596 469 509 847 592 292 789 567 430 879 729 566 748 524 908 649 932 33 834 888 578 813 479 140 229 632 922 166 895 398 227 836 133 24 928 657 709 321 992 699 747 21 30 2 811 20 906 558 412 5 704 441 776 722 837 6 650 324 601 965 605 896 614 361 964 383 230 418 623 592 159 205 608 320 676 640 459 933 183
35 560
275 887 904 106 148 300 769 799 353 352 520 928 920 591 75 684 51 942 724 975 308 147 857 47 383 842 340 203 337 666 137 194 976 132 70
191 904 353 532 588 911 455 711 319 376 996 145 214 356 742 657 531 112 479 748 26 574 34 316 113 736 598 627 67 66 209 868 447 198 872
73 681
212 708 32 31 460 182 47 442 792 60 117 848 291 65 930 521 822 208 193 931 212 943 310 315 252 353 597 297 503 695 757 227 14 581 316 228 858 111 466 615 38 343 526 20 844 36 357 360 36 893 857 375 418 16 795 688 416 57 338 822 843 514 787 867 945 759 159 869 889 1000 443 436 165
281 640 471 287 136 704 736 496 500 298 460 115 268 846 263 74 459 820 494 336 255 483 327 707 740 772 929 843 285 579 773 6 653 821 274 717 355 855 354 715 301 496 655 135 701 767 260 726 503 286 816 474 124 357 268 504 492 852 595 580 15 298 567 991 663 793 885 126 852 873 867 425 195
15 583
42 51 86 326 958 458 941 582 407 752 261 267 900 530 550
787 979 207 573 666 918 915 624 255 407 866 386 754 14 999
78 525
268 636 397 960 728 516 107 165 649 143 783 164 917 222 359 359 443 883 140 459 901 459 857 219 686 665 633 670 695 454 576 399 44 15 976 490 737 640 237 259 625 360 610 143 695 619 158 299 595 728 447 81 841 622 938 16 643 985 630 979 633 403 884 225 452 392 458 158 632 743 359 678 498 873 413 220 538 880
236 315 504 191 812 978 342 483 32 295 540 154 319 112 811 549 214 327 624 742 616 26 727 901 471 763 216 375 204 526 717 413 210 628 849 243 998 99 867 506 206 112 396 600 591 423 718 343 77 711 31 962 520 470 16 556 608 251 230 924 852 288 100 520 951 555 102 979 580 917 683 906 243 76 534 616 671 934
14 991
761 860 255 310 660 338 629 811 194 402 355 443 499 106
799 299 749 107 446 488 619 230 149 559 14 775 538 377
52 914
205 828 405 635 344 444 66 676 324 562 133 257 285 122 807 963 74 553 196 964 997 525 728 920 256 256 908 824 982 535 546 13 156 467 529 234 672 757 444 959 105 981 706 778 22 378 36 184 572 999 952 93
359 869 717 658 419 823 495 136 979 48 14 335 617 302 56 530 301 735 87 984 463 698 776 436 564 12 633 765 37 315 171 268 371 353 115 733 416 632 63 981 611 845 419 436 671 869 720 400 704 280 702 139
50 587
365 561 184 425 23 36 651 624 895 409 658 411 335 499 439 215 497 842 487 99 644 634 883 975 532 801 214 793 906 369 11 25 481 64 313 131 385 758 36 46 13 587 387 718 522 328 88 496 119 259
971 478 733 67 464 574 137 965 794 448 729 793 294 763 466 562 482 146 727 504 867 768 888 753 231 677 915 894 965 496 172 139 305 116 206 302 185 355 926 323 259 200 617 955 848 38 466 680 10 80
50 853
694 313 574 302 863 93 470 497 444 600 516 794 250 847 464 891 271 183 193 98 601 199 938 11 878 952 603 687 607 744 849 884 510 295 403 742 87 971 791 864 707 750 588 838 239 920 836 865 559 20
78 269 881 247 502 784 545 383 73 362 780 724 793 658 310 652 890 28 654 618 73 648 277 878 400 994 229 565 315 760 247 234 848 281 937 153 374 927 95 448 565 947 422 654 384 746 245 220 573 669
93 976
388 63 968 509 589 244 851 19 195 582 784 575 731 57 289 665 933 725 929 224 178 881 370 279 424 200 383 514 27 989 20 391 616 628 74 73 965 566 287 696 891 236 709 79 343 78 167 846 849 867 999 51 821 205 946 196 249 296 234 890 756 698 169 968 150 79 507 242 363 139 602 66 288 939 556 59 416 204 574 952 652 517 6 595 451 751 848 369 997 390 233 328 398
917 831 648 752 192 842 221 175 75 132 988 546 944 19 832 78 663 1 277 726 980 149 887 340 609 362 651 163 291 240 361 666 783 522 907 625 225 646 684 100 944 435 57 57 575 851 774 850 893 800 574 228 741 317 164 471 68 228 329 277 566 353 130 764 936 381 3 765 810 156 598 28 460 343 593 665 209 3 342 100 897 665 304 76 922 667 327 774 874 156 22 353 585
9 891
525 849 633 68 409 127 94 204 86
379 654 893 552 141 603 177 764 292
10 710
362 58 105 367 535 92 258 77 942 219
512 802 616 952 145 884 347 498 361 206
30 632
553 469 599 918 648 960 688 135 245 186 903 360 855 868 174 520 573 831 332 723 419 656 164 798 80 929 919 59 638 399
235 567 2 691 734 368 833 687 442 496 672 183 859 120 511 964 137 870 995 721 729 471 185 399 52 41 773 942 368 612
60 455
685 451 589 531 612 591 389 490 877 743 859 476 984 396 633 400 785 549 30 956 108 821 797 494 64 59 88 573 551 608 967 780 221 495 444 960 127 477 683 152 667 213 950 191 984 420 382 656 662 806 593 426 261 882 260 470 697 358 445 115
565 453 199 852 842 898 417 582 928 166 105 170 571 670 929 146 998 931 793 336 402 953 96 736 782 2 198 177 723 695 949 917 923 701 305 431 961 392 366 618 356 808 650 389 854 15 1 977 314 45 166 232 851 621 551 211 391 938 198 564
98 784
129 657 179 131 595 947 544 423 537 617 635 312 709 501 816 941 920 695 207 614 757 873 687 992 378 231 857 133 796 657 164 212 919 165 162 746 515 959 225 134 91 966 949 211 129 998 600 626 620 195 282 35 340 995 692 745 303 619 981 935 542 681 29 334 923 741 893 832 194 664 624 51 592 174 441 559 763 316 921 519 252 396 82 956 527 450 339 436 850 323 497 719 705 593 787 50 39 985
670 192 189 600 226 58 47 616 989 638 216 267 290 60 222 61 407 981 753 358 452 147 854 724 313 477 192 858 628 324 355 864 976 399 134 16 235 588 387 991 444 393 588 703 692 338 775 963 754 747 360 557 576 900 627 353 394 331 929 439 856 813 698 515 508 80 892 45 856 870 170 287 478 891 476 62 68 157 463 452 269 11 905 727 475 710 81 59 423 512 320 296 393 365 122 331 36 713
59 610
145 283 518 259 355 635 438 914 466 401 539 319 947 336 505 576 47 103 835 748 291 180 383 398 938 947 790 226 509 150 368 158 599 641 718 160 309 464 991 246 148 645 540 688 814 844 940 429 850 469 515 59 154 731 352 410 453 434 863
498 490 506 254 286 193 216 763 61 171 85 750 479 972 947 324 298 585 668 934 298 849 226 856 619 182 72 665 715 757 343 174 801 824 767 903 90 76 471 673 940 368 649 904 461 704 158 207 825 450 516 912 728 590 257 538 236 872 822
40 490
930 779 785 215 547 896 749 613 891 75 351 515 633 196 2 664 135 833 22 43 185 860 830 826 914 661 207 78 134 365 703 460 495 448 920 32 110 640 478 196
181 69 215 186 691 206 748 637 60 260 501 599 465 17 558 149 226 704 782 71 839 454 65 29 880 206 50 340 478 923 972 150 659 466 642 961 719 824 238 875
31 526
813 702 298 606 731 336 193 759 159 454 102 665 639 654 525 426 133 49 49 396 994 874 421 120 830 219 404 943 163 29 753
81 611 448 145 285 335 6 823 707 957 708 170 462 475 963 653 114 98 388 108 299 502 140 751 828 393 921 204 529 552 644
53 897
36 321 522 558 493 344 919 676 75 257 869 150 531 440 771 423 949 633 557 152 844 733 618 849 186 768 67 511 87 964 944 987 785 841 521 700 66 136 957 4 593 700 650 822 692 51 915 804 161 440 322 86 639
591 595 949 156 863 976 482 114 504 556 730 793 85 420 837 321 365 355 581 188 52 731 863 139 558 433 329 814 947 683 488 991 777 617 877 84 117 52 177 110 826 609 246 643 772 874 116 166 553 121 49 153 991
90 249
420 481 611 782 374 965 70 582 849 145 124 428 780 918 352 242 394 91 130 588 474 981 306 226 866 701 273 724 872 553 622 650 826 491 52 493 817 773 107 623 829 812 724 520 96 360 574 756 868 760 624 668 420 350 988 596 373 597 200 240 527 615 770 166 324 636 579 229 814 326 183 377 730 889 190 745 2 495 916 751 325 783 651 624 119 133 562 155 283 693
701 194 589 787 188 100 706 491 392 401 24 153 95 412 633 85 148 141 551 747 613 677 517 157 128 185 321 255 988 267 437 769 935 257 32 152 269 281 923 258 805 53 569 847 291 281 7 202 64 359 791 16 385 410 883 436 560 691 898 213 581 607 999 223 698 832 530 48 788 289 740 433 158 693 972 600 387 445 200 377 911 617 100 355 976 680 721 272 839 358
11 839
735 726 190 12 602 85 860 744 234 188 915
616 362 16 63 700 209 100 416 925 593 51
94 445
66 600 903 205 80 239 137 702 564 739 242 108 731 9 575 772 918 971 575 206 926 745 794 693 664 226 370 580 609 666 2 936 4 24 517 926 845 630 238 112 333 153 79 27 819 891 498 949 357 473 152 954 406 421 811 516 612 523 446 770 537 217 70 508 19 116 141 710 237 27 965 931 819 196 992 883 939 767 713 808 448 367 736 603 475 753 856 501 179 571 110 229 83 240
982 120 276 546 247 148 96 275 279 471 495 33 284 918 42 708 634 281 76 863 138 826 927 524 877 80 851 677 577 46 630 103 538 451 747 723 700 190 643 156 644 586 314 244 64 231 433 273 403 32 291 297 555 571 627 515 160 195 729 469 304 56 930 546 463 478 743 480 678 568 953 969 461 210 803 323 245 361 116 301 887 837 201 598 889 813 480 580 760 992 542 239 76 919
80 645
108 151 687 792 48 401 63 431 438 219 53 554 952 858 758 810 881 635 120 619 536 914 863 899 992 478 741 773 26 820 983 879 996 544 684 461 192 245 193 700 807 482 495 345 548 693 345 416 841 78 801 610 643 851 870 23 145 282 813 973 716 6 327 469 548 761 547 938 948 25 601 641 851 582 251 535 647 267 465 607
464 974 97 93 968 975 807 478 882 287 466 207 97 183 573 358 832 478 154 509 949 118 365 301 846 269 126 443 699 632 690 225 187 448 22 609 951 593 573 293 261 458 222 927 269 395 610 354 148 389 540 709 928 830 58 205 653 608 334 439 399 152 555 849 122 879 761 107 568 925 352 109 558 647 328 20 85 219 613 503
17 90
424 821 185 576 673 481 530 238 193 539 455 482 902 90 30 318 665
895 352 556 918 722 247 711 142 726 577 73 689 32 397 825 774 538
76 686
725 318 716 941 251 675 608 688 375 306 139 161 357 626 912 506 575 945 771 264 408 600 425 888 162 830 691 813 798 583 667 235 812 101 523 994 657 727 504 397 969 210 147 292 412 188 5 279 935 675 879 187 89 754 203 798 46 293 709 600 496 660 127 793 610 906 158 26 466 183 565 475 929 861 457 981
643 519 925 231 572 181 827 589 350 41 941 271 922 380 920 566 561 615 839 686 706 851 749 309 380 449 734 694 128 256 298 974 161 705 333 705 376 120 341 916 742 424 165 524 682 299 864 963 250 125 358 70 696 716 86 653 892 596 758 490 8 475 628 239 790 553 158 166 298 740 228 526 526 126 77 149
94 107
393 804 63 433 804 226 468 343 632 697 885 328 887 945 177 198 137 57 491 232 662 869 319 445 571 839 470 561 180 212 53 651 835 372 89 651 345 348 679 688 12 628 566 566 939 326 555 368 176 628 49 843 700 711 146 761 276 563 849 827 447 795 811 201 762 27 745 945 123 931 798 309 390 390 189 195 441 922 388 148 806 624 47 533 822 310 261 980 547 838 635 547 999 388
287 903 590 668 728 973 615 523 418 59 610 754 923 453 147 362 191 736 596 201 740 971 54 806 765 144 284 50 833 389 457 46 533 522 800 262 600 493 308 218 272 783 456 303 964 112 691 901 467 444 537 539 322 714 850 161 428 900 441 240 985 203 130 785 339 972 70 546 746 148 302 18 707 166 641 533 384 260 609 504 768 299 339 399 837 261 515 991 796 758 136 33 640 964
19 772
664 764 95 829 882 767 284 920 602 5 697 526 192 274 524 597 463 488 695
575 740 313 754 726 760 615 597 59 177 115 893 460 924 472 927 909 805 45
66 839
751 377 151 831 94 518 871 683 590 930 656 479 817 50 256 871 728 771 450 726 69 980 390 162 419 19 836 106 272 207 604 346 900 256 727 148 825 61 925 828 241 811 850 249 268 785 146 186 756 827 528 851 530 595 132 489 488 506 215 543 293 287 718 768 33 320
459 733 187 281 368 439 467 550 771 314 670 254 326 272 141 1 335 922 933 719 592 412 723 944 476 646 212 772 906 670 843 539 519 473 602 871 63 778 931 669 276 296 309 399 318 119 68 906 552 250 150 830 65 139 121 936 191 434 725 746 880 46 538 15 316 226
22 476
807 934 176 565 170 10 946 270 806 582 390 463 867 73 433 620 861 803 725 451 371 109
858 641 34 560 765 470 696 806 754 595 399 109 257 130 5 768 50 31 529 177 816 954
99 738
965 319 886 157 659 157 136 438 207 939 488 429 783 529 784 276 259 898 582 636 795 462 246 621 504 621 597 615 473 385 118 377 781 550 832 368 317 714 948 111 504 398 478 344 146 125 141 489 536 45 631 508 12 398 921 970 98 438 892 577 524 121 239 199 506 971 434 449 315 261 262 131 902 345 296 791 7 170 285 316 182 631 787 923 433 927 906 36 57 999 995 591 194 872 384 878 103 65 628
777 981 275 723 773 338 905 790 121 546 953 521 238 59 568 59 151 991 420 565 430 764 781 730 341 600 628 57 422 78 671 694 29 692 812 577 502 425 510 678 706 79 238 78 309 411 42 853 989 925 124 543 939 651 873 112 979 302 720 956 812 628 730 534 400 392 394 185 527 260 137 485 44 794 973 480 968 319 599 786 482 160 815 682 373 470 385 744 632 757 335 88 421 911 737 794 316 469 262
8 456
726 756 943 899 286 160 233 7
544 243 248 758 701 672 426 416
100 908
676 620 769 762 860 973 752 796 912 802 198 20 577 145 470 583 437 882 183 533 371 389 743 123 531 759 936 790 688 432 960 584 486 777 383 545 11 824 996 900 14 848 647 311 128 21 964 886 975 21 576 138 9 96 342 665 210 973 453 682 902 766 129 281 483 525 88 262 41 540 973 201 423 151 648 18 815 668 109 890 617 326 64 151 602 387 895 397 790 892 595 607 977 783 659 759 946 629 681 584
147 119 424 100 772 123 552 304 400 79 188 729 336 200 688 888 338 813 348 716 417 69 457 128 658 929 176 653 193 763 94 367 592 815 733 639 808 656 767 295 305 479 457 813 719 681 374 220 895 431 973 203 903 162 989 572 910 434 526 864 253 53 511 133 95 665 377 475 59 715 597 523 618 695 294 920 319 92 648 181 498 202 828 384 723 238 101 564 535 318 915 879 372 43 409 602 941 176 906 811
53 653
142 741 544 475 777 564 189 399 856 647 182 747 38 102 909 312 294 77 922 214 467 320 827 331 759 364 766 930 586 344 721 697 557 935 911 816 212 802 266 62 223 304 354 127 441 902 905 183 137 806 866 710 920
459 722 210 735 216 323 32 947 258 518 526 967 468 570 82 169 4 387 56 760 272 667 425 51 336 336 236 121 957 275 897 971 302 414 447 193 198 223 324 828 177 232 315 738 795 602 668 283 938 455 818 464 68
4 537
512 826 779 384
426 294 584 309
40 312
297 94 234 585 173 394 598 582 822 723 701 532 782 174 588 795 621 164 308 869 653 20 793 996 289 419 576 231 954 522 461 653 391 283 407 240 712 629 794 782
466 958 483 543 340 877 249 567 238 244 540 488 731 730 472 146 865 512 967 871 542 968 373 347 244 808 297 602 929 409 429 704 576 79 480 17 454 915 395 781
57 111
265 131 810 38 684 727 394 421 571 670 114 449 498 880 880 991 903 931 724 707 615 763 860 186 451 159 551 368 807 186 575 645 93 11 104 753 209 416 673 524 288 741 415 816 108 510 252 661 603 507 844 546 604 531 615 877 795
30 560 564 234 40 392 56 480 123 773 986 625 854 71 275 673 378 450 635 604 553 63 236 809 591 694 522 760 492 339 371 899 763 668 619 604 476 550 387 813 656 509 866 689 801 74 483 96 159 499 661 354 463 217 80 771 986
87 204
587 736 315 823 697 912 712 925 139 493 338 539 470 348 53 60 379 288 418 121 742 915 259 123 540 84 792 814 594 706 607 835 901 823 717 825 714 762 887 71 436 805 121 276 121 847 917 341 324 463 788 242 67 940 170 792 822 621 900 934 187 124 543 906 956 45 78 773 249 487 837 68 441 678 99 102 524 272 265 27 53 527 268 501 3 831 876
123 402 641 256 887 690 611 296 677 973 149 668 438 233 622 536 486 704 794 564 131 926 476 911 763 30 370 679 237 246 395 525 735 909 567 716 735 195 655 876 598 242 170 366 695 269 840 370 905 408 972 675 60 263 870 683 205 652 387 559 616 485 970 44 858 885 825 901 120 708 366 99 268 520 611 589 436 563 262 262 794 326 53 684 187 926 179
79 151
761 758 69 711 719 76 426 697 500 940 208 194 121 784 339 17 940 647 102 447 916 938 987 576 881 849 510 265 182 719 199 587 11 685 421 766 956 200 893 171 108 176 422 196 243 352 529 402 832 659 160 238 161 190 886 615 846 487 958 850 96 273 532 156 746 549 669 795 653 419 151 30 847 856 626 982 996 930 48
396 369 298 528 36 277 382 81 134 643 416 777 767 646 248 825 306 393 276 11 250 73 641 50 803 897 244 92 491 442 48 198 976 2 49 595 580 391 946 700 943 26 31 786 26 280 19 711 537 324 347 977 453 661 590 953 614 165 821 543 664 60 845 696 167 442 417 375 90 732 477 31 817 598 746 581 359 230 446
51 445
81 40 539 504 15 736 65 700 346 941 69 739 648 541 441 678 6 804 469 743 132 195 115 804 635 302 727 402 659 200 876 601 366 77 856 124 657 769 158 559 654 590 904 763 699 79 535 769 471 701 181
634 820 107 924 877 326 615 719 71 870 521 503 102 671 354 344 59 157 716 611 434 223 877 845 160 886 112 648 63 701 524 761 489 556 709 549 893 258 218 666 689 649 586 24 430 38 520 342 912 205 833
77 380
81 857 877 755 93 60 489 227 327 923 143 942 605 447 983 652 38 391 209 764 761 335 962 170 80 65 545 385 531 719 54 529 260 372 941 900 680 435 556 804 206 815 434 714 948 269 313 489 261 567 739 2 772 575 841 407 310 386 556 967 461 233 860 893 385 756 608 712 315 948 643 207 746 540 5 322 457
653 753 294 801 705 605 104 705 385 728 857 653 668 805 476 992 668 724 873 613 553 367 283 70 929 19 358 572 929 947 547 870 253 656 523 19 407 652 211 778 30 962 997 547 940 517 563 500 761 827 455 120 572 866 933 272 441 766 27 579 691 118 30 921 124 256 12 189 662 601 565 249 292 959 828 34 410
72 706
390 34 251 529 291 273 810 912 70 808 278 396 16 328 40 548 815 55 409 175 66 359 800 439 186 661 628 970 624 264 193 189 955 147 605 232 816 336 527 246 316 373 398 991 824 681 942 254 441 553 699 722 281 906 756 521 639 704 839 873 212 445 331 553 369 926 236 798 406 136 457 709
64 930 544 591 280 594 347 900 822 813 536 412 519 145 662 315 530 182 382 734 856 755 564 508 893 75 452 222 870 278 202 138 200 24 975 267 196 840 998 601 718 686 983 352 784 900 947 216 456 953 535 180 513 49 559 337 400 462 36 434 278 735 65 64 952 949 935 713 408 370 172 2
12 319
665 905 687 668 770 123 21 635 166 579 704 923
950 155 28 720 878 173 667 18 751 378 755 747
7 340
906 43 398 846 347 514 259
131 878 599 949 292 764 955
63 81
80 312 326 521 743 731 184 359 856 364 696 970 163 594 847 425 413 484 369 127 764 179 230 884 248 374 613 665 214 460 622 315 283 960 456 56 628 741 52 484 675 940 126 607 572 1000 652 498 150 666 144 570 424 708 159 708 677 433 412 217 349 459 65
884 9 988 763 896 349 87 124 804 243 491 792 166 192 990 602 658 977 548 782 929 340 585 129 457 420 789 762 810 55 48 417 655 370 885 616 430 271 559 553 607 31 732 659 415 169 762 742 205 572 108 650 550 731 815 352 763 414 316 768 248 830 160
85 725
921 445 701 54 473 961 30 20 295 631 960 7 974 634 632 775 582 814 884 582 929 666 205 1000 306 477 124 632 427 228 95 335 629 683 982 611 210 547 783 629 618 163 48 205 967 791 959 312 458 985 504 445 478 235 74 936 748 841 901 446 249 974 602 820 64 970 510 491 771 818 707 146 672 833 632 94 598 200 170 949 130 69 748 692 430
143 592 105 130 965 183 921 281 381 371 601 57 587 437 815 943 981 297 626 851 226 919 993 653 310 272 421 86 506 655 458 404 944 322 974 2 803 125 828 549 166 423 341 273 332 828 537 842 289 149 434 1000 516 228 459 625 166 261 442 779 620 704 595 133 157 931 123 369 241 544 544 910 456 913 362 343 292 310 612 371 919 997 762 875 438
27 953
151 468 931 638 387 305 244 201 959 543 427 739 462 39 719 316 249 228 752 29 434 367 866 562 790 192 119
683 381 426 44 569 377 549 462 211 932 722 746 735 949 813 600 807 334 580 90 316 407 114 185 370 602 842
38 988
991 300 319 764 690 964 971 824 858 399 687 948 970 616 189 917 208 883 666 188 541 459 243 729 673 952 585 81 165 771 324 599 9 779 507 91 514 522
65 102 503 693 621 986 661 132 778 88 641 216 593 599 876 855 386 31 668 206 465 692 39 357 291 218 813 244 906 41 228 950 524 922 527 558 198 462
30 773
299 237 684 266 513 531 95 119 723 314 821 713 456 423 183 200 331 342 632 807 477 898 83 476 441 176 139 235 677 645
492 827 964 456 421 10 904 156 286 389 879 210 234 51 181 814 105 5 140 642 344 324 447 976 367 318 324 2 579 991
54 719
365 870 506 773 282 864 108 178 166 680 212 165 129 690 525 268 242 462 42 202 611 566 637 583 722 260 817 760 805 455 720 995 914 149 778 419 578 888 989 79 310 792 358 116 423 522 886 864 633 269 561 321 823 405
471 208 135 4 192 743 991 649 635 55 134 795 504 56 881 657 235 863 599 405 623 451 577 970 959 443 972 518 938 833 765 630 137 398 554 888 266 826 868 481 968 614 333 415 918 835 562 945 952 598 941 419 828 40
57 764
275 647 41 30 751 984 339 468 187 420 218 996 754 154 455 7 390 762 485 520 992 715 166 550 74 75 429 842 513 104 66 522 996 228 718 164 607 679 981 76 447 620 520 66 152 213 398 940 615 293 681 406 199 806 69 497 54
765 406 981 789 95 410 539 246 678 543 205 567 924 962 385 460 443 779 402 329 334 455 331 350 649 225 734 994 225 911 472 613 267 111 787 883 961 340 347 778 708 237 70 680 712 78 399 212 466 103 916 452 687 527 198 173 243
73 929
783 163 798 244 188 572 473 974 832 182 816 131 434 85 860 369 847 205 640 83 830 577 221 432 456 557 415 266 678 748 111 319 921 734 580 656 827 338 847 895 92 49 847 644 642 994 675 979 874 222 175 667 577 369 916 384 77 613 322 221 371 923 691 504 511 705 385 477 635 263 939 291 353
566 27 656 548 926 938 190 46 551 331 671 122 441 566 529 619 320 606 645 75 696 434 786 724 374 954 982 625 77 245 252 797 930 822 968 101 235 411 803 823 321 15 486 99 722 835 750 380 114 548 790 24 9 541 344 770 135 956 7 551 954 144 725 793 2 757 385 501 309 108 188 298 907
63 454
711 713 219 479 966 584 741 507 794 856 807 506 690 999 584 938 736 1 132 95 502 882 272 612 179 548 777 495 953 98 270 488 694 850 312 875 803 858 609 712 819 175 20 815 792 31 920 697 657 713 493 71 864 621 444 480 216 883 949 396 336 669 839
924 320 676 777 658 759 959 661 922 864 964 223 505 903 502 205 998 446 579 611 513 135 909 543 286 377 674 333 694 280 2 843 134 911 547 577 701 427 946 616 551 620 701 14 865 891 431 111 5 719 453 210 407 171 477 511 788 697 274 338 924 298 590
52 797
707 30 944 918 869 789 229 716 597 38 866 454 858 905 578 222 203 942 877 99 881 531 166 67 253 86 86 444 582 730 744 425 14 386 750 235 363 330 487 430 514 886 324 63 83 562 66 332 970 507 102 273
997 960 61 853 862 413 619 556 236 670 513 601 32 393 108 891 26 57 991 999 97 856 57 44 130 347 733 495 716 495 784 493 215 737 806 64 356 147 602 892 233 914 994 964 171 267 711 917 234 245 456 670
92 601
154 798 919 909 538 445 161 920 918 642 123 54 625 136 398 122 893 392 77 857 418 497 874 339 713 669 689 548 908 119 232 398 848 734 586 956 241 981 70 959 511 524 731 529 336 408 821 912 168 18 543 637 51 696 476 985 678 200 477 438 255 127 955 831 952 483 543 807 742 393 927 146 316 552 33 577 611 721 371 850 220 438 479 68 424 834 144 136 154 906 5 563
160 734 984 245 375 974 509 374 8 334 514 926 427 690 810 600 778 494 187 44 204 288 620 322 852 965 362 439 202 944 957 238 287 529 480 477 220 248 419 60 662 784 490 120 472 888 57 474 702 9 895 753 24 973 52 746 932 426 582 595 328 807 191 463 572 716 721 479 487 911 62 369 699 62 330 718 682 630 441 285 705 309 552 982 547 652 770 909 917 810 459 828
75 997
909 294 52 19 528 959 687 677 697 502 590 289 411 816 742 828 246 824 361 655 762 217 309 326 667 422 813 920 522 480 156 27 471 53 728 559 233 3 793 664 811 386 219 339 544 324 998 769 731 983 425 820 698 257 536 293 217 906 460 947 664 791 724 16 794 44 182 626 54 869 907 579 186 204 773
502 895 778 478 67 501 967 35 371 714 910 779 985 193 315 718 655 8 673 33 294 338 543 786 452 590 319 466 452 475 72 951 469 278 732 148 340 170 780 74 939 697 45 77 208 928 810 444 347 85 484 684 550 660 921 850 432 205 599 557 162 236 553 199 371 125 580 880 124 800 953 313 846 34 187
76 363
874 781 779 353 182 657 153 688 706 35 754 76 31 852 103 266 457 647 27 974 320 240 183 995 136 292 149 247 809 646 782 137 766 490 613 295 759 337 861 765 865 901 567 57 779 489 682 267 791 298 945 880 323 596 46 922 176 493 593 902 758 780 54 599 397 371 703 55 362 839 108 404 352 828 157 287
148 604 426 848 400 798 702 754 798 390 640 910 332 527 966 747 497 617 275 656 628 598 664 485 428 450 312 906 128 919 597 199 871 982 200 669 294 85 370 59 538 366 384 752 715 424 206 814 264 233 604 933 796 118 179 723 586 182 600 281 130 24 574 201 845 562 577 995 775 918 946 103 271 373 838 905
95 286
644 348 272 869 956 929 401 31 910 275 681 706 244 998 104 562 271 490 204 148 838 674 859 199 85 328 674 872 206 787 416 273 156 966 642 388 692 211 276 254 320 252 347 84 528 667 139 359 934 910 687 433 501 572 29 368 698 80 119 365 472 716 809 421 448 206 393 479 948 561 436 805 664 733 819 948 599 980 899 837 512 869 745 518 535 472 381 828 798 296 491 479 277 783 658
95 45 476 157 293 526 29 507 743 707 50 361 541 155 153 371 256 505 250 462 556 364 473 687 252 529 89 480 947 564 576 598 811 160 258 734 850 933 622 227 137 769 158 217 958 442 434 962 791 29 540 991 684 852 355 364 420 280 149 843 861 904 114 752 395 181 951 672 948 60 473 284 563 692 994 519 138 343 895 326 74 303 716 401 348 261 73 966 45 570 613 133 790 494 788
95 198
588 76 840 86 953 21 588 181 893 515 45 255 310 910 894 773 208 378 505 474 239 686 646 831 970 44 875 150 396 365 225 535 416 495 752 646 881 313 700 173 632 15 275 838 829 177 374 497 686 353 610 597 371 282 182 825 989 824 411 61 175 191 845 986 819 12 829 443 730 231 595 242 452 246 755 247 21 689 524 247 898 975 687 656 921 798 173 804 695 316 386 579 530 862 718
498 512 377 73 583 168 408 642 689 165 244 226 37 170 376 64 563 371 669 362 979 58 444 122 946 145 921 78 222 744 553 179 359 497 978 783 197 570 320 432 654 360 348 937 67 277 724 907 242 100 486 791 263 262 789 66 552 482 685 799 587 818 975 64 988 772 990 993 854 338 383 986 753 644 38 894 507 292 841 501 800 988 402 569 515 855 25 347 849 229 776 156 428 857 294
23 36
246 934 48 768 298 987 541 999 117 997 430 817 696 867 43 211 980 433 111 422 888 462 781
100 811 738 890 64 957 958 26 767 962 701 564 88 677 165 479 257 707 128 757 178 402 78
19 932
482 976 377 545 94 86 900 211 173 678 587 211 173 817 441 382 175 35 927
337 828 867 97 339 255 476 927 552 166 347 529 422 163 223 821 63 463 158
77 938
341 836 854 796 123 871 532 736 795 759 588 729 327 21 838 912 335 793 848 381 315 806 874 204 454 332 453 601 793 276 277 600 721 336 685 733 847 176 408 242 619 304 917 332 804 629 861 44 499 630 129 424 441 720 191 723 549 2 334 686 867 896 381 151 119 426 693 2 229 897 702 376 366 959 58 259 500
820 159 198 813 272 62 229 52 815 618 788 757 46 380 369 994 737 925 617 113 764 854 231 793 824 934 874 422 766 267 729 900 653 751 942 88 259 589 395 744 703 725 901 645 353 363 517 345 651 32 362 241 104 45 317 914 723 956 813 413 596 734 609 386 856 688 910 833 450 144 707 812 774 381 452 176 282
36 194
978 678 231 940 196 309 725 92 732 475 392 27 314 57 692 582 70 776 723 621 982 28 964 58 897 236 854 847 462 371 74 894 196 963 187 443
633 562 399 164 831 496 257 419 696 502 338 331 416 78 250 951 434 913 932 311 241 735 626 603 17 239 760 673 193 877 312 910 497 21 437 423
61 298
861 303 825 808 584 332 850 245 34 160 815 343 519 874 401 847 174 410 253 516 173 571 576 931 833 56 971 657 72 691 947 670 516 703 752 578 376 255 919 79 217 51 250 823 595 109 834 413 81 493 480 48 657 641 492 939 966 819 628 69 3
827 556 49 24 254 994 724 856 651 848 734 983 816 186 909 494 345 728 801 857 979 8 599 376 287 150 631 348 554 974 259 570 470 951 89 410 656 393 965 119 354 943 135 347 100 2 300 640 510 332 154 28 32 171 277 705 486 641 156 565 105
34 519
810 787 880 688 358 666 449 716 872 705 749 593 462 467 436 334 670 798 502 873 259 332 947 360 272 634 194 352 795 305 131 827 405 886
470 281 686 859 983 758 571 911 503 845 525 536 270 715 151 322 830 869 958 549 212 857 148 234 984 697 981 35 261 655 439 842 123 105
17 946
657 835 705 865 138 57 60 349 948 307 882 46 200 943 36 626 163
128 401 418 19 31 998 97 325 988 213 136 912 400 511 405 756 518
23 993
816 630 87 969 443 496 90 76 535 558 564 730 925 330 755 71 312 789 498 626 429 927 404
28 704 522 428 108 573 752 393 838 653 577 240 350 439 343 566 813 20 424 830 751 415 59
