69
1 829
346
180
88 918
867 604 317 426 957 428 591 423 244 856 758 953 767 945 23 6 152 277 140 591 257 808 49 448 878 949 681 748 972 459 304 41 801 546 245 482 174 193 414 157 982 59 243 122 534 397 416 307 250 835 526 592 792 526 547 672 300 782 231 710 243 77 418 205 327 732 126 473 740 451 108 415 24 869 417 808 477 675 62 302 266 353 5 31 438 21 571 599
860 195 252 262 946 301 77 283 137 611 388 205 796 600 221 943 46 138 522 104 209 872 228 133 628 143 299 112 132 76 186 653 224 352 582 147 807 105 847 872 189 537 29 47 655 822 380 183 648 521 483 815 245 908 596 374 295 68 594 691 65 637 17 683 788 179 363 847 791 996 673 639 727 690 592 530 672 586 409 858 430 988 617 529 529 959 582 619
24 664
55 463 930 271 96 967 412 203 441 793 397 478 170 304 251 846 873 112 316 879 853 946 918 82
88 614 845 631 527 566 43 500 35 640 550 316 718 728 621 922 463 596 294 971 257 633 105 30
11 701
451 820 743 39 301 565 216 577 877 968 101
565 53 457 805 333 839 243 108 778 580 744
33 713
453 19 42 3 883 471 589 999 885 643 861 64 373 593 514 569 531 618 325 577 452 571 311 969 204 168 898 792 53 366 993 445 264
873 251 372 438 598 384 889 132 563 596 514 327 10 46 378 187 657 915 934 515 285 491 529 603 805 45 452 311 341 930 291 875 128
44 997
96 848 565 282 380 932 607 960 872 746 446 178 379 351 32 892 288 484 862 59 720 14 389 318 179 811 792 374 118 164 217 69 116 125 752 534 409 126 343 843 263 28 285 65
750 592 498 239 307 385 858 435 618 153 152 8 942 896 229 348 285 22 788 129 26 239 54 463 538 860 922 257 700 570 782 278 333 259 588 101 27 661 124 142 151 923 627 345
16 430
278 289 737 511 231 2 781 945 666 667 360 117 835 130 341 412
80 579 726 358 583 428 459 53 402 947 470 725 259 278 972 843
38 443
56 460 399 595 615 857 256 622 971 265 474 546 593 886 625 751 881 677 200 884 346 712 320 442 475 849 609 995 570 713 428 353 305 785 901 148 884 365
612 983 388 645 829 461 487 120 72 634 962 59 253 975 927 960 495 574 84 953 269 464 901 102 824 44 427 115 286 712 255 637 118 207 820 667 241 487
64 838
975 681 88 160 738 515 733 224 655 810 287 942 925 228 600 405 112 365 83 949 818 961 393 17 242 709 662 550 702 555 61 730 643 543 312 550 599 734 10 797 566 685 891 929 575 795 676 234 424 548 285 263 968 778 605 270 352 759 212 349 815 323 717 652
791 993 857 622 771 405 123 797 364 951 402 570 35 2 92 120 849 266 166 620 193 171 957 905 250 63 400 332 98 347 564 497 391 889 556 76 267 419 744 356 189 968 741 794 818 925 986 126 957 400 426 945 383 541 921 707 706 645 682 391 252 796 72 915
10 15
13 304 187 601 635 586 645 587 212 783
118 251 919 798 353 580 609 210 611 714
47 187
358 698 308 279 184 385 399 378 156 81 244 695 694 961 482 815 639 666 290 810 771 941 879 367 9 909 93 897 172 834 325 587 340 420 177 877 351 46 133 411 159 307 552 413 889 329 669
805 53 324 929 355 283 725 465 17 800 678 782 63 236 230 810 898 850 521 431 769 660 121 116 801 545 459 325 318 15 217 453 666 201 733 711 500 101 971 20 788 282 682 641 52 803 549
58 359
996 686 202 408 380 251 567 350 351 974 900 629 341 121 856 3 779 20 105 12 818 167 233 550 362 771 840 162 691 851 433 562 162 771 298 948 701 773 794 759 820 125 820 879 682 813 675 792 91 308 877 985 329 64 506 820 893 205
360 721 321 650 854 540 387 599 242 837 816 446 503 757 907 21 504 601 454 831 920 705 879 216 347 173 576 403 21 376 534 538 622 541 450 772 639 786 510 507 836 6 520 655 809 421 583 60 744 588 12 168 941 525 501 259 670 56
87 480
725 756 796 115 795 581 46 525 381 433 118 94 995 851 870 26 933 146 129 587 315 431 676 216 303 520 543 929 67 878 559 981 995 770 169 839 315 200 32 701 371 806 791 784 719 420 86 193 905 94 839 172 867 884 241 185 995 924 129 512 742 632 208 907 445 981 23 577 334 14 839 432 909 781 888 911 614 410 167 194 626 517 604 29 65 867 687
894 722 963 959 346 10 979 407 44 28 929 221 838 27 630 73 92 93 386 366 709 358 526 863 614 895 642 759 837 417 947 246 973 215 266 494 754 687 697 482 674 52 621 620 143 428 292 852 620 734 887 755 900 697 947 582 570 987 903 256 70 949 561 825 697 275 14 38 206 711 102 728 994 279 595 620 276 538 315 826 155 752 740 492 714 955 432
63 879
109 384 533 954 443 420 975 343 581 986 710 723 426 878 808 97 771 341 322 474 952 75 70 891 842 877 299 966 994 989 144 574 904 994 828 919 892 670 849 227 48 941 259 771 980 592 885 415 20 653 108 703 189 369 668 997 358 124 74 512 487 707 894
533 180 35 247 863 400 397 82 807 583 739 229 589 85 599 998 125 305 638 875 225 753 294 918 349 95 521 49 654 505 508 741 173 45 166 776 686 882 342 264 562 234 239 656 400 12 374 725 205 113 370 220 192 615 402 870 560 643 112 290 601 642 91
50 236
161 31 223 392 894 323 329 753 442 570 787 412 705 167 299 558 631 306 780 128 985 666 126 933 57 369 864 319 56 515 556 867 712 884 448 317 699 69 515 661 489 147 422 692 86 738 506 696 746 525
523 477 126 142 940 352 350 905 775 20 425 18 413 425 393 307 337 776 262 958 626 972 849 278 109 497 153 737 790 544 940 660 458 966 673 861 731 607 864 429 843 854 156 303 300 772 66 927 779 863
26 766
65 87 204 739 407 618 826 592 448 869 140 605 587 507 828 265 578 983 648 857 70 665 28 800 976 329
533 422 623 432 519 569 238 693 217 685 68 442 809 424 646 138 708 360 75 739 618 249 158 199 214 906
69 211
619 677 296 1000 738 804 492 628 842 955 742 80 853 940 922 714 843 226 60 431 448 776 287 534 799 446 66 695 706 876 372 515 754 52 329 599 413 700 720 374 204 904 246 528 55 101 762 434 724 780 481 751 614 862 123 870 495 469 898 523 309 853 978 533 741 623 401 161 884
169 526 171 303 482 177 556 551 459 265 334 5 894 746 418 733 191 986 173 594 317 369 222 465 810 201 992 340 423 641 875 357 918 330 282 374 967 313 943 302 466 680 125 879 527 640 414 858 527 871 200 938 595 810 857 907 204 285 677 600 662 278 543 389 935 178 266 287 874
58 985
428 632 107 198 181 726 632 931 502 738 635 667 736 179 444 96 840 16 922 576 503 222 450 161 6 237 867 167 847 297 483 205 187 832 69 118 270 488 480 849 9 65 64 634 990 26 194 929 427 586 431 395 123 31 16 414 963 902
15 438 350 60 672 450 689 270 18 707 854 177 666 380 961 553 268 287 938 143 743 115 251 873 243 190 784 11 621 976 514 261 631 984 51 231 922 938 759 934 726 578 873 460 937 666 389 727 393 669 959 21 159 994 73 57 782 564
83 387
601 184 469 551 713 220 121 17 452 526 263 884 303 765 807 218 702 154 283 169 629 375 634 675 479 137 259 226 811 127 369 738 615 480 63 372 670 424 619 616 926 907 560 613 853 328 800 945 772 453 952 937 561 531 39 864 660 734 81 532 178 555 220 369 89 926 161 152 771 294 719 306 282 814 97 988 426 835 535 356 245 523 625
25 149 467 433 353 467 133 596 455 634 619 277 348 913 91 705 426 969 563 830 512 844 427 505 581 978 812 383 266 753 956 955 757 881 206 135 777 577 194 940 701 472 966 229 592 346 842 311 422 177 813 638 598 106 803 192 107 102 844 878 966 217 897 902 114 465 891 558 410 81 318 789 76 697 691 566 35 178 572 633 766 456 253
63 348
786 120 134 349 986 209 243 241 139 670 338 705 949 82 69 963 373 754 329 854 832 625 637 837 356 301 874 645 383 266 761 505 643 894 956 912 737 556 783 121 731 237 44 102 941 388 645 850 1 932 203 666 266 565 125 977 980 767 823 587 80 210 400
989 821 305 462 252 703 29 372 169 544 413 367 20 955 28 638 804 738 3 714 919 169 449 239 163 664 539 109 101 5 135 820 416 850 837 162 653 283 254 113 388 244 830 25 871 861 209 212 310 818 303 648 915 775 692 390 194 231 893 763 207 275 981
45 422
485 304 771 347 798 438 633 419 756 812 51 814 946 879 778 600 757 505 665 222 636 588 298 551 30 349 782 971 75 370 334 695 41 948 265 444 230 193 577 829 822 320 175 486 50
7 388 594 400 539 386 904 643 651 812 86 990 996 408 616 239 706 352 721 302 796 29 445 804 366 771 350 235 592 614 875 763 984 817 722 22 75 613 211 927 400 851 344 573 385
15 666
599 216 680 931 562 259 398 446 327 383 226 549 85 203 123
491 297 395 256 332 371 482 959 603 819 216 753 669 222 687
77 618
790 248 359 602 659 831 44 512 407 582 785 618 273 234 91 601 495 110 826 657 39 61 848 47 673 885 744 987 729 800 957 390 116 567 142 342 902 666 146 654 817 257 710 35 939 409 617 776 436 445 825 931 347 816 788 333 114 739 64 820 96 494 481 964 753 726 200 408 964 809 62 893 415 568 729 961 794
464 464 577 812 232 673 38 946 610 644 761 465 178 699 228 365 377 24 272 637 270 885 925 292 68 791 552 868 464 242 276 341 501 101 856 760 946 89 914 228 47 704 350 209 608 419 449 656 929 594 857 30 384 170 742 303 501 208 407 838 823 54 927 475 21 102 140 775 380 405 197 925 314 349 246 59 585
41 919
914 689 263 618 160 420 754 925 65 258 354 846 243 689 356 845 315 277 577 896 732 68 25 798 545 372 479 569 581 826 93 429 447 880 907 481 161 697 832 919 679
10 144 758 925 374 578 204 416 780 194 10 598 287 735 795 128 529 496 391 564 550 312 523 400 168 424 501 433 669 676 100 121 360 949 484 196 24 80 580 590 479
55 84
922 795 437 273 89 668 579 188 224 656 656 673 948 960 779 723 897 77 954 79 715 203 433 183 967 709 199 303 444 316 275 494 636 452 197 36 842 660 13 339 826 111 998 953 941 501 981 629 792 958 310 658 593 441 365
310 508 8 140 860 923 343 793 96 325 229 266 390 587 368 642 782 877 987 327 447 957 301 700 603 65 876 589 36 121 222 187 75 972 525 961 815 704 7 199 22 319 49 568 192 434 577 290 132 308 825 807 748 966 830
72 819
971 766 703 939 430 104 519 305 223 485 475 764 323 221 355 279 791 308 228 374 128 881 217 83 688 16 872 553 339 923 864 26 986 620 506 929 578 118 779 128 718 831 30 721 522 859 783 190 364 781 871 349 845 362 462 996 741 54 736 852 37 251 204 201 770 906 673 587 769 152 631 561
477 847 271 805 505 441 543 649 490 915 891 81 478 228 700 856 321 924 372 725 293 109 93 193 233 213 978 206 212 17 446 243 868 661 342 576 424 819 745 447 950 239 406 324 852 874 139 827 710 761 359 169 705 595 67 3 523 228 366 653 970 389 139 577 284 382 154 404 635 827 267 492
61 617
334 100 635 192 392 982 479 706 966 27 824 540 993 49 399 327 725 395 938 426 467 5 88 671 522 139 722 295 170 565 230 975 991 670 188 354 995 716 718 410 266 677 738 700 828 20 138 465 198 706 564 790 774 156 181 754 218 127 748 525 686
826 647 852 743 810 841 16 22 607 477 140 229 282 887 857 640 628 741 844 308 968 77 994 589 656 756 512 190 562 684 978 223 515 946 389 853 237 13 387 248 262 576 734 347 588 567 392 12 175 879 686 935 130 569 310 606 977 2 130 364 860
97 858
765 189 757 510 136 454 798 534 637 922 31 162 876 424 35 297 463 12 223 623 538 130 568 820 758 66 254 980 342 912 598 713 850 182 534 769 583 333 852 2 156 30 503 74 27 994 777 816 99 345 682 960 343 586 869 148 259 153 401 657 486 729 744 404 510 285 366 278 838 352 264 875 595 923 111 130 983 516 624 727 947 569 714 273 781 822 465 74 351 655 499 417 415 490 187 241 502
2 852 313 74 521 875 222 419 679 379 633 390 93 8 442 949 264 150 341 67 565 247 9 455 273 245 431 740 491 358 156 792 595 582 806 530 508 494 72 705 348 840 865 834 285 983 638 945 400 836 958 884 608 344 899 836 637 185 541 696 527 627 155 924 406 651 562 471 792 420 583 3 448 528 124 306 897 155 857 263 533 129 502 812 690 374 513 681 239 208 544 376 448 130 1000 920 731
41 997
476 464 680 630 598 20 22 682 816 694 829 462 890 477 369 18 467 577 464 994 415 3 830 867 385 81 669 916 100 885 800 520 605 729 898 508 43 984 660 998 124
443 532 487 293 852 490 121 851 156 19 4 624 305 645 645 194 376 457 453 505 764 390 520 138 108 216 910 379 295 604 364 806 891 831 277 794 146 90 863 680 837
8 91
792 343 13 92 940 898 493 935
128 190 170 726 393 10 595 87
77 159
100 152 853 405 10 364 89 966 83 505 235 397 481 948 861 163 642 625 323 976 106 697 990 884 506 554 394 672 47 407 505 976 252 792 259 585 150 725 465 366 827 73 991 599 938 396 508 816 642 172 218 252 517 138 487 545 709 420 636 547 379 913 733 1000 352 494 657 860 789 322 56 602 419 81 115 757 596
787 55 994 650 819 422 845 338 979 589 306 165 337 102 990 478 998 784 778 288 224 595 374 305 647 992 174 10 378 971 369 304 676 602 853 333 730 958 882 196 419 499 295 478 93 588 940 358 672 990 754 182 22 644 921 167 865 625 206 4 868 47 158 41 5 303 621 805 314 846 106 105 536 778 259 468 484
95 143
1000 948 654 695 205 109 873 18 667 205 326 548 334 100 680 554 967 802 38 175 559 92 256 316 99 679 831 280 592 296 885 493 569 382 66 988 755 927 996 330 506 753 876 638 688 368 736 491 152 234 260 998 433 590 146 618 461 886 717 61 508 288 14 534 233 396 235 617 642 238 230 221 173 717 105 530 790 933 771 174 980 59 926 392 217 229 35 820 495 725 301 919 656 381 898
31 661 890 563 781 356 602 163 653 318 94 734 394 11 524 325 451 754 380 887 915 789 198 814 47 358 2 226 826 657 590 670 650 828 446 97 825 754 505 764 645 599 172 585 809 118 533 364 235 856 841 700 546 557 3 815 162 926 77 853 360 448 252 372 136 839 442 22 279 750 18 404 477 869 226 775 605 561 69 935 98 500 790 488 939 899 832 919 874 658 7 480 800 720 710
40 268
65 302 839 984 463 155 401 226 988 434 219 675 30 568 813 842 479 745 781 270 411 944 294 948 303 149 301 762 391 630 728 568 872 687 846 572 166 511 583 720
184 651 514 890 324 660 851 759 320 687 767 238 984 111 258 473 522 831 353 915 318 377 227 875 26 67 196 31 575 683 536 933 676 527 609 314 519 329 713 151
57 434
798 737 316 814 906 416 44 442 767 242 860 488 843 463 626 625 228 225 173 289 845 21 114 855 23 979 336 783 990 734 908 746 957 781 182 302 890 842 432 802 30 839 15 773 396 530 286 363 788 903 749 841 838 146 737 824 16
562 263 298 806 301 242 271 519 354 702 661 263 19 652 34 647 87 205 875 450 382 463 343 979 944 554 490 271 432 596 949 362 813 187 825 468 965 180 908 619 455 255 536 804 104 236 469 50 538 21 473 523 777 729 462 385 400
2 874
349 611
925 498
88 801
88 894 619 433 599 594 489 368 637 788 592 503 876 55 133 229 253 495 680 136 505 310 786 70 143 73 881 302 396 343 401 775 558 779 966 741 808 819 139 903 851 324 908 40 595 41 650 953 580 907 200 314 657 345 314 718 32 665 969 970 947 582 436 746 3 188 896 336 868 634 705 737 112 813 912 291 663 226 585 223 220 898 757 141 494 257 491 97
906 671 59 430 4 465 951 912 261 439 783 328 669 323 257 128 136 486 457 802 94 101 497 742 28 359 574 73 750 130 166 901 55 654 426 34 529 124 269 298 128 343 93 499 92 858 112 772 469 314 345 442 530 304 249 222 375 620 944 559 121 110 25 791 63 574 818 607 891 69 841 71 170 740 631 890 910 976 178 891 730 55 138 309 808 515 343 188
63 175
775 812 331 841 331 815 964 538 199 274 963 476 550 450 227 79 610 581 913 583 444 893 192 1000 455 528 728 436 225 928 756 713 128 500 187 52 66 320 685 662 614 712 931 684 679 569 76 622 850 237 493 273 863 777 17 340 684 446 387 298 365 189 558
829 870 373 834 242 665 100 194 135 938 986 953 56 783 98 770 368 202 52 712 380 140 454 250 218 324 943 173 123 833 433 839 846 791 452 507 711 991 583 428 982 48 455 552 989 563 911 308 30 906 812 128 862 678 80 457 120 844 663 958 395 668 741
46 694
969 683 474 820 896 867 733 646 104 858 659 98 526 479 325 376 479 101 416 303 276 451 343 382 179 373 107 377 212 290 460 565 305 859 702 323 6 634 649 431 977 956 668 994 402 101
145 999 556 482 822 612 984 344 816 688 53 615 270 956 931 588 366 147 432 866 258 568 141 755 224 892 362 369 832 523 626 785 73 369 516 935 8 714 770 893 954 7 644 483 425 257
76 317
605 148 345 606 117 522 96 406 222 869 168 457 247 976 87 816 149 21 167 804 783 319 238 274 455 498 651 68 450 458 622 539 319 598 783 19 567 978 454 273 584 411 473 976 131 489 745 666 447 667 341 773 399 72 308 692 757 601 654 642 512 90 313 545 167 916 170 165 758 382 947 539 929 699 595 229
639 231 627 888 639 373 604 161 246 295 192 892 721 455 916 524 609 859 419 199 373 90 280 467 248 890 293 506 764 988 969 515 57 183 560 128 700 275 747 184 20 729 699 340 275 562 911 977 600 887 190 281 740 722 538 189 279 246 904 762 158 88 49 773 598 172 862 212 777 879 294 148 250 355 998 425
43 568
141 971 744 876 379 265 216 458 209 400 314 557 15 514 538 782 597 288 592 614 801 383 776 37 401 761 765 383 869 967 568 413 289 458 983 704 363 51 14 983 630 841 43
793 459 9 527 782 703 822 649 562 750 275 314 136 925 810 715 497 182 403 270 285 267 345 444 107 15 1000 551 381 174 103 695 971 302 726 830 916 587 701 926 758 994 444
34 507
269 56 14 825 738 987 569 567 178 506 409 548 918 517 873 639 754 233 629 661 779 251 858 611 972 144 224 694 6 789 390 546 841 852
722 939 207 7 506 133 147 356 584 696 430 925 682 981 33 385 712 741 294 281 637 859 531 228 960 798 624 436 225 645 48 414 610 650
65 527
274 646 654 718 98 350 19 553 155 948 520 520 33 749 657 978 228 277 975 776 770 831 327 65 110 566 342 294 778 594 638 294 588 9 453 208 653 411 613 646 128 5 765 506 172 180 860 576 185 606 303 894 228 815 88 268 157 335 130 793 20 131 917 702 423
961 548 153 39 293 177 689 439 362 315 649 672 354 627 285 843 966 536 458 697 931 391 482 369 281 800 884 668 39 175 823 610 938 425 103 343 768 506 785 842 522 330 874 418 287 885 894 395 258 437 516 95 5 433 172 150 780 455 446 153 714 921 721 366 507
89 708
603 940 441 435 235 555 903 566 775 383 741 47 981 588 49 601 370 10 333 607 657 605 691 62 617 891 265 4 760 963 590 790 746 458 440 202 138 226 151 693 795 105 808 673 18 56 836 267 946 175 351 15 870 836 215 259 565 770 628 332 971 582 133 556 467 647 440 612 716 132 876 309 486 368 225 785 83 409 670 331 122 112 392 590 302 362 290 358 654
262 249 199 999 736 848 429 822 545 914 931 253 661 997 259 789 101 549 850 907 463 807 536 914 16 651 784 264 181 746 873 29 45 69 487 63 76 718 579 789 261 484 548 965 665 862 768 123 757 119 115 721 478 217 343 680 244 587 653 250 372 173 834 576 995 761 698 114 464 846 644 407 123 758 483 530 29 549 987 24 806 14 815 433 795 103 51 931 958
18 129
493 724 490 534 814 151 942 519 220 896 628 661 806 304 828 645 52 475
869 712 574 532 702 638 552 893 459 124 520 490 28 429 796 370 153 916
70 400
345 469 16 972 430 567 105 299 104 431 197 653 544 164 199 838 246 271 189 375 637 631 367 607 234 936 747 762 832 398 853 623 517 401 716 853 960 521 647 264 115 1 384 444 27 172 989 56 834 10 985 932 887 158 645 350 607 363 808 888 247 128 189 987 419 637 688 191 593 332
572 478 883 264 927 449 784 100 438 430 291 618 269 4 771 691 495 718 208 939 36 912 652 720 737 697 65 780 633 803 977 339 954 764 12 929 331 720 496 605 504 840 235 176 507 954 269 309 683 634 775 311 112 903 556 717 425 979 837 457 254 143 613 518 104 593 698 17 395 820
7 200
20 546 314 680 418 165 250
246 74 477 622 504 274 984
2 272
297 843
993 360
78 790
296 547 924 122 687 35 461 895 56 330 271 763 629 87 648 333 277 556 569 194 398 51 915 596 109 544 211 508 177 119 535 542 62 272 804 192 297 312 813 414 494 155 714 139 466 604 426 511 271 611 50 687 923 35 752 749 806 805 607 351 832 572 706 1 426 414 411 268 589 322 717 128 304 96 186 709 551 861
691 855 222 136 552 817 361 588 252 268 371 928 364 209 824 168 859 962 415 450 158 654 784 139 79 59 484 814 344 157 24 584 701 26 819 369 753 794 233 239 738 657 724 996 5 619 80 494 542 807 733 110 1 826 983 54 722 139 437 183 369 656 781 734 537 838 920 311 733 272 150 113 159 828 161 355 95 951
22 160
134 968 119 228 888 467 81 348 660 134 163 463 147 766 858 109 373 409 194 12 242 456
486 941 594 732 58 194 490 774 764 121 318 738 866 410 336 523 832 535 152 441 940 275
54 997
212 754 379 441 596 319 319 806 941 614 422 579 174 640 710 195 871 332 120 93 56 928 295 21 689 678 273 677 486 239 463 681 320 47 363 954 339 846 712 622 828 544 315 349 606 702 977 567 800 809 289 978 56 861
511 476 14 770 385 524 341 795 88 109 376 585 919 38 774 611 35 666 836 508 804 981 680 406 414 510 502 247 864 217 898 517 717 172 269 835 91 472 358 759 673 990 219 232 319 457 946 296 327 152 57 134 92 203
45 152
560 702 534 443 99 940 520 125 570 289 165 592 456 788 320 660 185 429 319 748 411 617 252 505 269 265 540 513 152 579 70 500 447 20 860 984 366 907 321 365 232 482 310 783 582
108 782 525 701 410 862 332 12 147 112 683 63 355 208 509 483 229 289 404 896 233 190 231 899 455 740 552 743 848 211 153 511 126 827 212 376 577 114 224 540 685 836 957 888 583
23 305
913 571 840 387 99 786 512 758 616 581 10 100 612 835 493 600 499 929 484 30 333 343 359
617 958 286 73 396 268 602 732 480 961 62 546 822 885 991 225 729 122 216 368 260 937 629
16 737
168 438 914 544 145 871 220 225 217 619 451 935 482 383 615 88
501 581 405 306 659 128 870 94 724 816 870 809 101 756 222 695
97 369
164 955 299 632 82 488 162 771 508 80 351 801 60 794 653 473 792 803 680 263 864 311 219 156 762 273 343 953 333 118 835 496 779 999 688 298 51 325 863 863 440 674 977 212 985 495 923 470 952 928 995 48 564 505 188 398 90 883 472 727 835 791 205 602 559 615 956 330 601 836 154 104 271 398 982 677 637 241 623 321 568 375 978 103 283 331 282 201 467 772 461 510 763 45 596 333 596
441 191 206 40 302 893 135 556 977 518 914 797 167 808 971 641 848 21 384 107 258 957 914 95 106 753 740 835 500 351 835 567 852 538 786 953 644 500 690 537 733 218 399 573 684 361 548 290 848 750 61 924 782 959 199 262 600 183 348 243 506 783 764 451 896 82 898 250 99 884 756 726 159 72 593 615 45 67 91 22 611 137 834 852 886 251 321 929 795 903 708 195 784 336 954 786 944
86 460
890 499 313 101 921 583 492 573 681 781 817 893 778 35 797 392 390 592 882 427 183 10 779 548 586 829 91 848 91 173 572 686 355 177 178 37 461 280 542 566 870 267 343 853 508 189 725 158 28 577 119 307 100 272 197 246 983 698 760 817 436 278 539 352 584 672 501 669 248 83 603 679 940 43 576 379 189 862 549 180 269 691 35 859 837 998
832 236 598 234 681 68 722 216 385 458 356 1 831 619 979 181 80 867 114 173 440 825 764 672 291 272 153 918 620 557 150 572 859 341 881 297 310 455 692 393 988 356 435 804 542 999 106 207 796 651 737 274 445 744 427 813 519 181 769 993 202 414 377 206 929 435 908 679 973 526 242 941 238 791 838 261 107 270 384 557 457 115 121 812 856 745
42 750
747 316 95 134 538 643 225 237 302 803 162 210 495 540 558 924 834 656 968 390 904 502 450 798 806 632 105 374 562 901 248 305 143 523 428 20 312 52 315 22 488 149
51 165 402 728 11 83 89 152 427 14 85 167 897 360 776 544 883 845 887 210 112 368 974 236 391 933 873 114 531 795 962 303 215 460 350 78 924 995 879 971 554 45
97 488
905 313 411 591 871 587 107 985 375 551 590 431 860 505 918 137 483 539 428 156 868 69 513 883 955 530 935 218 183 650 718 209 907 982 240 170 270 204 892 48 729 954 938 951 80 847 454 794 46 920 26 380 633 259 268 176 549 781 391 229 188 920 952 178 33 760 907 165 344 862 177 453 508 234 988 964 785 116 790 918 882 3 65 182 726 294 864 562 35 700 466 129 831 528 837 153 770
820 152 245 219 256 373 319 158 376 111 608 942 218 832 918 96 119 944 127 132 193 619 406 12 597 854 121 513 488 861 935 578 869 132 273 121 227 216 307 591 958 766 327 250 214 912 455 627 614 414 233 451 471 5 184 244 422 881 141 488 946 822 5 289 391 567 613 251 587 875 125 977 68 282 272 445 480 627 647 246 618 509 54 390 961 857 598 390 892 606 740 493 966 372 263 167 944
62 390
441 130 810 740 602 419 367 284 503 390 568 925 909 944 807 771 304 765 662 857 763 518 31 766 583 432 774 312 10 243 288 641 992 189 141 26 181 979 201 821 215 763 527 837 510 267 144 351 915 728 282 754 710 205 335 392 71 134 451 351 727 980
930 999 278 837 200 445 582 26 908 490 733 555 43 757 528 877 445 24 556 472 976 701 737 888 32 132 385 438 443 769 880 540 871 637 797 110 521 760 626 167 579 209 892 11 75 297 477 978 395 241 523 140 139 663 223 806 202 556 181 385 589 106
5 228
203 382 453 158 315
820 342 301 170 334
41 635
144 448 406 448 423 436 662 805 697 901 476 418 299 372 144 612 195 760 362 232 65 407 654 835 249 364 53 28 874 809 773 889 69 446 791 935 379 5 749 719 301
145 768 400 252 669 155 710 250 961 201 339 566 422 187 327 85 353 773 221 279 140 199 743 538 429 764 59 934 538 780 617 11 165 95 123 149 331 621 620 220 926
25 259
885 190 993 24 356 187 517 620 723 251 632 64 895 283 555 617 941 681 631 953 786 153 873 444 945
397 743 399 853 253 171 169 480 168 18 347 619 713 283 884 244 200 273 178 637 395 521 943 183 504
36 116
581 112 923 158 318 436 820 744 545 957 643 144 496 440 779 261 972 670 55 459 20 436 266 763 123 694 932 259 624 134 217 435 247 232 447 582
436 713 6 182 404 578 599 623 852 186 585 861 802 667 635 284 728 354 231 387 731 917 222 494 435 5 448 171 396 516 244 267 951 915 89 52
25 270
299 238 854 606 920 211 198 114 905 751 559 897 767 438 964 12 688 661 377 732 32 789 836 491 870
785 102 497 287 224 62 781 231 488 450 854 189 37 451 633 456 825 154 96 703 955 90 363 8 538
98 456
122 35 678 737 820 634 104 995 440 184 887 398 747 235 42 250 753 777 115 169 686 832 706 331 898 256 498 263 719 98 24 835 33 575 232 667 4 281 117 404 498 896 795 505 939 691 233 11 497 986 517 237 994 35 462 654 170 964 936 64 456 790 281 115 537 808 803 101 43 358 850 868 140 777 204 836 653 442 222 751 403 624 968 488 687 803 331 396 766 966 834 110 463 655 752 140 966 539
464 659 837 180 935 416 501 370 962 593 805 89 536 504 411 448 626 897 281 474 838 677 625 548 203 944 776 867 552 434 834 273 799 145 638 308 122 221 795 583 281 17 295 709 212 411 263 376 400 540 34 904 469 612 831 699 778 909 69 753 393 235 963 433 381 442 802 354 409 205 906 954 159 701 247 86 824 141 751 569 313 857 436 279 560 362 552 918 666 685 697 561 299 575 169 819 203 837
50 753
433 395 494 64 369 3 136 395 154 794 58 819 219 572 138 912 828 962 19 133 300 825 926 525 6 636 658 697 450 979 142 770 476 817 824 413 623 907 469 79 750 260 844 189 599 180 455 650 607 598
35 665 353 868 228 502 160 798 392 364 900 878 83 59 464 324 223 962 881 921 174 108 550 518 39 790 560 88 650 174 246 503 961 678 423 503 675 134 45 766 754 545 455 780 882 573 163 651 716 84
10 512
272 663 526 650 537 541 356 951 936 782
203 794 977 816 907 930 979 250 50 779
33 371
199 804 636 498 644 318 880 789 175 52 299 844 675 37 568 691 503 290 490 919 70 283 987 933 251 772 718 246 878 686 341 612 554
476 255 374 899 570 568 891 246 232 366 343 557 573 689 790 734 831 68 921 260 838 205 347 320 930 187 377 269 828 529 569 78 753
25 687
721 510 906 649 693 759 496 252 552 852 714 253 368 769 458 984 644 518 28 559 525 235 17 248 593
95 433 318 671 780 125 331 530 541 926 637 186 428 663 484 622 576 683 333 783 22 223 377 9 503
94 479
433 31 759 436 671 635 608 604 2 479 357 237 221 14 569 588 437 35 685 427 744 288 467 484 101 128 289 271 676 992 662 273 76 992 749 559 844 368 338 679 474 725 406 388 575 929 719 539 6 44 778 520 892 969 733 501 919 726 188 624 215 258 817 296 442 365 234 661 25 839 376 47 405 231 287 265 885 993 90 748 887 966 816 845 61 124 306 749 479 338 942 26 619 296
750 160 744 948 374 452 778 113 313 357 432 395 166 411 985 958 642 906 962 1 2 957 107 256 422 157 626 514 527 889 746 481 344 703 30 491 119 999 120 709 902 273 832 463 142 240 808 819 752 176 603 849 591 366 342 649 8 366 334 901 25 906 292 259 239 113 704 201 73 921 117 718 573 697 51 636 989 214 1000 763 296 178 974 669 71 172 381 421 763 861 765 370 354 550
