43
34 418
277 563 988 313 492 895 287 111 180 800 272 501 528 955 434 390 523 476 483 771 223 825 505 362 27 96 406 347 608 544 790 114 96 761
142 360 541 780 540 411 387 508 355 816 575 376 516 921 735 437 20 538 94 929 547 735 160 706 631 768 542 232 104 530 747 671 288 952
38 230
934 579 820 75 844 830 284 446 972 328 828 656 711 313 919 594 700 6 674 885 351 640 825 451 224 228 240 95 52 955 785 389 280 609 233 883 116 254
799 565 607 733 303 253 541 972 311 793 269 15 298 208 409 327 153 725 442 772 939 271 951 783 953 600 691 21 420 490 953 655 604 846 808 261 2 278
69 804
718 441 925 999 440 987 268 842 399 352 104 734 882 842 768 950 995 737 805 275 781 637 84 73 406 30 144 348 764 246 952 409 162 314 393 708 359 760 749 630 829 433 751 817 120 600 859 185 165 582 456 670 402 492 970 531 854 68 893 20 55 871 569 404 758 493 353 819 25
298 277 631 173 345 875 140 366 513 160 758 289 345 15 566 964 604 902 95 628 375 310 419 106 952 741 813 284 536 595 53 668 372 813 892 327 909 963 135 274 659 400 466 281 724 975 608 595 505 704 133 128 754 578 241 95 460 754 516 816 123 807 701 16 164 526 216 833 737
55 601
958 654 228 639 79 61 397 525 236 207 858 655 351 213 992 437 471 284 112 846 893 781 117 546 249 704 796 825 624 350 193 368 266 204 360 115 268 309 564 289 393 936 285 298 396 414 897 295 592 563 548 528 329 170 441
553 989 614 655 451 957 207 535 904 72 356 368 375 174 459 271 518 114 252 337 499 109 957 561 705 741 105 703 303 690 955 86 769 464 555 367 244 565 276 372 863 439 748 634 666 648 51 955 661 505 183 579 949 560 532
45 968
478 216 650 559 858 804 603 899 673 114 260 298 871 772 124 257 541 462 128 146 973 486 102 224 393 141 962 476 886 706 458 432 816 498 213 119 689 430 869 179 862 420 895 390 632
90 58 106 637 107 162 712 66 355 989 534 924 716 237 822 516 783 803 149 890 756 991 707 610 117 737 675 536 419 500 309 146 529 263 796 512 918 15 501 731 488 912 943 971 625
27 209
801 416 220 462 393 652 397 255 186 197 13 191 852 295 387 745 663 938 713 803 713 94 728 600 207 45 321
338 500 777 491 939 488 524 641 891 121 700 866 536 622 347 390 532 3 805 215 208 124 558 670 106 982 159
29 365
529 565 725 610 66 519 103 521 54 335 466 9 403 981 115 333 305 995 122 325 795 839 68 622 506 886 191 623 359
511 355 369 253 556 568 911 919 57 549 530 422 185 160 223 862 190 218 62 818 665 40 813 76 906 449 402 568 319
69 717
507 11 228 569 950 407 356 735 377 486 467 693 924 926 803 976 674 546 824 170 517 936 18 864 934 696 95 777 118 918 95 361 46 381 416 643 474 514 82 38 651 440 307 904 827 818 855 833 952 683 738 824 713 537 201 984 56 631 379 319 20 439 161 497 363 523 877 745 36
496 278 297 978 651 918 6 815 210 778 56 318 269 127 878 544 126 142 97 192 588 173 511 454 399 653 961 393 628 959 335 297 39 15 261 940 797 672 642 970 783 900 653 864 392 64 254 192 890 50 557 75 366 82 801 380 763 557 324 439 519 854 527 787 306 791 912 936 70
63 294
602 187 260 123 973 975 587 557 422 255 935 284 923 497 548 284 207 391 408 675 60 543 70 418 865 360 379 163 788 723 369 711 976 834 31 706 728 164 114 369 590 459 331 185 400 279 215 23 389 789 642 38 857 231 522 176 599 203 398 841 86 692 213
470 157 943 136 929 13 108 882 326 226 305 847 286 946 51 535 320 388 138 760 579 870 350 100 720 302 94 965 585 193 109 571 914 879 424 206 63 401 48 751 823 625 515 679 981 919 51 622 929 89 806 695 384 666 946 72 637 857 982 419 757 678 584
53 809
709 163 483 955 656 878 88 716 78 73 513 933 589 542 220 813 61 669 834 80 389 95 340 833 93 12 796 457 946 374 379 711 709 471 724 554 943 359 46 583 985 145 141 412 597 23 57 533 555 529 145 318 359
419 955 951 114 209 452 236 170 974 633 697 337 252 765 858 271 311 855 726 828 752 369 330 290 200 391 746 291 527 785 743 218 427 630 51 603 756 665 158 299 895 604 794 913 980 956 225 914 465 21 604 839 404
80 839
178 209 565 913 389 258 86 810 503 850 833 360 824 381 509 49 108 9 168 79 108 244 78 201 847 805 244 449 936 143 435 111 867 674 278 280 183 653 943 174 329 728 688 14 702 66 86 218 652 151 571 659 678 886 741 541 386 901 558 894 274 276 903 145 678 47 95 332 408 475 370 789 830 50 42 181 568 163 194 47
916 857 997 503 16 301 203 56 724 820 254 259 879 652 14 587 222 992 82 374 628 945 648 992 862 511 92 809 844 478 399 818 796 303 823 496 625 814 103 574 166 931 838 871 284 96 618 209 829 580 120 732 35 120 764 86 38 664 167 879 370 970 2 580 243 723 69 894 336 288 975 417 517 100 935 219 503 438 766 960
13 991
512 505 426 505 902 202 359 163 161 734 593 124 517
561 4 538 769 299 57 79 98 861 756 796 114 953
30 484
115 258 823 56 156 659 596 24 534 72 364 175 142 445 460 694 47 433 331 193 253 345 82 399 930 297 359 455 436 674
794 435 817 367 449 402 830 438 658 431 16 536 621 30 582 339 670 90 134 709 794 313 48 889 431 524 273 816 46 74
56 186
532 511 710 65 916 913 176 933 210 953 647 523 274 927 130 74 668 409 777 466 38 552 852 506 484 999 577 58 546 552 107 559 409 23 74 772 469 424 448 255 533 950 59 416 349 899 515 381 203 442 259 263 259 925 119 15
666 237 565 91 227 963 393 900 360 728 765 478 947 801 788 359 781 303 734 735 962 811 632 337 665 690 733 132 122 98 179 374 646 122 22 733 418 504 551 306 869 964 487 267 893 821 685 290 429 148 831 527 379 255 408 849
7 84
645 16 418 841 251 503 454
672 18 22 676 655 479 793
33 614
331 474 428 717 931 841 141 388 626 607 330 172 570 721 890 588 706 816 153 991 292 613 104 263 332 679 944 944 702 516 218 582 433
787 697 381 346 512 92 519 247 585 61 25 400 556 422 717 754 567 460 78 755 14 798 913 894 965 843 993 809 675 409 182 588 984
94 709
936 166 76 43 514 306 924 278 67 575 586 957 589 197 317 428 382 509 984 88 632 754 854 519 865 732 657 350 45 924 874 706 830 247 980 647 978 926 829 40 274 913 189 759 12 246 758 161 755 738 773 2 436 622 846 591 406 991 881 852 939 667 232 989 256 349 747 250 921 746 492 204 284 17 233 560 973 942 698 588 866 603 552 435 396 910 671 160 437 125 361 46 803 606
729 944 704 410 771 987 37 642 656 968 760 910 661 790 327 217 499 958 91 371 176 378 468 915 727 362 826 354 545 453 520 942 455 107 909 517 344 881 186 461 573 47 45 911 62 105 394 348 6 359 75 751 13 486 639 467 458 173 993 48 831 867 723 352 119 908 823 836 656 647 334 817 934 545 972 78 517 794 383 242 998 914 488 733 17 566 836 639 245 25 885 844 730 565
49 885
88 413 444 83 124 301 806 391 380 471 32 159 344 119 855 453 208 619 149 133 857 248 560 583 789 718 837 521 524 370 650 877 357 111 123 655 614 758 973 300 205 822 524 946 429 623 101 475 203
463 664 305 126 590 294 623 697 563 137 523 517 572 311 607 846 111 74 404 81 464 662 512 867 296 244 629 125 461 72 648 605 867 969 799 200 827 271 979 448 178 484 856 111 443 769 193 396 220
93 501
920 869 341 133 459 180 46 459 868 434 248 351 707 179 620 488 992 804 246 144 485 156 349 166 108 708 420 557 786 537 494 645 62 335 225 522 320 131 681 301 159 425 632 839 354 471 289 987 436 649 970 24 937 973 105 492 859 735 242 957 949 261 81 422 666 320 794 744 279 104 66 189 706 704 540 689 671 481 99 723 413 384 950 546 909 560 996 258 405 749 652 764 936
165 214 554 713 719 724 158 447 185 406 835 872 702 275 661 898 892 247 534 992 622 193 846 931 334 526 971 13 719 239 676 711 947 271 267 659 357 605 287 974 109 872 621 675 933 682 719 346 915 922 488 452 14 164 201 843 691 820 406 331 938 379 655 42 35 749 777 36 633 830 837 844 656 43 683 313 808 751 354 546 308 526 842 947 20 955 345 820 892 27 162 574 666
36 197
909 995 106 901 309 553 444 608 815 867 866 822 107 170 315 338 103 808 258 44 189 734 567 610 363 819 230 738 612 947 762 654 899 333 242 505
771 360 162 23 926 289 75 682 667 976 684 668 174 336 62 794 965 666 381 661 248 445 76 648 437 688 231 468 256 473 22 958 97 743 701 29
51 985
429 474 229 960 731 176 725 843 467 311 796 326 474 481 774 242 709 580 544 533 841 427 295 252 540 966 195 876 646 301 83 55 52 657 979 334 234 523 769 916 20 899 446 237 715 530 411 414 243 311 389
102 794 651 346 707 695 408 966 829 861 589 704 744 562 181 292 677 753 767 19 320 678 743 677 304 787 705 824 720 697 249 617 227 978 424 257 266 832 198 998 26 925 823 629 762 273 540 63 850 641 903
64 581
742 467 657 401 2 121 93 333 578 238 418 970 189 181 273 496 803 184 260 26 553 483 753 541 108 592 483 828 179 67 645 600 197 397 76 312 177 538 800 404 80 872 744 430 98 342 912 349 873 756 932 845 811 9 600 392 808 257 305 567 19 303 943 774
517 561 452 745 636 655 811 218 308 884 696 759 43 890 865 702 407 904 959 941 856 58 298 424 558 18 393 226 158 832 574 630 85 786 147 618 109 69 710 473 334 17 191 220 830 240 132 309 903 96 23 810 554 400 541 565 171 350 869 975 21 14 134 111
38 547
951 921 960 258 865 206 345 913 396 781 842 463 218 831 242 235 546 945 322 491 882 881 354 249 701 705 939 336 799 322 752 711 276 817 820 208 748 479
290 137 484 906 357 142 346 107 682 992 507 924 781 582 204 706 152 533 739 696 162 524 397 210 149 141 426 34 329 418 159 425 632 650 875 328 304 632
13 151
897 703 965 418 150 80 383 944 781 316 125 892 761
669 724 354 317 970 114 908 303 470 107 207 104 561
6 870
281 289 241 900 757 728
139 217 154 316 856 509
17 272
944 594 883 250 480 687 156 623 796 357 165 725 194 422 308 323 789
498 971 798 648 816 818 920 690 9 984 648 198 852 522 796 932 913
60 693
149 9 509 887 600 222 356 881 777 647 641 6 673 806 844 839 597 765 780 319 249 280 931 118 536 622 657 624 918 641 479 569 275 645 3 23 105 347 752 579 413 406 416 958 16 822 997 325 30 922 185 775 234 647 190 528 504 109 13 309
847 394 153 281 276 639 543 100 150 378 938 609 300 976 379 590 143 658 483 927 531 438 682 424 742 461 581 228 768 273 146 86 723 91 309 584 538 401 477 449 403 520 50 346 473 64 444 204 630 642 933 787 267 911 236 328 705 529 548 628
6 11
735 546 875 531 180 691
301 125 307 558 244 690
84 825
167 387 585 64 908 550 957 66 588 490 605 668 233 658 907 619 620 976 373 579 728 274 100 545 735 671 836 93 527 10 976 935 334 47 785 99 722 758 281 877 858 349 752 895 990 342 520 687 272 626 945 62 49 989 739 976 930 489 999 421 282 503 488 339 133 457 635 97 520 677 327 945 152 721 837 930 694 37 188 988 851 761 414 966
800 771 449 974 266 970 871 922 343 661 837 444 26 524 158 843 514 639 203 595 340 455 121 726 585 43 897 893 924 694 306 895 446 101 588 912 629 2 978 501 669 390 363 492 392 908 118 667 927 497 252 973 6 888 89 552 694 509 662 118 494 664 435 314 278 340 391 321 337 435 972 743 583 555 682 504 289 156 335 533 375 792 197 312
4 646
49 723 489 712
507 369 816 293
35 326
249 486 605 796 651 927 604 232 10 797 62 78 863 284 482 454 511 495 866 990 481 177 56 773 249 36 940 520 661 910 873 98 85 436 993
327 333 726 289 268 785 524 639 731 383 606 177 539 152 653 583 338 251 591 396 938 573 998 130 28 323 412 415 973 68 861 439 687 547 25
22 163
334 564 875 905 334 675 101 606 675 260 33 147 657 453 129 679 612 791 888 226 788 465
442 398 304 971 355 76 753 126 841 156 682 799 650 378 719 206 977 942 803 616 223 270
12 316
571 337 629 537 377 530 738 20 429 586 777 670
839 571 880 182 980 824 763 148 291 791 54 393
56 104
610 401 865 854 301 159 223 161 97 8 26 283 995 636 625 707 100 558 581 806 487 738 979 611 635 744 589 670 113 817 207 854 320 689 446 289 778 491 242 673 448 854 331 450 807 468 867 632 11 777 304 101 16 30 668 699
905 295 871 767 558 175 916 715 794 734 336 824 648 484 381 330 253 732 123 842 654 840 353 729 603 712 309 399 778 804 684 418 604 309 892 684 914 349 872 315 234 587 134 484 731 117 680 505 652 909 25 423 877 688 515 365
52 208
130 30 640 60 973 708 556 195 377 611 948 72 145 285 804 665 398 701 421 667 471 345 715 521 138 250 264 939 119 484 333 833 21 44 223 177 764 135 630 249 934 362 452 305 252 19 108 738 423 551 427 359
363 204 495 811 426 912 371 306 478 816 848 672 914 117 917 604 305 85 166 276 204 220 465 124 867 578 109 815 127 476 683 283 731 431 660 135 177 900 194 903 962 657 657 185 563 922 753 77 159 293 942 737
9 787
997 984 531 291 768 79 465 971 196
583 641 301 49 149 748 453 507 167
92 937
86 998 939 639 359 922 544 516 884 94 490 155 957 672 439 684 232 285 725 904 266 173 412 517 274 946 241 46 148 80 571 396 391 996 331 576 645 807 307 346 3 930 452 41 616 830 305 443 60 118 131 465 351 64 37 498 913 836 179 440 169 788 600 826 448 34 245 503 948 169 963 89 131 62 596 231 965 152 822 510 789 562 365 114 111 176 971 768 778 946 784 907
148 41 417 283 323 711 27 306 432 877 142 81 598 120 799 752 13 789 87 357 619 476 511 970 839 170 385 93 454 181 193 26 787 752 244 949 153 81 830 157 822 184 885 374 868 864 741 623 206 515 240 268 102 161 927 703 793 67 274 164 431 8 312 765 765 268 479 204 116 263 871 813 445 688 79 905 96 719 257 809 164 492 145 96 995 908 776 837 533 683 740 29
1 698
20
147
42 945
988 942 456 987 164 501 244 175 719 767 346 962 900 204 449 588 21 917 343 933 14 83 327 778 839 625 882 582 447 105 25 99 235 316 471 312 5 651 62 654 258 829
606 373 779 946 985 679 145 181 681 607 322 946 527 297 70 1 7 916 383 899 565 492 982 828 435 518 899 102 864 407 292 834 992 975 452 212 82 597 230 262 969 558
93 702
712 153 956 619 556 312 504 660 852 278 549 814 505 202 795 329 573 693 149 212 535 697 41 519 350 546 135 892 670 240 499 129 622 59 389 285 868 411 456 484 522 358 882 457 482 407 623 229 273 895 587 991 36 79 70 607 266 652 355 629 189 882 465 781 639 680 270 488 177 924 709 948 598 521 754 351 519 137 289 936 56 757 485 734 526 568 27 105 634 934 660 445 783
575 911 628 974 118 630 431 220 351 325 259 387 351 64 863 984 952 917 441 482 609 896 355 615 492 592 97 370 961 296 374 617 443 849 753 423 630 960 183 325 487 664 350 309 45 820 198 344 908 794 409 85 227 373 922 72 919 968 281 483 108 281 610 989 660 65 85 826 679 148 133 838 574 785 487 398 708 986 80 105 630 793 481 439 376 202 580 545 649 567 318 166 834
55 845
285 126 453 538 313 715 231 174 699 893 16 581 110 520 343 804 651 136 575 388 443 967 392 12 817 407 487 501 55 976 422 487 682 379 943 318 941 652 900 813 50 706 533 842 942 230 584 133 463 830 210 457 624 224 590
320 130 568 387 697 831 745 47 920 463 837 352 899 92 906 563 413 115 203 247 804 762 459 177 426 206 445 740 769 462 838 174 163 680 316 14 99 543 21 394 450 339 86 606 803 434 206 452 576 250 66 679 806 128 586
59 704
491 481 204 471 524 71 610 321 856 822 931 838 883 633 575 147 706 535 950 657 330 941 216 81 562 667 677 870 21 833 541 631 109 832 244 539 769 489 202 383 266 605 339 202 171 31 318 244 259 214 308 867 768 652 139 512 570 517 296
563 720 890 949 70 926 330 652 473 936 475 261 673 884 852 25 506 319 618 848 341 220 778 883 49 466 1000 115 223 971 471 484 446 602 489 812 621 724 507 511 934 113 97 92 73 673 378 373 378 37 305 257 925 329 299 848 642 799 297
9 752
600 903 101 857 995 514 719 81 997
330 517 855 456 22 898 442 359 929
