34
77 711
77 121 902 938 91 82 362 710 886 643 187 166 96 969 965 959 573 963 836 338 228 157 214 68 518 825 570 132 521 861 645 76 81 666 787 825 574 221 102 326 854 201 130 807 608 342 137 778 487 627 837 836 690 236 61 633 522 655 89 193 941 321 229 368 328 665 296 107 492 553 181 983 490 707 337 13 231
967 899 928 288 269 49 221 371 104 151 438 490 452 450 496 514 334 651 930 709 895 876 243 914 223 68 244 675 515 633 179 232 239 630 124 455 361 355 420 400 91 661 670 919 121 10 889 712 93 280 949 846 716 851 704 964 984 34 207 67 993 995 27 751 814 127 496 304 915 870 808 251 618 976 48 4 624
42 102
326 20 2 852 882 948 750 817 644 26 945 764 519 688 288 948 520 594 728 88 724 925 794 147 871 657 529 899 614 374 394 479 222 275 828 969 410 592 712 155 451 185
903 923 526 248 367 250 636 997 882 176 218 650 241 32 173 394 498 88 885 548 170 227 993 364 766 520 471 619 57 14 107 536 213 200 943 851 379 968 354 731 503 979
75 494
174 217 347 532 629 554 370 81 70 839 579 331 791 747 959 748 935 374 934 197 473 937 880 956 918 521 169 247 450 55 322 336 773 584 193 615 575 157 512 855 575 737 25 236 204 280 964 694 715 131 540 824 565 349 850 217 558 705 286 208 95 587 101 45 625 351 215 497 312 608 517 445 119 983 445
500 293 506 837 653 50 380 71 45 994 629 358 290 430 234 170 547 734 428 612 918 435 939 886 240 877 198 464 784 210 718 792 446 54 187 364 378 796 447 458 457 650 904 327 593 399 456 537 276 629 701 28 345 722 774 733 318 165 455 629 803 543 381 504 956 515 776 157 438 738 746 484 52 937 256
8 264
868 219 235 599 47 484 161 660
730 520 805 432 956 543 378 544
81 926
152 731 729 97 553 283 558 921 768 659 653 433 376 73 633 341 330 339 825 617 175 864 563 887 425 90 775 292 135 529 524 4 422 465 712 310 523 941 563 126 389 90 200 727 551 980 652 522 434 168 844 388 696 181 201 327 796 404 779 402 920 124 145 450 682 645 454 891 344 538 437 793 772 614 514 169 270 823 498 402 323
315 925 202 766 326 110 822 62 848 626 251 81 662 48 706 692 678 985 235 718 896 983 147 920 703 585 720 759 166 942 671 614 147 899 263 640 333 776 886 927 588 661 261 273 702 581 915 512 157 374 91 619 768 458 772 886 325 799 776 73 948 125 993 315 944 944 288 479 926 94 930 908 234 118 410 54 18 467 401 434 865
30 787
962 730 533 539 112 183 294 46 972 480 724 511 702 406 945 323 943 516 278 788 27 996 195 460 413 106 699 717 198 8
500 877 531 459 652 808 714 484 937 750 839 521 214 47 275 337 309 246 919 255 288 445 268 156 914 291 538 174 257 612
36 326
572 375 114 681 991 16 916 574 670 180 331 958 353 763 409 728 393 467 139 458 684 611 153 176 328 956 192 870 885 892 619 7 133 814 668 776
659 46 169 732 968 699 198 350 472 261 949 926 639 602 987 881 208 197 368 107 945 376 103 35 912 923 144 638 827 782 694 294 40 866 696 380
83 207
344 890 108 845 61 652 136 517 87 273 747 265 876 547 302 919 517 112 366 562 150 443 133 626 331 399 605 981 77 767 147 116 566 500 106 190 510 978 425 24 931 236 973 400 814 598 357 915 404 707 158 12 500 449 161 242 229 645 682 648 842 711 796 140 461 440 8 961 859 321 929 661 34 883 681 440 320 870 391 345 679 65 740
609 990 108 630 54 909 920 125 353 896 705 354 207 539 644 340 357 499 133 687 740 625 70 501 779 461 173 15 129 600 417 123 904 562 961 312 608 807 499 682 305 638 577 446 178 571 300 660 676 549 537 161 544 250 365 636 335 127 537 216 693 321 624 452 819 229 384 312 342 219 564 955 671 412 463 800 19 760 726 978 204 115 665
35 666
432 200 950 563 564 886 152 390 130 63 611 696 926 587 980 384 500 747 341 855 678 760 536 1 79 59 583 293 426 205 718 988 829 890 296
32 933 971 537 918 331 264 619 246 278 72 26 808 840 555 329 691 280 909 544 628 107 588 738 262 747 62 54 729 434 345 397 331 827 34
72 162
943 280 578 398 473 138 449 830 206 632 307 186 75 392 654 657 167 859 319 182 30 46 718 65 557 265 508 818 336 553 193 309 579 285 38 823 162 455 705 16 297 913 343 943 774 156 646 823 766 394 962 219 521 94 49 738 627 146 558 988 212 361 531 702 447 889 203 173 448 614 766 341
316 382 123 812 742 168 173 817 366 838 900 282 127 303 673 298 374 970 652 957 480 162 627 792 425 61 640 954 595 598 325 772 228 346 319 568 811 669 694 413 3 998 90 499 125 643 317 336 873 435 358 335 878 417 601 886 76 965 137 80 839 533 533 497 467 334 633 707 310 47 144 385
16 824
724 25 561 122 161 46 316 61 504 137 868 301 506 919 663 543
244 738 659 78 913 772 26 127 209 474 379 82 533 880 193 522
60 873
18 375 122 77 717 538 133 426 270 760 714 990 323 338 993 424 972 713 88 663 608 299 626 960 538 71 698 437 119 267 563 718 756 513 863 593 76 999 553 608 363 196 267 149 925 385 505 97 345 780 943 314 617 816 517 565 97 261 233 801
462 318 750 626 191 900 589 841 227 241 315 238 388 822 160 90 954 136 471 222 510 333 784 993 520 304 635 656 452 974 303 197 535 638 965 973 122 729 848 750 657 114 403 443 281 187 775 932 230 323 728 945 504 112 822 373 952 670 896 410
57 818
311 920 117 880 94 12 640 688 336 124 920 110 933 820 774 281 142 964 315 290 980 306 603 563 34 58 455 214 355 463 654 661 445 67 676 83 779 322 716 684 1 832 971 259 73 622 675 527 271 922 94 295 349 567 702 974 419
46 637 713 494 159 270 811 250 267 561 34 699 450 282 186 626 892 952 394 613 347 946 398 282 656 428 558 715 316 193 624 142 874 5 560 165 86 299 333 793 773 324 635 685 934 266 312 193 871 763 663 495 830 872 455 688 60
25 102
41 999 450 618 988 73 33 135 209 237 515 177 66 674 209 312 589 125 455 902 353 888 960 501 750
791 43 38 526 795 694 621 974 49 704 512 351 486 581 17 888 566 580 556 625 603 390 715 966 959
86 999
308 650 319 729 878 234 57 116 697 2 586 951 595 957 565 288 417 634 955 149 799 293 884 790 827 175 425 660 303 888 996 716 468 666 388 868 391 596 858 161 497 10 261 411 414 32 756 713 799 108 884 736 455 37 392 834 319 632 974 176 764 835 291 954 491 789 480 371 716 137 681 600 892 824 960 639 614 89 70 980 973 268 6 277 567 6
439 617 456 396 240 126 863 946 879 851 578 443 317 216 338 238 716 659 956 412 974 14 350 8 502 712 85 163 225 513 117 464 162 773 70 459 554 865 831 204 241 133 951 96 486 365 718 580 342 972 712 459 486 559 336 325 213 86 908 618 572 346 664 850 220 608 749 503 153 987 958 673 201 472 517 131 421 899 116 284 901 865 329 218 211 626
50 534
1 16 467 361 371 282 669 239 390 482 846 507 249 913 850 965 484 966 928 179 972 86 469 913 752 341 731 899 959 408 175 628 977 312 298 716 530 967 292 897 870 401 697 239 575 135 24 282 464 688
168 695 76 573 993 534 270 393 115 931 42 679 822 145 410 179 848 841 9 346 642 972 32 498 716 163 129 405 111 232 853 478 601 366 57 450 177 233 8 470 73 523 1000 165 946 561 656 135 53 317
11 996
266 34 684 718 585 239 735 242 381 766 307
424 235 303 891 716 20 208 265 382 186 421
86 733
741 985 327 585 37 979 352 581 751 111 25 854 452 254 517 244 646 688 872 833 147 466 981 243 882 105 883 914 890 703 527 795 807 558 915 680 985 537 995 946 24 135 858 35 169 668 815 182 228 229 280 999 75 863 956 723 730 692 565 826 64 918 232 979 304 892 459 60 868 336 926 107 579 490 32 709 380 798 190 883 940 234 529 866 160 759
556 504 529 39 460 811 161 803 41 359 966 641 625 567 989 935 387 393 734 826 207 226 278 30 6 384 416 421 864 901 131 84 564 939 195 424 595 153 929 992 757 541 584 548 889 841 497 137 398 191 515 515 592 532 218 53 10 4 495 355 986 122 574 173 821 273 647 297 900 915 15 85 454 978 644 854 436 610 607 965 25 729 394 375 559 123
27 556
382 213 979 867 792 325 834 70 662 196 445 96 666 171 35 21 589 834 433 981 190 141 934 391 877 298 762
199 130 333 604 89 631 705 407 272 78 157 201 105 84 471 602 637 764 666 19 162 880 47 121 119 481 397
81 554
441 519 209 832 819 490 246 91 822 79 782 906 532 188 539 585 962 70 248 254 841 527 70 844 878 305 811 158 196 335 302 714 679 425 116 347 83 688 551 539 778 99 790 650 1000 396 201 112 999 235 373 635 77 446 202 296 590 863 304 261 137 445 185 257 106 366 51 769 685 364 845 865 989 859 217 764 778 409 668 621 571
147 372 611 247 844 384 478 313 992 836 253 128 475 841 796 945 308 674 503 120 34 363 227 653 259 947 307 17 368 64 811 979 178 540 5 732 157 667 487 506 338 458 458 857 869 966 761 995 423 70 712 833 450 920 289 912 366 587 530 703 13 612 207 139 7 732 420 243 286 750 729 343 63 666 11 675 394 101 313 709 977
88 136
688 807 116 418 388 750 485 281 608 988 899 544 396 660 649 820 184 167 489 852 530 490 815 62 863 974 146 315 194 557 407 716 404 772 309 340 247 775 325 383 854 954 275 484 7 143 415 948 728 54 446 980 207 817 355 104 550 146 574 391 965 781 612 430 496 517 375 88 266 165 389 321 665 544 791 135 748 980 897 629 245 803 706 358 754 623 724 320
318 350 693 140 65 650 549 776 844 757 765 776 815 250 193 309 370 319 222 486 151 383 651 563 971 669 746 842 75 224 610 460 557 142 240 645 295 993 602 185 421 424 756 957 251 334 214 474 687 777 750 822 278 203 489 944 176 849 914 272 120 902 371 722 343 312 274 357 401 954 228 678 197 896 716 830 772 419 35 695 658 485 928 91 552 918 627 233
14 778
162 53 889 598 552 43 646 383 86 671 959 759 643 934
571 603 5 127 740 406 287 532 401 417 311 139 688 109
76 796
291 468 332 998 888 322 575 642 166 1 174 138 326 717 181 632 317 57 577 663 339 456 621 12 517 2 956 524 606 380 55 510 761 542 722 185 254 760 302 747 396 754 411 527 37 165 420 652 43 91 996 196 493 639 755 686 354 875 5 195 565 711 646 56 843 87 463 346 930 686 43 929 660 636 638 566
279 824 69 558 159 129 366 191 944 144 122 531 726 620 238 461 350 48 217 627 904 319 955 345 611 204 59 458 382 988 145 374 160 420 306 171 688 868 252 679 244 80 692 225 71 500 871 5 447 49 357 39 955 228 832 98 97 878 224 465 549 241 585 430 616 935 189 33 326 17 227 499 653 619 461 510
36 524
906 263 128 677 505 575 681 45 850 412 139 393 859 37 686 190 382 508 94 367 46 903 198 723 762 971 860 55 390 629 455 268 362 151 714 232
506 314 101 886 156 350 764 376 289 417 169 120 85 673 122 184 296 709 44 161 513 848 200 480 75 567 786 687 996 578 663 451 465 709 605 111
5 167
392 879 736 516 524
807 290 289 947 477
32 479
225 464 138 916 393 897 830 227 979 329 282 866 549 519 324 49 266 922 594 736 114 986 416 38 862 937 10 217 998 576 579 221
665 455 563 641 583 159 802 810 245 697 187 225 224 403 115 198 327 989 578 129 453 590 904 892 996 146 644 392 924 998 52 411
1 782
322
526
59 726
776 341 644 200 377 173 368 317 61 243 465 910 362 50 549 437 323 467 841 157 807 261 342 784 963 520 311 365 240 149 111 426 919 428 519 869 136 99 855 304 743 951 563 52 743 10 949 609 902 828 220 764 561 100 650 8 934 465 596
772 549 579 183 624 446 177 378 241 832 624 240 700 291 950 457 496 392 290 242 967 636 521 845 574 981 960 325 452 894 361 343 703 909 387 330 227 873 952 633 776 695 504 114 186 987 699 247 499 958 224 25 322 506 830 516 621 832 278
3 703
945 663 447
524 647 814
73 291
102 836 460 849 733 403 133 354 724 814 598 837 675 606 603 890 125 841 501 592 8 265 640 784 755 732 311 689 272 452 225 201 727 972 188 948 400 586 743 837 339 969 340 465 353 251 138 446 76 173 492 569 760 545 594 120 885 954 730 126 132 843 15 87 836 291 676 91 961 835 46 99 196
184 792 483 406 200 462 634 887 52 37 900 999 562 218 485 577 325 476 576 972 612 411 600 849 476 88 790 912 129 191 308 247 303 363 885 30 402 687 61 415 733 163 696 384 476 97 443 123 433 461 824 956 81 602 290 187 517 264 951 902 337 600 303 420 92 506 869 116 657 994 85 719 889
23 658
864 142 886 336 399 228 802 844 280 360 763 544 180 898 862 929 77 366 729 198 457 264 874
204 331 623 585 598 687 5 63 534 353 662 16 338 90 284 88 293 614 369 784 187 516 176
66 849
865 672 68 772 953 529 407 455 122 206 272 288 643 607 454 349 235 828 712 407 751 884 137 123 986 219 862 264 269 305 846 956 771 986 131 553 761 406 161 487 931 594 915 930 89 399 948 995 198 906 626 906 210 645 996 745 440 178 225 793 730 152 199 927 673 474
80 992 83 163 74 404 861 686 801 338 436 679 948 332 14 562 974 10 307 69 206 865 743 400 694 589 300 129 718 957 828 569 298 238 14 659 490 812 174 982 470 517 840 217 424 104 445 870 738 198 75 91 766 872 252 645 527 648 656 654 327 552 389 87 138 409
10 142
534 539 935 868 191 218 277 213 638 156
877 400 853 470 48 839 94 373 53 630
62 608
549 704 415 624 959 195 364 920 332 371 494 659 460 502 593 754 431 914 675 276 147 941 297 389 287 489 84 406 719 780 51 204 568 104 67 652 348 848 771 176 397 272 177 571 941 115 36 533 311 748 373 329 107 133 384 173 349 958 106 759 638 852
687 876 525 288 83 717 920 283 767 985 303 188 781 907 679 11 455 337 798 929 382 148 601 451 137 825 155 405 635 84 783 623 48 400 340 606 795 909 903 729 679 793 888 770 479 708 335 424 557 936 380 233 935 773 117 24 120 865 634 213 824 979
