51
47 697
801 141 589 920 161 799 402 155 611 698 243 502 596 48 369 738 215 400 51 296 165 355 590 646 96 613 740 258 951 144 22 517 424 476 641 163 483 408 203 195 529 753 242 452 276 437 860
252 453 742 188 464 64 368 932 842 660 377 983 880 815 135 354 141 699 111 742 263 68 484 888 924 184 457 156 435 36 884 300 908 649 934 635 264 168 638 826 662 452 76 632 985 920 217
95 625
913 982 673 62 714 607 382 837 357 654 775 472 233 914 123 842 728 432 793 336 466 716 365 245 132 344 186 976 17 13 689 302 886 831 930 918 190 885 701 155 354 622 222 395 370 797 780 983 539 106 696 53 473 654 732 288 93 588 371 33 421 416 310 425 50 268 141 104 662 150 243 180 127 739 582 205 679 589 736 384 794 657 976 259 527 774 297 726 177 444 678 874 639 980 460
80 463 731 259 504 248 524 966 449 238 928 911 922 447 861 499 779 479 885 536 349 916 134 917 875 572 49 413 853 597 186 418 361 855 982 325 762 40 1 829 948 34 767 227 580 279 757 991 123 677 332 281 990 882 252 512 677 253 150 425 661 276 393 527 530 849 959 661 328 492 397 20 696 565 936 522 809 182 288 375 19 205 42 617 921 837 810 902 458 720 759 267 613 483 410
5 680
441 986 366 823 282
309 653 79 718 447
100 279
652 613 954 431 781 367 962 175 200 440 310 492 178 117 727 773 197 821 360 599 255 560 995 395 845 406 496 496 481 776 28 26 855 634 328 8 483 508 93 304 422 583 389 939 790 166 234 344 861 577 131 1000 706 503 255 976 406 734 292 40 980 772 18 222 249 110 711 858 535 868 565 543 318 700 705 13 772 798 105 915 522 345 455 271 159 648 338 319 766 296 837 830 866 180 270 933 989 472 172 962
220 6 734 87 253 632 158 704 236 446 137 829 672 43 516 608 336 288 215 814 736 420 236 594 960 743 310 391 614 927 245 453 190 891 285 3 648 515 503 356 13 601 764 209 390 463 922 814 492 672 460 924 651 519 592 118 644 391 603 434 529 951 211 136 811 379 576 297 721 656 228 907 123 265 698 971 203 150 87 43 752 759 453 843 588 311 822 592 46 798 89 283 926 671 112 620 601 103 340 823
87 469
192 78 500 361 44 836 327 412 138 868 419 594 321 688 288 560 795 210 161 990 623 727 706 740 993 910 798 394 120 249 731 237 555 339 135 545 615 581 18 723 468 799 827 121 73 902 493 572 24 885 754 655 589 322 534 454 757 827 212 540 955 718 292 712 836 822 800 233 117 610 530 251 786 137 680 277 121 354 236 284 246 890 204 830 458 517 505
964 641 653 239 426 386 637 520 920 988 133 157 510 157 930 446 290 253 231 342 676 192 289 22 721 944 672 258 955 209 878 361 742 289 766 731 207 318 533 48 688 499 166 676 135 988 38 601 413 710 230 389 133 725 792 927 326 138 689 253 209 304 257 378 806 101 743 31 584 54 816 363 843 643 655 767 512 395 116 456 681 524 713 845 661 276 227
13 571
839 293 751 348 547 741 432 297 469 342 470 141 526
15 850 387 835 998 34 505 307 207 386 309 442 73
63 585
806 512 695 951 110 181 179 124 918 783 548 908 319 552 856 313 646 530 347 214 750 304 259 327 990 837 26 315 162 88 83 731 525 7 413 772 521 225 776 884 100 398 506 426 298 577 380 331 741 331 929 138 808 291 589 713 709 865 399 83 466 66 252
650 338 538 760 460 536 686 977 723 642 627 343 836 514 222 16 984 846 927 868 875 995 27 606 560 946 763 60 264 737 273 532 148 717 621 539 644 728 329 277 101 507 794 684 145 940 140 363 105 124 49 164 674 532 632 794 190 539 640 699 543 674 534
26 145
129 734 20 491 969 444 20 397 189 546 352 793 461 566 498 922 801 101 290 571 521 501 977 231 901 119
283 850 806 147 840 195 98 869 223 415 936 575 547 200 652 614 267 206 126 784 574 498 365 202 169 131
94 712
554 769 433 45 823 502 69 126 527 588 939 76 310 914 946 691 965 709 569 246 791 546 567 831 876 871 92 77 113 764 917 544 72 437 49 26 110 295 743 655 89 548 793 38 958 328 893 618 864 58 12 73 637 293 217 144 480 884 195 666 114 290 595 937 915 284 479 676 736 430 84 44 948 722 312 169 678 287 353 168 921 460 782 456 497 844 317 794 396 717 375 987 591 722
877 660 890 623 774 741 18 236 232 146 675 807 960 688 278 538 364 577 261 883 249 516 743 278 417 84 991 762 536 576 667 416 444 530 491 47 917 920 80 328 261 800 461 225 671 838 912 934 825 600 266 568 7 491 199 58 624 302 36 687 198 830 139 476 984 892 421 335 259 92 267 410 553 794 977 796 21 976 852 465 591 206 400 561 83 321 741 691 276 38 105 472 8 218
24 877
444 194 996 120 957 505 679 902 716 709 853 146 408 923 213 24 637 575 447 708 448 404 766 506
314 243 106 772 838 654 230 396 553 366 878 421 807 207 260 901 80 861 73 98 53 714 702 194
98 423
752 737 632 732 609 688 946 102 136 621 15 944 925 757 550 695 799 317 258 251 52 448 19 383 840 835 603 241 193 243 451 969 99 485 357 575 27 791 188 750 184 206 352 457 391 67 572 48 125 494 535 216 644 406 366 293 977 830 204 43 111 786 336 482 887 357 143 871 467 826 191 568 692 220 395 163 177 720 342 562 595 758 999 12 215 41 342 653 927 956 637 243 742 888 296 528 110 454
519 811 455 160 129 115 281 211 359 740 915 957 641 841 272 984 972 321 242 58 944 742 821 363 24 334 666 765 515 631 26 945 823 563 182 410 574 213 954 403 847 660 854 305 537 311 898 141 7 47 835 87 50 63 181 266 328 351 538 626 173 885 194 999 367 934 591 362 369 235 613 274 492 605 228 117 589 182 34 86 778 191 429 235 379 710 363 834 485 845 612 82 494 307 897 233 413 682
68 480
660 986 412 970 243 951 451 409 274 898 180 379 701 854 986 975 108 717 549 392 346 60 848 413 45 485 57 318 142 88 379 958 669 823 539 934 152 352 727 128 320 266 426 768 26 866 362 49 808 882 104 504 66 235 916 804 686 195 946 526 678 506 486 502 72 575 390 99
99 365 648 161 235 988 697 709 923 389 508 99 814 514 401 533 166 264 442 94 845 377 377 382 781 590 279 490 622 585 227 27 636 588 999 620 452 140 433 601 583 772 971 482 98 129 352 753 22 867 814 62 1000 618 260 750 9 387 517 521 541 261 557 357 850 426 731 585
95 255
321 591 267 503 819 155 86 512 787 211 33 187 287 843 182 131 909 257 473 776 197 384 803 506 851 948 265 899 557 668 107 793 428 394 182 142 725 132 694 17 110 766 229 267 983 883 680 362 409 259 233 420 753 416 451 42 635 621 680 618 465 485 924 745 792 784 97 940 23 822 477 566 859 687 83 213 635 160 640 604 308 252 611 202 467 637 537 444 449 623 918 378 266 144 99
189 328 117 603 493 257 312 894 445 386 258 512 412 990 570 891 471 262 410 731 605 242 750 222 515 413 902 94 702 277 12 528 432 867 884 213 149 223 480 204 919 249 931 537 777 534 712 372 707 828 283 856 394 85 921 608 960 520 578 475 757 597 241 494 958 941 796 537 644 840 647 233 910 268 568 729 645 877 282 232 661 158 158 889 928 806 116 404 826 446 714 168 673 328 992
7 799
912 33 547 879 814 874 758
170 1 283 92 912 341 55
86 868
601 153 801 404 622 825 438 145 632 842 714 364 820 364 410 488 752 367 656 903 693 223 44 124 679 384 148 583 961 230 59 627 379 810 553 943 656 569 682 261 671 41 446 876 25 244 925 324 86 557 533 30 112 185 815 162 293 671 112 73 133 969 891 793 671 661 959 410 256 300 416 841 519 629 294 757 6 508 423 916 892 606 9 24 947 347
850 116 158 369 557 790 720 980 670 76 35 84 564 253 577 427 347 731 123 53 30 765 568 955 91 870 697 122 403 975 266 153 669 388 472 578 247 1 676 338 818 238 914 287 423 447 297 72 824 44 508 450 64 792 953 19 829 793 543 699 532 990 338 725 928 555 380 168 357 145 876 345 584 107 172 24 887 380 965 166 581 396 925 234 800 774
45 338
627 563 298 960 176 784 143 819 536 18 272 670 344 291 683 828 512 776 323 733 19 1000 578 15 641 196 978 222 167 998 745 916 646 681 240 822 727 688 754 422 292 621 955 619 954
731 880 68 513 753 722 492 206 511 788 453 818 558 496 437 74 926 274 192 818 972 291 923 315 86 249 851 392 142 100 628 638 163 128 47 982 683 428 576 220 473 148 462 1 63
13 316
233 214 939 949 40 974 796 140 723 54 250 239 44
616 941 7 857 463 30 385 901 705 386 631 191 154
6 162
150 143 353 282 994 496
396 58 986 152 488 718
39 44
814 985 866 60 188 336 661 600 322 581 739 150 775 830 287 528 344 976 90 332 342 210 139 540 167 172 579 360 12 393 256 617 460 891 619 276 171 189 545
762 331 897 839 180 85 351 130 964 898 879 595 578 605 846 80 538 493 502 924 224 875 809 387 749 264 771 945 978 579 757 776 106 534 232 855 631 942 609
92 788
522 266 374 216 797 777 702 85 724 531 618 597 275 71 771 574 392 619 848 925 747 2 772 98 457 465 362 538 503 324 557 504 990 645 641 493 566 800 102 318 183 150 142 577 720 718 816 657 655 289 5 387 52 241 344 264 933 966 229 182 829 750 985 932 744 362 258 437 343 101 175 197 277 409 798 870 90 794 451 385 951 496 48 531 443 263 776 157 629 981 860 920
458 642 304 329 356 768 894 692 624 35 583 425 796 103 508 911 816 641 691 418 577 728 244 225 900 501 528 261 869 499 848 730 904 236 995 143 361 168 386 330 838 42 653 979 164 7 8 606 364 428 747 671 380 681 589 660 380 658 150 602 873 107 995 202 572 488 842 330 438 719 350 952 67 866 918 880 583 703 424 623 856 163 926 782 144 877 894 75 894 361 669 331
28 410
414 607 118 62 682 490 748 148 816 731 37 943 943 482 39 833 643 348 354 744 702 372 23 720 115 398 768 730
728 510 661 392 802 904 156 186 664 43 227 569 649 184 318 276 722 635 596 925 695 524 739 866 399 952 865 919
98 835
697 535 21 333 934 373 369 441 10 689 132 956 53 406 867 98 2 768 875 946 737 923 970 913 449 137 938 371 971 946 183 107 353 329 76 502 117 474 253 25 307 235 59 80 806 798 280 680 410 626 747 477 884 816 392 276 760 890 793 769 333 129 838 493 854 653 302 417 877 402 112 666 37 428 688 888 884 104 588 39 94 303 456 837 938 465 272 396 972 642 965 211 106 506 173 938 797 946
351 699 316 2 895 29 676 559 301 647 528 291 990 5 968 667 512 115 214 399 715 995 357 228 5 410 932 613 181 868 814 215 225 533 455 407 582 832 883 839 518 976 703 354 42 655 955 835 630 67 702 55 415 681 959 945 375 642 225 397 523 782 676 902 560 579 610 993 308 478 488 717 229 599 668 407 608 783 436 115 848 642 995 967 59 497 172 326 908 418 442 105 686 943 62 833 629 711
64 715
808 876 80 875 597 412 289 364 139 452 643 398 988 220 447 821 157 237 344 755 242 572 314 619 211 924 266 220 215 271 668 342 524 11 415 61 620 945 215 818 588 722 888 773 822 372 551 833 956 105 479 327 478 21 291 224 726 707 581 342 345 894 274 763
68 9 599 748 620 738 234 543 401 52 155 47 903 55 617 295 143 732 817 126 176 811 966 297 637 149 189 622 912 751 882 822 768 998 439 736 147 953 757 341 484 972 129 880 812 451 943 368 8 690 373 2 476 65 769 774 676 534 177 515 110 609 543 222
37 198
488 114 456 420 77 706 492 195 805 564 482 398 568 10 786 952 714 817 768 194 104 747 736 124 957 70 204 189 216 266 925 694 305 383 877 731 535
371 259 198 275 518 168 287 343 706 602 213 395 507 100 184 109 598 235 927 450 513 947 571 905 869 938 803 739 93 797 794 774 856 982 637 270 307
39 533
579 629 158 934 323 261 359 388 921 942 713 421 312 101 470 769 461 872 23 852 994 188 914 674 286 998 187 444 121 608 626 350 195 832 88 582 598 475 54
552 311 559 450 139 539 511 481 392 159 745 944 39 758 6 383 816 395 828 413 350 556 422 597 345 873 310 258 939 418 869 544 56 677 964 720 995 248 428
2 498
792 183
92 239
30 204
274 383 209 264 111 512 308 165 927 622 437 220 105 158 706 308 541 795 919 656 386 325 387 229 397 351 832 969 274 863
968 900 281 455 23 121 165 662 203 847 270 388 206 733 587 804 290 191 556 134 423 443 184 381 42 588 999 152 370 462
23 495
475 487 188 120 990 833 103 706 486 822 393 936 911 536 435 293 630 258 202 295 94 534 942
560 799 86 163 327 231 868 58 976 828 476 636 46 411 644 961 932 486 626 484 680 882 509
49 953
645 746 613 762 579 381 646 758 170 933 498 944 420 110 878 164 616 994 102 709 885 522 580 316 87 152 892 873 295 825 611 738 428 981 357 284 983 54 895 208 959 318 593 789 669 743 418 742 818
658 409 701 769 604 36 219 901 535 665 977 620 228 975 2 883 792 36 7 917 739 718 670 882 216 511 979 900 923 678 521 570 177 395 759 777 997 228 942 517 268 863 893 373 31 214 22 645 984
82 88
945 788 741 177 154 319 301 762 514 882 275 8 592 981 254 492 638 960 698 638 719 716 468 684 486 849 297 411 735 963 946 181 578 759 634 393 332 119 807 139 59 749 381 865 91 229 216 409 798 966 62 567 727 138 318 924 252 637 474 267 412 33 631 102 302 723 217 469 407 173 116 216 165 461 443 499 106 899 32 854 275 956
218 340 322 616 658 904 88 667 599 541 71 437 573 686 360 304 573 475 961 231 676 347 446 877 533 910 392 366 893 424 745 406 427 660 639 904 47 41 434 264 534 463 233 14 607 533 608 37 604 175 127 242 741 47 513 605 7 43 805 115 300 226 12 906 313 585 593 222 609 329 780 605 977 285 741 210 259 30 843 881 630 49
8 154
253 448 889 427 1000 886 149 966
902 155 850 695 164 212 484 307
9 814
469 21 321 63 299 995 507 932 711
408 609 877 764 489 30 282 449 100
70 531
296 564 239 946 478 35 242 428 789 102 803 825 529 92 861 158 336 949 67 404 720 753 454 566 374 143 944 4 103 728 318 525 737 296 523 67 476 345 625 305 13 365 892 856 596 914 890 681 439 368 137 657 848 460 379 263 183 38 62 489 692 74 6 725 885 164 630 284 651 241
60 306 719 135 799 50 590 319 536 664 754 49 235 939 145 905 595 471 164 730 419 58 782 502 328 290 843 606 332 116 387 562 879 498 285 484 684 916 850 386 573 141 824 532 692 848 469 168 47 328 117 973 896 804 759 959 180 628 55 156 714 109 461 78 621 511 46 575 453 709
49 470
633 588 969 18 894 77 826 916 115 819 767 392 170 908 718 60 966 28 824 821 909 825 540 896 396 896 474 766 897 181 557 132 863 684 98 638 259 804 508 98 834 279 29 830 158 7 237 355 711
911 277 270 397 997 928 899 832 19 213 332 843 970 554 434 359 826 424 997 695 101 143 717 782 423 103 182 116 427 613 108 638 703 61 748 989 582 365 360 519 659 873 390 516 982 247 94 407 838
43 330
791 379 414 217 268 337 761 317 628 839 648 650 395 973 162 447 509 381 583 20 120 46 636 955 359 67 963 615 235 209 23 224 520 723 332 439 552 268 265 843 486 957 511
74 782 889 654 258 630 996 795 240 412 688 730 674 495 748 201 727 413 382 633 561 787 727 684 494 831 902 194 381 806 398 796 967 22 117 298 740 535 675 671 610 796 168
26 93
739 956 698 742 64 802 554 341 617 57 312 453 412 593 98 120 631 732 864 906 568 182 323 872 119 50
244 487 204 468 633 662 261 742 14 279 135 109 346 994 544 366 497 971 439 223 706 69 59 778 417 664
2 691
110 409
753 576
27 202
307 860 862 115 742 641 650 587 755 428 946 942 588 635 321 32 753 638 981 37 618 636 242 727 341 453 741
745 558 426 931 331 968 432 859 959 932 561 689 745 561 503 301 755 53 156 6 630 668 80 185 463 580 161
58 87
875 198 402 288 397 2 284 289 9 423 612 300 207 146 551 203 197 468 948 466 809 955 967 607 465 180 996 861 202 215 72 681 935 112 813 388 310 413 1000 718 963 40 667 956 217 290 61 822 66 836 627 73 935 502 51 217 869 96
180 709 283 9 636 957 219 69 317 434 339 9 357 514 611 189 834 1 253 264 393 981 591 631 136 418 961 275 339 551 800 13 563 430 777 945 697 865 526 371 648 856 116 278 407 480 822 791 535 517 36 557 912 643 21 546 869 202
68 552
503 967 704 92 874 358 709 636 419 537 17 483 631 851 975 665 106 112 728 355 71 856 784 574 900 895 638 136 89 536 696 266 842 505 577 294 971 884 93 334 642 487 440 763 194 965 548 392 285 196 458 52 389 779 110 549 263 638 1000 604 951 773 527 493 676 20 238 602
25 94 982 317 35 156 526 584 307 296 481 12 967 102 926 419 870 64 760 941 995 856 818 320 58 967 128 485 666 672 26 329 547 657 368 509 770 444 729 522 225 961 271 694 249 327 739 492 267 342 168 864 324 897 254 176 444 957 558 885 510 856 761 730 804 477 258 365
59 187
837 519 166 567 950 613 952 171 712 393 463 199 1000 738 83 944 686 863 38 846 541 868 865 655 855 691 290 357 436 836 921 922 63 350 595 242 762 731 413 392 327 873 987 839 616 103 995 526 949 150 873 736 672 286 573 889 255 376 567
954 908 357 451 599 576 444 700 163 669 176 841 480 305 938 404 787 697 802 635 871 335 278 623 204 204 599 208 826 501 230 450 888 161 769 811 606 762 625 942 582 541 132 992 746 365 269 132 501 191 860 587 189 263 307 839 759 327 973
28 914
796 179 132 544 685 425 199 537 662 648 447 812 767 413 49 18 882 439 26 419 760 6 888 646 4 448 196 680
939 83 773 377 172 809 955 415 135 326 324 4 365 244 71 124 460 528 250 272 973 306 647 877 654 440 938 237
66 86
16 996 177 300 753 136 18 499 821 207 45 474 104 185 471 847 290 848 128 269 539 308 814 679 62 807 703 203 489 418 297 138 508 607 645 278 237 547 952 203 755 754 876 978 798 438 361 946 845 717 127 532 679 150 497 947 804 507 870 864 428 744 527 686 880 439
428 822 868 284 624 278 537 401 335 452 44 603 258 943 393 487 797 353 312 297 615 19 782 858 345 345 412 797 229 555 204 314 9 709 725 848 631 471 464 518 207 48 77 778 776 373 504 478 46 374 734 399 585 383 313 76 474 852 470 363 174 391 906 879 955 478
28 470
381 420 719 420 817 142 570 357 4 411 389 360 959 152 959 761 248 794 369 847 302 708 317 343 282 767 562 780
64 884 629 978 642 171 513 396 671 445 966 543 180 531 328 830 609 558 894 822 114 343 259 865 22 419 161 467
58 254
2 460 241 849 28 870 878 496 177 213 649 860 699 968 50 577 339 191 762 163 693 288 994 166 35 750 493 756 184 552 929 549 971 60 654 423 351 465 430 75 485 618 120 329 524 523 363 387 314 487 774 296 952 893 466 905 489 226
930 994 189 944 58 981 31 119 849 251 946 403 863 102 195 832 442 626 585 775 442 992 770 605 880 810 675 369 198 549 159 694 707 205 83 991 358 912 710 155 929 914 889 488 829 860 875 586 273 198 462 378 30 290 880 341 840 831
53 725
113 284 551 967 988 779 106 641 385 658 443 987 988 865 372 211 95 81 149 989 363 251 806 876 857 687 277 801 787 467 416 26 939 606 390 340 983 708 786 786 431 872 171 621 457 703 517 297 730 504 776 600 122
740 91 589 827 817 133 669 782 489 366 584 278 67 886 963 566 830 457 908 914 639 984 927 667 101 777 986 84 690 642 798 263 841 670 493 416 922 747 534 674 996 720 248 593 892 587 607 315 152 379 881 591 683
100 988
791 209 626 389 75 82 650 11 565 700 742 784 6 16 576 786 300 483 960 434 691 837 771 872 796 523 59 441 832 486 987 741 515 284 945 962 756 619 66 250 689 98 694 151 135 867 213 941 61 591 82 163 569 88 593 406 312 482 265 904 905 166 194 188 982 944 508 155 577 763 625 756 508 490 678 215 525 506 41 940 428 538 757 71 394 815 61 415 552 509 319 137 70 51 658 406 6 130 205 446
538 497 406 749 251 510 295 474 71 853 337 725 808 909 546 356 49 67 706 633 824 759 934 301 762 438 113 988 47 980 39 158 694 419 986 550 501 566 390 698 518 565 325 671 371 578 55 998 28 501 258 970 713 666 724 870 896 662 964 582 858 595 817 711 468 674 720 182 296 141 105 402 696 204 156 334 141 672 461 857 924 69 185 401 866 678 563 770 263 531 850 562 459 383 560 912 463 792 248 70
84 218
954 998 454 718 956 576 569 762 148 794 398 603 876 514 685 572 778 729 565 469 63 227 111 117 633 667 261 453 734 866 745 931 29 141 559 665 657 792 725 573 225 257 397 507 315 538 186 698 602 174 872 173 158 214 579 648 154 629 447 701 777 534 200 127 189 403 98 179 508 816 952 36 728 882 1 366 958 765 322 614 297 467 492 894
474 657 564 352 414 728 104 473 215 552 623 299 352 970 879 978 631 197 479 64 265 462 322 138 429 66 521 199 8 867 181 61 141 738 884 539 453 491 352 117 702 597 797 584 5 127 864 485 420 53 944 582 886 161 569 160 438 936 768 642 581 80 151 706 894 181 222 967 259 190 359 457 132 74 422 61 637 661 97 144 871 525 386 354
29 469
615 822 231 660 391 448 835 151 638 132 434 860 968 998 981 989 28 147 180 166 227 555 410 77 813 497 525 702 488
902 342 606 899 683 938 348 203 987 123 875 442 532 810 169 344 747 706 929 155 176 822 692 523 931 584 123 384 164
100 251
733 201 111 667 729 425 682 644 871 85 773 243 902 24 136 949 779 604 493 613 239 737 204 716 8 856 71 976 486 647 2 646 672 862 605 655 276 234 319 257 731 411 318 140 486 326 804 25 772 71 194 176 867 985 252 439 546 610 856 648 610 703 772 163 261 439 633 783 265 504 382 569 607 890 455 810 998 41 97 812 287 89 736 381 982 305 155 200 119 468 490 382 587 10 842 7 415 905 649 602
590 541 338 993 902 297 75 25 747 970 11 428 363 619 616 926 670 990 188 778 847 189 525 830 643 267 697 611 322 240 545 218 117 873 5 491 416 785 763 189 28 285 992 784 251 214 17 928 788 842 651 216 478 6 619 438 666 942 236 226 472 921 43 700 952 672 77 633 884 843 536 728 420 120 729 953 260 374 340 159 706 491 215 526 209 348 101 938 499 229 557 79 708 971 116 51 975 474 526 36
17 571
581 162 36 530 616 905 906 814 898 345 897 869 841 654 658 169 506
733 262 961 210 936 19 68 402 904 205 348 784 739 927 295 450 436
