73
74 771
316 544 161 849 211 151 422 550 179 373 186 338 223 900 771 433 343 221 204 568 159 329 762 791 247 160 984 88 898 886 866 426 981 617 316 540 858 35 48 179 40 47 29 250 341 607 974 453 939 862 982 831 357 671 416 43 880 698 906 264 640 773 528 772 345 2 328 290 203 838 98 459 759 907
511 210 229 73 302 831 230 82 335 965 513 487 935 999 964 911 678 738 530 17 715 411 848 383 931 804 428 848 705 796 193 622 915 210 645 720 219 938 631 874 805 399 680 980 433 374 253 579 743 278 341 415 245 863 629 507 704 32 552 415 951 296 123 22 680 146 850 454 235 388 524 46 683 221
41 419
653 181 488 794 474 492 527 862 890 44 666 322 765 973 433 149 249 476 682 132 325 552 325 969 192 477 168 325 192 938 472 81 346 137 607 712 379 216 584 521 420
592 927 411 939 84 126 529 432 563 970 111 860 822 976 339 722 663 876 257 520 211 33 823 101 542 559 183 151 83 655 849 811 162 437 100 298 11 272 237 557 211
77 556
847 586 846 607 768 275 687 561 599 795 161 781 890 956 239 138 152 979 537 233 533 320 571 868 366 557 702 681 905 500 432 376 970 343 89 668 61 974 716 905 207 569 626 549 646 179 892 829 636 712 707 270 198 159 722 543 508 646 719 40 956 918 398 739 119 778 588 104 732 130 705 926 211 728 660 327 244
151 853 175 936 523 595 454 667 40 368 392 699 684 811 630 725 576 969 840 357 886 583 563 438 769 157 370 312 464 636 390 389 766 43 571 578 303 341 210 38 747 865 395 139 224 467 482 807 206 494 516 755 363 261 365 287 415 793 944 370 762 21 902 16 14 783 147 231 527 290 870 571 276 749 349 992 653
85 945
557 685 915 684 347 405 15 967 897 352 644 731 176 590 115 839 657 507 892 653 499 612 61 420 227 246 808 526 357 790 7 177 730 209 848 818 381 467 496 673 582 891 712 74 536 825 704 377 502 348 566 696 490 596 158 796 40 76 239 586 659 652 785 182 362 46 420 210 787 990 67 484 640 257 200 126 283 810 606 988 214 330 26 148 259
636 484 624 561 888 853 629 186 713 157 315 798 302 581 315 132 106 407 535 833 278 756 772 914 381 153 228 334 96 162 430 402 827 384 422 704 247 804 450 435 260 374 65 812 769 1000 700 362 181 133 669 109 562 53 936 352 800 719 871 43 738 3 620 639 706 778 128 901 772 347 275 867 932 25 773 354 90 483 871 614 872 925 745 464 515
68 911
320 449 403 517 965 355 147 1000 66 4 260 648 894 545 138 127 624 736 346 121 542 365 415 338 454 211 670 110 166 101 886 18 589 780 68 709 318 932 218 860 455 907 663 45 73 75 948 334 932 706 769 576 684 513 831 632 3 997 664 756 627 292 338 514 245 590 877 741
597 443 807 293 186 319 259 894 589 430 315 846 532 493 277 317 279 846 983 935 973 1 677 695 772 589 572 121 581 84 255 609 494 210 879 548 262 654 245 405 758 528 398 625 244 696 42 109 337 293 117 743 434 353 487 814 262 998 723 395 461 955 121 298 376 515 444 673
52 488
356 440 932 469 568 602 132 941 973 703 814 525 264 301 986 337 397 213 920 874 927 507 172 976 453 420 666 984 40 422 237 169 930 111 58 748 379 932 258 327 884 377 457 832 910 347 504 922 867 13 28 588
867 740 725 377 171 747 706 373 551 64 698 673 416 533 193 421 830 553 857 422 168 28 874 665 721 850 819 438 270 370 431 204 832 618 984 85 877 262 956 986 957 679 490 54 340 888 989 834 347 431 732 492
8 652
164 582 520 936 570 212 836 961
823 112 961 485 947 726 33 702
58 873
211 572 254 145 861 355 800 163 649 785 372 909 602 128 19 653 159 490 313 597 1000 764 233 327 645 297 296 367 92 93 156 947 519 201 44 544 932 75 485 969 381 262 193 325 408 746 494 99 342 802 634 892 512 674 390 69 556 571
558 639 272 533 931 207 198 550 235 98 107 826 172 150 612 941 777 966 153 990 466 677 46 965 37 52 495 492 335 409 255 786 751 182 492 414 177 563 328 534 761 569 726 426 725 607 362 945 883 1000 166 363 987 875 451 936 367 945
26 495
565 17 186 780 499 203 921 894 146 725 618 884 764 396 308 2 709 256 907 151 497 466 983 575 377 849
807 140 391 561 924 98 701 792 937 394 833 61 292 862 967 488 208 44 960 41 972 859 710 196 822 174
99 824
967 997 254 366 372 515 436 630 551 614 354 163 292 59 903 302 662 198 523 865 271 243 877 978 127 993 800 916 906 470 923 175 529 996 785 248 844 561 393 429 244 297 590 556 585 700 839 698 885 597 949 404 344 187 825 570 749 578 634 401 746 390 426 919 687 520 325 964 840 370 695 540 330 449 3 578 134 721 867 200 963 796 761 761 956 963 294 781 928 548 737 24 882 391 19 12 769 81 603
401 443 224 112 112 859 540 668 516 504 180 483 315 814 211 619 613 593 509 315 224 227 414 425 63 621 333 541 587 306 348 671 504 789 621 534 581 645 376 393 789 572 63 242 864 229 309 815 750 936 531 424 847 670 162 584 178 268 520 904 311 337 927 586 912 434 642 487 830 767 576 288 735 399 874 163 276 672 213 425 176 405 836 929 741 926 23 446 10 705 57 719 939 147 291 926 422 39 467
29 38
862 270 59 902 933 195 870 740 294 771 987 528 278 757 201 627 483 622 883 806 160 590 856 860 131 735 436 446 982
389 304 998 457 770 591 678 245 578 475 755 95 39 980 722 332 573 332 629 623 909 611 130 797 958 951 434 410 14
63 385
189 292 829 107 682 797 532 907 75 730 991 920 543 937 816 352 608 296 875 831 396 687 170 492 192 843 934 688 3 599 748 305 668 211 393 158 961 595 165 17 786 176 542 409 524 12 6 143 595 17 931 371 812 987 638 865 734 576 895 490 562 572 463
226 180 855 224 755 549 492 90 556 438 891 166 223 142 543 157 496 686 398 639 415 326 207 27 92 377 16 93 621 121 185 988 118 905 586 508 16 368 839 214 764 309 711 286 304 950 144 591 281 780 811 366 586 234 418 407 465 539 673 293 632 379 473
33 378
662 802 195 303 283 246 225 785 166 939 255 946 872 321 464 44 615 942 307 38 650 397 989 207 308 792 989 605 428 422 927 476 870
101 853 299 152 976 747 68 621 536 497 447 591 244 761 202 606 682 226 524 668 856 401 353 426 342 941 822 197 943 831 479 483 744
33 449
428 440 661 673 403 390 937 74 960 531 886 109 809 405 546 438 165 749 147 983 130 357 791 840 686 506 182 741 619 992 330 990 468
581 855 112 218 583 287 629 161 252 12 759 608 642 630 2 451 681 404 587 20 295 988 906 177 92 983 254 947 447 444 592 863 44
21 542
133 546 618 601 50 771 798 32 118 663 711 877 457 319 603 168 112 127 160 612 475
911 902 533 455 119 752 860 258 702 582 522 985 576 312 90 103 332 658 97 560 755
85 867
996 964 17 619 463 318 788 146 881 970 22 573 354 787 187 897 753 470 404 319 196 263 583 26 575 438 937 291 870 959 152 761 51 269 901 190 143 915 133 588 521 596 829 774 125 65 977 969 23 279 408 855 538 980 560 652 67 967 105 703 650 659 101 223 521 839 414 227 470 895 614 814 146 788 342 599 781 232 290 119 362 530 325 125 204
952 449 399 647 719 97 8 45 871 904 895 154 741 874 626 507 744 262 949 558 884 962 74 275 142 844 970 50 141 793 230 523 187 247 902 69 175 944 839 832 205 601 73 33 937 677 442 504 671 707 613 331 825 447 233 815 492 512 713 765 111 514 574 943 102 354 578 435 377 372 742 439 674 928 470 402 418 952 503 284 961 940 639 299 211
69 905
28 377 39 760 367 656 757 721 585 834 96 433 392 849 792 595 433 598 549 492 528 346 234 155 937 101 800 497 918 411 692 6 414 788 377 838 749 855 938 425 491 62 496 226 746 14 174 202 106 420 790 453 625 519 946 557 817 866 269 764 880 238 215 113 286 709 541 584 928
370 529 659 34 551 1000 942 928 708 972 490 742 625 995 813 210 544 518 184 151 603 156 293 261 927 660 739 162 751 515 995 656 561 17 81 799 141 42 902 444 965 772 698 929 840 778 186 242 711 79 461 900 886 21 548 990 101 969 707 720 196 655 64 65 3 44 494 381 247
78 930
193 641 78 908 95 405 252 647 620 807 355 261 410 378 775 139 191 239 399 369 581 494 54 746 367 192 900 753 222 798 734 892 579 741 349 998 112 684 289 856 619 22 895 949 383 450 726 903 637 920 285 131 856 974 258 549 193 191 390 666 387 68 461 15 461 26 366 459 206 233 947 323 137 460 517 641 777 247
789 787 171 939 832 900 834 3 64 61 164 436 4 60 404 148 129 817 108 751 455 306 93 887 900 732 703 61 612 690 700 929 55 94 566 174 703 396 223 366 551 986 253 438 311 985 697 869 227 274 646 958 765 230 340 296 29 118 56 933 797 115 633 460 137 881 478 388 348 826 253 622 90 719 520 591 424 535
90 16
774 897 948 511 956 312 886 793 404 940 711 861 883 756 229 524 73 217 29 382 16 689 501 867 478 709 463 372 638 761 976 456 477 630 108 11 746 574 663 883 15 178 34 14 325 583 275 533 968 655 793 107 165 289 285 588 792 455 569 481 667 670 510 217 543 57 298 871 191 570 531 394 152 59 698 167 865 819 372 770 237 906 452 629 531 999 813 128 9 925
285 21 287 454 546 594 341 302 132 927 548 250 582 596 197 209 844 177 821 856 266 781 124 667 38 941 598 999 811 329 264 224 740 861 863 423 42 726 659 698 58 870 263 403 857 655 595 438 555 872 936 356 204 514 239 709 248 341 314 997 377 411 590 943 870 321 47 590 342 55 423 412 943 531 180 120 290 603 617 866 275 736 491 401 72 161 444 699 865 349
73 606
868 848 648 502 247 117 955 374 241 523 49 561 996 246 368 636 977 502 323 933 246 458 170 259 550 887 808 500 884 68 303 23 711 717 619 329 943 94 756 604 158 477 415 80 455 835 128 774 282 795 871 808 977 695 96 468 130 614 892 798 492 527 644 13 167 293 559 470 665 565 716 997 670
375 635 744 834 327 528 604 187 590 423 910 901 524 747 552 550 121 689 776 579 754 134 591 975 709 101 976 607 919 533 647 733 639 620 788 990 989 633 965 545 771 673 777 860 187 772 231 882 366 750 747 876 856 541 29 853 359 635 866 822 373 767 756 146 981 636 919 231 309 852 902 152 956
97 661
459 691 166 324 888 285 724 140 463 592 614 69 936 17 469 508 508 394 398 156 759 253 624 599 993 2 347 413 665 413 314 306 555 251 568 456 65 109 139 555 483 77 888 977 275 470 261 9 869 548 830 995 87 414 456 224 583 618 358 979 683 723 416 590 72 395 615 578 523 529 308 207 136 585 58 527 168 780 804 86 884 963 156 775 567 601 699 417 987 774 35 295 180 890 647 143 385
251 503 927 941 292 748 665 371 54 88 418 442 57 855 949 296 77 988 407 40 278 256 989 493 831 563 707 892 291 327 919 316 938 554 329 323 30 943 692 601 846 998 300 736 59 363 885 908 703 81 998 245 901 523 546 534 732 410 235 770 354 401 856 887 935 59 449 38 664 702 947 264 793 639 196 86 79 360 96 516 898 779 324 319 952 29 58 154 503 453 574 837 225 83 153 213 936
93 80
671 746 225 565 543 916 721 404 251 640 727 594 913 108 956 513 833 702 516 83 877 744 621 500 68 998 179 655 53 406 879 41 579 811 811 428 535 748 656 618 938 425 727 709 491 502 979 563 537 879 657 925 357 353 546 522 54 582 1000 892 656 740 498 988 31 797 20 448 985 952 845 80 46 842 10 221 609 254 833 767 515 870 68 129 108 337 819 227 790 329 950 558 420
826 12 893 376 471 973 575 513 295 442 844 910 289 890 803 95 374 441 169 382 750 889 190 399 665 250 117 415 869 464 326 202 474 535 668 846 136 38 200 726 733 12 151 88 664 918 127 717 72 62 937 718 134 494 213 177 892 385 655 562 422 856 281 408 685 938 871 630 674 452 853 198 737 656 532 676 569 363 165 609 41 317 584 114 171 558 845 11 891 216 772 67 110
63 768
120 314 843 293 306 283 886 719 193 597 952 815 201 854 494 837 307 948 311 155 187 397 148 197 140 868 350 411 531 73 374 756 574 32 834 534 457 24 877 427 361 697 158 105 999 380 852 866 815 906 896 697 859 171 945 113 731 815 404 168 181 402 355
742 781 977 654 271 976 30 245 48 950 131 490 312 250 873 181 101 199 830 871 31 49 509 545 261 127 732 821 775 313 829 675 752 801 205 152 92 421 608 201 453 310 331 435 10 271 573 580 659 798 738 196 325 761 495 153 216 194 477 912 660 464 567
43 222
167 157 753 819 441 331 520 362 798 677 410 48 92 207 409 51 434 421 987 485 425 285 507 414 88 604 331 230 972 110 563 753 863 102 289 93 622 732 285 270 646 543 385
790 124 53 979 938 833 472 844 918 918 716 759 905 67 317 360 442 414 862 621 985 135 445 750 433 811 187 682 665 687 760 71 827 417 357 329 68 308 507 469 462 880 841
70 426
160 700 382 743 281 326 280 643 497 3 593 161 646 320 382 965 580 49 768 632 740 91 175 237 310 404 991 207 399 62 613 767 251 211 459 705 921 861 969 320 663 333 38 321 622 862 984 909 670 437 845 93 405 396 367 896 29 380 677 660 48 245 795 931 135 361 66 56 525 258
907 940 804 609 631 273 299 971 819 654 911 537 617 50 301 284 957 459 434 336 102 215 835 429 485 980 118 734 23 457 503 2 619 247 474 53 279 687 640 724 119 236 84 836 633 810 407 21 737 186 334 883 870 876 611 854 745 97 419 22 387 448 825 565 928 801 54 132 505 133
70 505
673 129 426 402 912 39 117 510 401 498 494 123 138 349 701 545 562 738 981 860 515 368 768 971 129 761 963 362 203 511 633 228 444 764 938 807 869 162 277 515 106 582 73 787 200 175 430 250 138 103 337 824 101 785 686 882 620 908 554 133 794 250 709 705 554 61 279 879 589 332
368 949 168 285 747 665 862 287 130 19 409 821 815 264 755 1 172 605 181 860 327 212 674 334 922 277 925 216 119 944 617 398 427 125 958 495 714 29 687 340 205 181 684 712 975 686 145 590 970 544 770 309 868 803 529 775 808 630 283 159 240 676 570 466 823 622 862 128 458 566
88 572
869 696 162 470 597 740 468 356 488 616 169 126 332 761 161 234 341 847 414 127 320 5 539 114 625 736 1000 270 935 251 785 385 966 890 145 407 254 896 847 182 237 250 459 284 483 814 696 31 686 470 475 587 615 852 471 207 783 800 628 510 102 259 493 755 5 906 56 431 307 757 851 357 695 583 502 516 480 697 544 356 864 797 622 794 491 52 853 318
978 20 397 852 642 859 173 791 7 684 945 342 778 193 455 883 389 637 464 944 961 427 828 449 723 153 8 325 740 74 943 577 438 831 879 636 969 152 939 334 829 421 459 533 138 897 755 379 118 186 121 204 569 815 379 126 922 620 491 11 734 969 519 412 175 802 644 622 17 430 480 605 469 58 757 45 54 861 442 465 457 323 65 262 117 796 528 419
20 976
160 763 46 717 472 105 505 100 501 59 548 991 466 765 904 761 170 813 861 726
364 604 773 176 824 83 307 382 3 792 968 984 416 892 684 596 909 965 458 932
50 122
429 828 345 258 756 946 127 673 259 669 583 23 704 734 982 85 834 811 796 630 233 221 341 956 727 518 969 543 436 881 613 997 877 797 325 151 504 533 307 487 115 528 577 76 184 470 614 363 74 229
276 895 43 596 147 248 937 75 83 235 910 502 843 156 792 367 270 466 573 766 59 185 921 679 248 660 122 843 516 568 39 414 965 806 365 626 905 823 216 763 449 800 732 126 447 560 74 885 835 792
36 272
246 703 645 626 989 819 256 608 81 231 637 37 168 302 509 819 573 979 877 182 688 705 713 35 166 239 932 581 892 429 682 862 643 161 64 13
318 954 197 84 199 876 999 409 81 705 905 403 758 896 498 703 867 96 865 671 307 722 548 486 692 290 146 748 664 80 945 637 577 215 889 275
92 744
677 978 469 641 149 231 644 251 948 501 718 285 247 630 392 166 903 927 206 301 727 756 943 40 963 219 798 212 751 419 406 209 55 327 360 800 914 414 382 841 595 4 239 508 462 287 537 446 816 265 186 877 697 14 966 506 510 731 536 849 132 32 437 82 391 686 105 654 823 312 251 479 383 486 10 439 579 92 344 26 392 773 15 131 915 375 419 541 959 47 486 315
871 231 392 888 524 402 28 722 589 474 353 94 159 619 291 982 342 455 146 152 100 561 821 385 862 94 505 874 273 615 383 754 969 883 532 222 534 869 261 391 675 942 207 616 764 459 851 1000 858 277 773 178 322 94 92 417 635 339 406 914 976 975 368 423 897 203 447 854 786 940 704 299 780 878 910 642 222 35 333 894 139 337 867 680 962 643 759 742 877 555 85 922
91 771
154 268 547 883 323 525 139 194 984 495 216 488 692 208 142 202 915 515 735 822 568 825 220 748 754 382 146 357 921 71 30 957 159 596 201 953 343 708 759 787 296 869 901 121 67 195 284 129 547 439 214 567 929 847 49 834 789 324 912 733 887 692 261 7 634 934 947 582 256 585 406 334 559 316 328 858 937 646 948 78 401 412 257 79 518 882 417 261 699 560 719
50 803 406 31 918 330 737 293 623 633 941 988 60 610 229 896 426 894 204 473 549 721 251 217 296 466 371 724 694 781 675 68 569 940 944 829 206 918 837 437 600 250 895 87 376 464 285 152 826 311 309 978 156 614 931 823 522 520 739 881 802 996 542 649 402 819 664 630 750 885 109 539 852 770 606 734 878 663 256 798 924 745 113 83 424 941 848 28 764 197 356
17 666
443 559 448 348 138 427 334 982 102 711 124 95 433 924 86 544 975
920 316 418 861 987 902 415 900 140 545 733 669 499 851 328 523 557
88 146
18 932 266 305 6 959 764 924 792 36 380 880 355 611 761 754 81 48 365 737 758 395 801 784 206 629 527 253 799 709 723 210 55 614 497 863 881 286 478 113 573 683 785 960 366 385 773 289 536 578 950 881 217 187 453 714 405 641 711 977 927 750 861 102 184 431 979 801 160 371 990 748 75 703 293 129 236 780 906 688 751 417 633 923 358 604 664 994
238 670 326 3 998 696 525 382 111 155 464 140 970 491 686 331 353 208 286 80 966 70 686 133 6 556 355 849 313 162 894 496 95 768 775 444 31 903 875 714 652 638 327 118 248 252 93 605 904 354 547 130 276 449 607 389 944 628 829 192 173 211 455 797 828 955 414 776 433 297 987 916 335 102 484 588 78 405 875 415 342 105 340 511 914 876 13 909
15 85
714 577 809 911 670 510 181 781 791 858 102 922 267 571 365
628 47 701 350 414 103 500 763 607 986 83 277 640 211 593
18 950
752 52 153 130 301 473 255 102 231 268 716 677 53 949 853 61 1 653
880 963 526 492 221 940 336 694 473 291 623 122 722 216 446 718 146 898
61 390
270 961 93 336 573 144 35 811 323 76 913 774 421 767 239 751 539 932 957 168 31 670 215 530 913 277 425 569 588 331 728 268 360 812 154 838 937 650 5 563 108 874 418 155 236 419 239 827 151 811 84 806 923 379 449 775 920 608 439 961 597
725 379 407 205 325 506 327 803 321 804 384 916 161 433 13 459 878 434 283 265 979 383 745 858 458 806 547 409 696 28 785 181 73 553 538 185 760 999 251 930 640 851 187 263 399 602 51 68 323 141 966 125 629 143 780 46 175 747 241 278 79
26 192
785 376 224 235 856 407 835 361 838 85 2 586 950 359 887 964 439 436 188 181 606 639 643 856 532 835
311 291 620 833 226 466 40 61 46 18 262 49 303 153 371 315 113 55 837 320 56 349 513 294 953 648
69 802
998 696 694 54 867 993 453 175 988 473 990 411 555 894 536 426 921 891 293 596 247 930 61 515 386 383 178 956 345 691 136 803 713 876 467 64 820 238 164 764 635 872 972 115 449 73 601 553 91 352 857 867 839 465 997 102 720 217 39 264 644 383 779 952 271 82 73 132 118
336 722 126 379 305 844 346 986 446 319 401 970 128 547 141 762 69 598 405 891 381 866 910 674 657 858 894 29 885 826 98 254 156 62 223 15 852 654 67 640 995 577 139 962 469 171 606 105 355 447 223 311 808 831 66 358 605 909 150 181 662 303 738 434 530 72 370 888 751
89 451
181 850 972 299 989 361 618 579 672 23 29 438 673 962 208 130 317 127 744 376 545 503 395 632 628 361 985 964 126 449 7 49 732 895 796 911 472 955 811 784 741 863 858 551 321 174 742 482 353 922 148 728 685 457 698 365 464 223 256 160 600 743 22 14 759 358 450 425 856 951 315 741 809 49 521 369 262 39 671 354 387 21 624 859 209 750 733 754 702
794 637 867 244 132 20 675 175 575 626 878 59 649 525 98 932 743 626 551 441 147 103 883 635 703 2 540 486 316 460 824 715 840 767 784 671 366 339 795 694 798 378 875 590 339 701 262 450 424 860 849 715 760 910 531 951 21 98 664 818 284 644 522 313 250 190 806 161 445 981 378 966 770 789 207 994 312 912 853 764 877 482 311 142 771 918 742 513 276
46 522
610 114 297 175 860 711 480 975 794 249 564 433 773 886 311 269 900 27 88 1000 444 13 23 887 247 660 877 216 665 77 420 765 883 131 659 921 268 52 974 296 445 798 409 941 99 365
419 995 639 237 654 733 48 958 380 789 686 142 71 19 463 294 58 613 815 899 400 518 149 577 119 84 366 379 8 751 903 491 424 583 700 322 425 987 609 786 409 105 175 561 389 698
88 429
366 469 716 408 890 868 321 902 223 887 864 606 908 673 349 219 735 592 725 858 995 685 6 614 378 359 43 366 527 506 507 223 576 118 714 599 77 186 13 248 246 908 687 809 590 483 827 348 669 395 376 167 121 379 589 411 293 460 492 579 377 691 432 819 934 483 398 505 116 741 934 441 796 205 806 620 831 311 926 897 238 267 408 514 676 813 648 198
170 759 98 971 291 334 432 805 666 113 186 200 19 925 846 443 756 143 103 174 78 588 446 447 964 704 630 9 611 394 345 576 247 672 182 907 102 664 921 190 745 146 866 677 116 986 608 240 429 812 19 812 298 251 799 791 549 480 689 948 401 970 669 886 760 361 948 478 936 501 592 620 263 277 470 18 749 129 225 341 835 808 128 431 765 762 566 966
33 142
621 41 353 361 135 666 198 858 334 199 95 247 656 252 159 743 371 232 860 953 776 930 803 253 611 458 263 471 726 866 697 380 593
607 285 825 765 699 208 827 387 808 49 35 844 414 495 598 788 985 872 478 52 711 158 323 433 864 315 808 444 244 885 914 464 393
35 206
777 407 853 115 35 6 236 700 11 701 795 751 526 821 42 878 717 273 923 412 751 292 843 734 6 893 908 149 594 953 133 531 942 168 459
863 752 714 210 576 239 126 920 93 807 848 596 811 795 132 789 525 801 205 313 568 30 648 951 410 32 214 622 860 302 93 324 767 241 515
9 783
802 263 920 502 128 410 178 417 30
314 345 248 162 273 372 943 535 370
34 759
858 750 449 2 81 248 777 604 361 975 156 15 681 118 921 403 742 274 252 71 281 799 188 16 311 989 794 10 444 839 9 867 253 864
452 478 391 645 388 653 84 641 954 561 772 288 300 12 209 830 96 28 88 345 401 419 394 534 62 176 777 758 285 100 826 316 62 23
48 427
857 899 260 297 64 560 474 389 39 700 758 88 150 774 402 22 474 276 46 416 369 178 758 905 426 684 594 753 861 556 446 921 11 213 864 869 923 57 363 12 261 964 816 204 392 628 806 274
133 657 125 901 164 182 578 519 864 282 56 419 355 519 365 531 537 839 822 636 244 431 10 785 134 30 393 615 910 711 892 487 191 141 27 496 591 743 893 147 480 429 27 761 841 876 627 536
27 404
381 853 388 9 898 800 269 494 640 943 207 865 57 851 944 501 540 130 29 745 458 34 390 298 771 10 501
86 525 916 753 915 964 874 991 120 542 486 67 846 191 585 891 62 331 278 479 135 688 811 919 316 717 319
86 719
977 417 35 392 824 970 891 686 820 364 750 309 757 46 492 254 901 477 577 836 579 770 963 38 756 255 107 380 687 781 50 389 739 240 600 333 468 258 908 882 70 761 481 505 684 50 122 688 746 90 113 453 895 770 297 722 232 339 358 339 839 704 621 282 415 98 679 147 531 607 244 621 919 869 710 150 156 145 298 778 178 429 324 140 465 608
148 524 707 563 534 925 507 370 298 799 754 824 384 35 237 213 152 768 734 656 284 223 590 384 578 149 702 981 325 570 544 527 951 842 138 592 426 188 413 294 234 584 745 623 263 244 104 472 326 489 234 169 446 339 10 663 889 226 240 354 701 484 765 911 377 74 288 822 856 486 848 633 267 312 456 338 852 782 429 310 395 228 190 298 857 620
73 717
333 347 456 707 227 482 722 856 870 345 577 126 417 225 153 584 962 67 160 476 316 870 411 803 821 244 217 754 912 906 748 67 624 877 416 861 595 450 386 368 570 184 924 241 261 148 517 505 457 610 435 524 25 154 425 370 258 564 527 391 850 652 551 110 947 705 651 907 627 238 570 741 752
953 73 67 940 108 542 40 501 606 291 902 776 429 466 952 608 468 235 880 570 1 509 978 974 753 157 780 894 375 47 384 326 488 895 522 774 774 407 803 186 571 907 683 352 976 542 633 884 796 592 179 865 671 740 924 833 654 85 52 37 788 919 61 287 611 891 916 990 955 985 827 223 933
36 402
375 692 155 225 255 381 225 222 530 971 625 867 676 220 234 150 996 496 253 118 766 947 388 793 907 342 371 302 737 880 452 981 569 986 40 698
362 56 693 520 882 681 317 781 584 951 215 153 301 780 757 941 759 106 774 970 376 77 627 711 331 801 194 645 863 647 709 277 63 722 438 192
9 60
163 893 767 232 672 199 809 989 657
763 541 94 180 998 124 811 386 768
51 605
244 806 386 582 408 973 725 199 838 457 623 944 505 25 843 545 836 609 5 952 797 843 826 270 6 41 107 637 212 48 969 441 490 686 960 327 205 460 834 109 968 631 341 319 299 737 646 99 117 294 290
404 342 356 763 874 74 439 899 830 723 651 681 515 299 679 18 922 247 466 51 107 171 899 255 535 674 747 254 437 513 399 904 764 296 209 782 615 482 466 161 172 315 411 326 524 58 348 390 185 841 921
34 169
661 917 967 6 555 128 434 588 528 797 861 955 664 716 14 710 457 984 791 756 553 658 215 763 629 654 293 143 740 310 583 790 472 481
866 689 241 424 315 366 587 924 734 423 429 632 271 361 382 73 754 972 35 247 189 516 55 889 622 802 125 791 538 442 828 845 208 214
31 982
73 654 359 767 801 754 166 961 335 689 337 492 461 901 576 55 119 488 650 578 108 638 14 855 13 250 564 775 807 107 887
92 51 282 902 802 227 381 194 938 515 747 726 944 877 575 906 458 898 977 194 73 338 256 86 592 456 184 865 367 707 51
52 707
561 238 635 203 657 813 625 220 148 2 447 180 157 282 223 529 516 613 221 381 647 148 606 218 743 727 163 693 890 571 742 124 616 534 461 41 189 217 904 935 773 710 166 149 367 75 608 39 985 309 517 189
33 281 594 247 787 526 742 323 627 966 597 639 459 973 441 337 685 809 902 890 782 149 111 327 172 625 133 216 285 296 19 733 702 356 643 655 572 470 902 989 673 847 663 80 501 569 689 879 34 715 917 546
87 209
284 932 499 907 789 708 513 100 932 192 996 736 15 192 346 466 459 344 288 29 206 538 492 69 684 681 682 993 892 17 15 267 238 682 344 350 126 479 392 958 461 944 503 981 305 213 401 395 416 447 527 41 338 138 508 925 209 146 609 895 39 553 739 945 352 665 779 476 616 232 634 736 862 970 776 635 405 252 943 400 733 873 971 539 564 63 975
655 824 347 857 861 492 232 758 151 749 112 200 407 354 865 930 884 303 227 962 962 341 373 956 562 561 988 130 263 979 563 605 293 471 276 358 774 552 825 330 202 834 594 86 474 123 26 214 973 306 607 634 752 160 133 647 573 302 763 89 769 909 958 684 377 164 472 330 34 358 19 133 504 105 1 87 91 484 612 34 520 668 709 631 380 119 23
81 897
44 941 473 695 663 958 584 265 24 592 431 875 768 283 368 881 392 632 588 979 905 156 543 339 264 30 37 957 605 833 218 194 949 176 695 615 958 963 460 791 782 935 939 749 132 676 148 654 267 926 766 709 822 738 598 187 288 736 906 245 717 837 83 784 567 441 810 669 77 105 439 924 640 51 631 270 601 894 671 53 717
494 474 253 991 725 177 48 942 572 934 512 744 971 449 29 185 949 942 56 652 867 695 328 884 829 276 52 318 997 756 514 893 386 133 897 782 725 716 928 370 917 615 947 294 743 969 233 531 543 856 647 662 384 43 484 29 823 297 506 132 817 785 411 569 119 488 731 287 956 904 670 106 92 466 806 708 486 204 821 531 133
98 705
707 528 326 903 4 563 845 954 589 818 914 1 818 738 397 955 252 810 347 311 516 800 534 656 819 625 442 298 679 615 484 614 161 699 498 27 584 196 514 538 355 208 384 598 16 270 64 532 707 671 602 795 394 78 798 93 222 703 775 370 175 668 427 439 449 297 916 553 641 249 303 764 743 375 388 394 122 760 330 182 652 577 993 572 311 228 308 629 781 837 418 699 130 45 250 196 695 495
636 245 989 644 3 45 777 79 421 322 334 562 494 597 968 316 238 888 840 341 990 467 362 110 799 756 237 417 851 570 843 348 904 226 811 888 274 976 674 636 637 792 349 678 283 98 520 841 705 827 421 872 147 555 382 803 901 415 775 586 886 763 7 212 580 495 275 71 310 753 723 150 371 866 215 771 296 384 671 97 972 889 279 537 19 853 168 874 161 458 807 677 640 645 420 544 169 40
41 843
839 666 808 509 957 236 870 933 345 554 388 657 763 789 960 822 814 48 721 950 78 577 796 680 512 161 945 810 696 743 349 761 760 552 27 786 737 949 88 818 355
312 699 829 828 727 881 708 178 440 935 580 188 659 293 503 192 995 927 729 512 501 838 407 820 26 387 748 231 72 267 139 39 717 862 884 76 506 865 978 791 961
33 851
775 855 54 647 616 80 436 769 303 497 903 95 893 562 463 540 107 607 911 167 55 101 641 955 337 522 866 648 307 890 812 811 596
903 449 562 568 139 914 821 441 97 693 405 854 419 325 68 691 738 778 342 363 137 573 463 482 949 788 695 71 467 378 304 68 635
16 87
92 588 23 38 286 78 584 372 120 720 876 821 877 428 499 817
503 819 812 842 203 352 873 676 939 15 204 177 771 995 950 892
61 148
951 20 571 921 548 382 664 583 624 459 569 76 146 28 309 641 644 956 613 153 488 73 121 422 129 70 90 902 601 841 279 952 365 271 358 685 723 294 592 285 747 729 250 584 309 471 190 205 880 254 58 682 540 97 248 791 289 452 656 114 979
392 551 186 733 950 828 200 792 405 198 107 662 626 114 763 108 413 321 898 317 896 84 776 128 330 983 993 736 143 789 359 718 312 769 999 56 187 767 582 408 569 7 578 922 932 215 970 198 877 104 414 364 686 965 251 471 636 490 928 204 323
86 835
716 566 455 146 629 440 603 341 855 61 384 278 252 488 305 993 768 811 925 38 89 758 294 546 453 746 903 363 314 316 673 348 564 532 956 702 204 840 222 895 955 681 839 559 494 706 824 280 190 728 488 837 726 208 498 422 748 653 267 843 692 747 653 569 181 843 886 225 517 880 167 869 761 614 493 448 251 523 717 368 592 951 314 716 509 987
13 943 714 975 780 925 298 993 887 443 998 741 919 504 767 492 795 375 275 193 743 926 367 299 248 818 791 81 849 264 873 144 253 686 582 621 609 577 112 417 858 749 719 760 67 713 128 277 100 336 458 315 579 935 64 269 641 156 758 144 144 366 145 11 428 896 185 626 940 893 558 604 833 672 941 707 176 691 682 998 210 696 514 266 806 679
65 410
519 176 550 944 253 762 366 288 527 212 654 470 858 966 825 15 165 868 620 656 242 644 222 76 603 705 667 197 446 165 680 409 107 280 730 14 248 701 758 455 797 374 194 387 731 214 621 408 756 754 364 698 368 627 624 909 772 475 350 404 476 996 109 862 305
269 912 89 82 866 721 653 657 70 732 660 997 933 369 403 563 212 812 294 713 536 994 629 755 13 155 705 995 665 633 617 537 774 518 278 416 675 592 804 246 364 359 891 512 241 563 487 174 854 648 433 634 111 774 18 356 491 522 12 229 502 401 195 53 53
46 601
434 760 337 634 386 623 612 490 9 741 145 282 227 562 357 327 603 979 193 732 863 208 897 522 195 852 612 299 124 809 628 993 224 784 544 973 481 846 217 308 405 439 284 530 658 268
136 292 426 301 599 36 882 648 243 374 942 272 192 361 126 787 628 457 766 522 701 125 478 387 710 752 686 339 102 904 387 786 970 372 957 650 913 190 648 684 543 744 821 460 467 953
60 873
25 122 986 892 708 795 22 967 1 292 55 304 530 763 587 528 798 132 360 215 689 193 403 716 925 776 823 189 435 810 595 700 321 554 836 862 217 624 429 462 184 153 175 252 255 559 626 78 128 604 954 199 854 605 818 756 475 21 799 108
874 478 901 540 260 225 923 217 412 884 565 949 803 418 448 729 86 569 443 773 100 540 224 978 336 393 488 331 172 297 146 790 25 840 405 671 357 749 849 548 364 189 956 853 606 805 959 101 996 87 546 192 388 4 339 131 277 31 144 249
20 844
120 381 872 966 457 770 467 48 466 990 427 694 6 4 737 779 282 390 810 216
153 450 438 56 560 438 234 249 710 798 613 137 636 840 561 318 952 816 764 29
73 308
921 809 526 997 698 330 1000 516 492 293 183 189 876 195 557 559 876 798 72 764 706 218 151 595 91 458 756 626 452 333 396 742 992 531 667 54 235 736 421 261 763 680 262 852 101 405 493 817 991 467 595 313 393 591 163 322 933 938 438 587 483 745 481 820 711 571 87 106 34 523 288 990 316
855 748 543 248 208 750 127 830 669 664 819 626 857 902 54 934 789 587 248 704 74 493 539 218 37 429 188 958 978 359 178 395 728 44 64 264 245 618 941 677 913 69 394 128 650 253 601 903 189 847 123 517 285 176 454 942 792 884 682 200 12 77 594 212 334 541 575 375 66 321 699 179 696
87 359
292 108 445 72 506 801 719 529 79 115 771 386 18 385 627 770 693 189 695 296 467 86 54 764 364 776 571 970 141 592 428 161 795 388 570 398 142 551 235 405 115 99 468 324 159 178 778 39 435 681 525 842 9 429 452 949 62 505 102 682 356 232 562 27 773 184 286 27 94 37 267 612 449 823 417 665 644 728 386 114 511 375 366 123 298 264 709
755 520 257 733 207 793 312 291 102 651 1000 125 32 716 526 959 520 872 430 208 303 40 639 848 353 223 164 320 198 397 13 203 82 630 500 59 135 742 544 953 58 265 173 366 396 508 327 789 625 617 989 230 928 47 974 670 665 712 536 827 767 721 427 463 442 154 133 358 253 281 54 724 494 141 512 180 348 993 193 978 486 727 468 147 841 987 911
31 337
674 179 686 330 176 904 891 229 224 820 199 710 723 421 141 435 883 452 640 95 620 703 988 212 353 427 465 489 852 777 804
547 929 625 909 894 296 48 48 143 956 347 249 588 828 189 836 242 626 833 417 644 517 951 835 384 798 814 295 841 297 355
92 976
390 286 225 133 613 841 508 307 767 840 932 796 738 440 905 325 620 887 372 797 640 767 820 255 32 270 528 444 814 554 687 793 390 301 423 821 983 195 459 87 922 40 941 184 396 443 530 342 550 155 511 815 670 301 724 659 612 146 340 466 322 137 407 277 814 141 342 582 490 907 776 420 14 451 78 333 693 386 194 888 795 32 830 364 364 826 10 362 395 665 643 797
933 966 422 452 872 819 941 814 746 668 710 575 573 894 426 975 993 836 947 57 907 656 418 100 888 251 231 262 154 437 423 340 949 673 80 162 665 587 4 164 428 679 185 6 650 964 474 258 902 801 322 992 260 999 463 853 480 182 577 34 447 779 649 868 461 215 204 393 286 69 435 28 454 544 46 951 425 103 525 671 813 581 771 466 200 998 624 377 902 62 222 888
11 884
463 980 50 248 11 313 847 862 610 217 927
224 357 92 324 975 229 865 232 127 946 45
