83
89 857
947 22 716 486 407 389 116 345 181 146 162 962 456 955 257 667 976 222 902 185 949 28 513 963 807 322 246 853 796 114 985 648 968 358 102 875 260 543 655 689 124 91 334 733 377 913 83 351 167 711 628 243 125 454 495 221 85 89 260 969 833 274 734 829 668 442 791 795 798 689 379 978 311 555 864 979 790 113 859 187 66 556 780 925 835 918 908 586 717
737 546 28 183 746 589 28 876 237 915 872 698 950 750 967 55 921 295 801 99 795 10 566 125 176 106 153 827 569 211 149 107 511 832 579 91 143 275 973 988 851 408 384 766 54 62 681 684 146 628 122 577 54 166 450 254 847 781 657 585 237 263 703 56 44 644 408 388 860 508 230 631 43 607 432 34 474 970 854 529 653 220 898 105 343 333 787 102 945
57 419
205 73 521 73 925 276 654 103 234 770 468 72 612 384 746 350 832 378 611 556 714 377 190 482 930 786 204 480 874 579 64 696 367 393 99 880 278 907 903 945 579 378 698 431 200 536 975 533 652 147 547 568 444 416 591 392 101
502 81 177 329 234 632 773 88 49 451 648 321 583 533 201 826 271 169 841 203 959 219 397 805 822 482 258 530 489 750 50 141 701 10 620 523 888 356 323 20 312 986 499 231 47 804 308 513 312 697 833 225 947 821 966 325 888
5 344
722 777 987 851 353
153 496 695 206 947
57 754
711 214 525 800 910 407 290 234 893 278 256 53 527 743 787 268 580 277 426 985 814 100 203 226 518 397 171 440 147 396 45 79 762 9 124 432 181 71 863 380 929 34 202 517 165 475 270 839 625 498 52 859 647 77 653 928 286
690 563 562 790 395 651 587 317 233 943 162 6 956 91 20 613 147 23 126 565 510 797 391 167 175 884 441 691 496 688 893 887 852 950 952 20 397 370 529 486 804 329 146 939 940 624 933 920 263 788 361 283 229 541 203 591 914
18 489
717 139 452 92 345 756 297 537 941 213 422 160 682 401 620 749 583 789
905 954 184 931 645 188 151 122 352 745 866 751 28 390 95 715 321 183
52 877
661 373 422 49 689 989 741 1000 490 62 655 409 580 791 186 683 628 833 298 662 464 346 549 769 377 700 499 412 490 364 559 99 604 542 179 303 960 501 414 820 462 700 83 41 418 530 94 771 651 274 53 242
301 10 365 145 545 935 837 101 650 293 148 272 159 495 921 910 323 872 203 773 740 558 266 111 283 506 149 418 568 758 325 759 168 271 640 824 445 458 429 934 861 440 334 675 451 761 683 436 694 24 872 738
41 334
201 929 600 632 968 636 289 149 408 44 178 605 831 713 847 165 839 926 316 915 856 543 469 768 436 457 812 119 914 273 735 74 36 549 305 107 97 194 496 66 314
380 453 949 10 678 969 884 928 648 14 733 32 386 16 704 318 424 708 108 457 118 918 204 830 856 314 802 948 479 868 721 520 235 497 738 56 144 847 463 725 110
46 557
554 285 788 465 524 872 810 360 84 826 743 456 970 437 863 444 248 403 483 993 393 612 28 810 550 268 738 435 472 74 188 21 429 198 607 28 636 384 836 985 55 503 794 736 952 847
756 605 184 852 169 943 999 257 182 342 295 787 511 243 126 716 345 640 702 843 785 514 54 475 37 207 1000 351 581 152 787 295 968 597 961 756 497 76 796 65 537 115 73 536 461 820
61 787
329 807 779 397 231 249 886 142 590 949 715 594 336 852 853 125 646 584 264 211 306 353 286 75 78 868 194 418 946 2 738 641 987 859 239 360 53 524 755 407 104 312 498 624 801 562 372 951 932 940 513 423 638 331 984 6 298 506 896 242 674
808 613 187 431 420 964 299 813 325 551 713 587 557 333 607 249 78 578 617 160 466 421 484 578 964 570 104 459 442 708 220 709 507 931 937 615 793 536 295 856 805 357 563 537 716 735 308 262 372 865 905 688 628 665 835 974 562 73 828 605 253
72 37
338 53 215 992 998 503 135 377 681 244 818 523 520 191 737 445 116 136 62 455 454 974 558 894 720 596 759 455 816 891 293 207 617 708 650 817 950 615 767 67 975 414 974 142 776 268 438 508 833 375 82 554 414 533 255 611 307 664 210 94 249 656 397 916 5 516 266 490 783 214 603 491
786 444 738 413 756 253 192 254 970 61 969 120 323 162 573 587 263 59 858 999 614 425 937 380 702 289 16 607 84 344 25 800 59 961 818 717 839 198 137 862 492 829 158 124 830 71 240 444 540 479 255 80 509 122 167 263 790 767 771 469 124 232 316 692 868 341 139 715 434 959 479 902
9 402
948 722 795 121 244 238 48 784 17
368 377 193 83 391 245 60 710 489
9 604
95 860 795 136 286 747 179 971 62
388 703 291 64 299 636 404 240 462
42 242
302 809 176 491 914 279 817 407 678 472 428 990 744 863 237 385 654 913 666 920 138 476 800 687 156 909 265 293 268 41 858 239 929 474 176 357 630 55 306 366 649 755
635 909 264 197 532 700 386 669 330 722 951 230 707 468 682 456 35 683 899 360 538 594 342 622 588 53 310 97 327 802 97 831 607 935 75 277 411 27 820 103 675 633
52 60
596 579 83 25 570 941 920 559 155 859 152 476 768 619 76 823 56 171 473 24 229 269 575 768 559 224 301 391 371 319 976 252 932 126 53 70 593 101 823 569 309 353 204 220 735 994 139 464 81 647 511 555
167 492 937 732 112 384 12 665 711 217 737 746 282 337 921 831 308 235 643 501 252 614 872 92 477 569 370 586 669 433 875 867 185 287 345 45 648 975 824 605 252 956 664 958 775 648 651 193 460 163 126 258
41 20
484 818 657 157 153 11 837 291 209 509 746 79 738 749 429 338 667 332 699 801 727 675 835 232 795 543 654 798 230 514 701 647 658 686 406 103 579 988 472 472 392
271 642 806 202 875 55 242 400 16 754 287 140 815 957 921 234 544 135 812 327 43 215 201 427 738 112 183 410 754 312 412 278 245 777 965 959 801 163 355 319 558
1 202
836
276
18 79
1000 961 620 993 862 516 830 992 731 140 233 430 624 911 236 794 487 154
555 889 624 739 644 734 97 823 332 257 33 422 112 779 395 472 984 233
52 690
232 40 541 685 255 620 992 140 40 416 377 42 514 732 808 249 337 334 717 159 138 398 737 646 276 844 896 781 623 123 296 155 668 651 174 611 350 897 178 845 749 915 176 22 17 374 569 466 126 432 274 364
859 407 628 929 209 569 178 791 14 796 959 172 658 612 681 703 465 959 688 362 276 28 348 175 211 223 108 284 672 186 909 624 330 880 410 856 765 973 215 495 47 7 482 388 609 6 972 109 285 370 464 940
3 872
322 210 381
243 372 922
55 260
583 106 856 806 844 305 969 372 911 494 595 81 396 19 471 579 405 836 519 904 49 148 534 339 517 774 246 131 181 521 205 76 820 917 809 541 984 469 420 193 298 350 920 589 948 97 642 868 22 306 545 616 87 143 993
951 404 881 396 802 718 325 187 280 286 583 594 7 782 155 859 576 561 396 969 296 475 199 994 823 48 171 128 614 912 276 51 62 924 792 248 502 460 893 518 663 164 38 656 495 243 149 751 976 393 465 701 605 270 202
28 528
820 314 498 290 820 664 124 112 768 525 886 686 125 620 898 301 330 317 293 606 448 604 884 703 401 1000 384 726
969 257 746 473 727 633 417 958 973 485 619 461 301 884 551 756 843 945 173 161 702 401 480 164 720 758 374 695
7 285
821 237 845 945 777 388 814
360 521 507 580 129 262 400
59 207
287 713 201 45 675 562 407 412 392 902 320 461 343 444 371 883 825 710 310 344 517 413 737 764 886 105 25 903 212 451 731 964 669 755 625 382 991 352 676 386 896 419 707 983 133 667 618 255 47 674 886 727 924 163 416 297 359 932 886
121 385 324 215 18 185 864 145 746 705 581 924 582 810 718 969 669 563 852 921 590 950 137 456 390 683 170 924 135 80 389 469 252 13 962 369 909 787 833 282 828 447 430 921 573 814 609 640 468 87 540 834 135 140 370 421 275 720 533
40 159
200 698 884 995 744 462 36 86 400 380 282 268 343 456 869 753 924 240 147 20 727 212 470 316 550 484 452 807 592 552 456 403 710 34 425 529 240 257 673 838
967 403 422 72 211 634 43 666 143 434 670 822 508 640 510 666 477 112 226 35 829 306 971 160 536 594 232 900 601 341 53 712 804 733 832 481 122 885 507 293
22 786
345 877 816 969 229 836 879 565 475 666 202 842 184 52 622 659 715 451 29 15 793 661
43 664 639 999 208 948 233 984 326 75 24 553 377 382 466 898 376 480 716 615 78 348
76 639
978 66 733 952 474 309 187 454 287 798 196 958 299 616 843 976 141 129 190 600 101 273 112 121 713 560 158 340 32 737 254 600 161 826 848 127 898 745 475 811 865 777 952 515 65 694 424 523 888 815 12 820 830 938 806 761 136 731 752 889 76 402 365 532 859 973 608 899 151 818 854 110 647 467 174 763
456 829 643 397 877 377 991 786 142 637 847 63 717 741 895 498 126 110 623 357 451 671 727 238 964 824 179 372 192 245 594 717 152 377 615 34 347 742 988 509 473 277 349 562 952 618 599 880 28 253 235 596 953 684 639 821 897 347 527 684 246 634 550 517 198 788 938 673 112 73 776 655 561 378 207 590
6 448
538 356 531 800 216 345
368 92 640 967 624 350
7 664
363 412 51 18 304 475 228
291 110 754 755 938 586 900
95 276
1 460 516 862 794 837 820 178 564 734 287 822 7 266 555 957 54 266 461 607 553 251 187 828 151 792 628 345 143 545 553 849 542 420 778 530 986 625 661 540 583 482 457 818 631 882 877 255 175 581 641 830 414 109 316 559 333 285 964 203 623 280 361 377 264 474 618 474 318 89 185 736 523 251 913 649 920 391 375 694 711 516 965 918 270 230 944 851 533 949 900 536 411 821 739
320 778 302 196 858 715 603 26 112 883 925 794 805 746 21 63 151 289 682 670 887 449 481 889 503 403 866 943 259 590 874 585 460 18 260 649 518 474 563 785 288 769 357 823 812 992 519 265 414 774 61 379 578 951 938 839 18 618 549 143 429 584 595 313 353 495 442 749 409 595 129 304 464 624 190 163 645 907 345 89 561 453 696 885 280 497 544 551 128 204 246 666 24 537 243
37 204
728 561 181 535 576 654 754 833 477 595 442 86 790 575 127 612 581 755 195 49 238 870 413 319 420 395 254 919 473 17 689 410 657 31 844 442 160
958 568 386 85 662 37 131 826 869 830 133 497 776 200 91 747 856 128 230 255 740 278 639 157 806 98 400 359 819 899 868 27 143 439 819 227 664
92 816
494 704 30 350 418 826 816 465 1 654 123 656 613 898 454 458 893 951 741 215 88 860 556 28 160 26 411 76 319 46 119 688 759 280 878 604 297 15 928 491 620 674 798 833 436 592 999 354 289 451 181 312 871 110 131 550 452 703 723 141 268 595 746 44 848 754 481 791 115 561 460 405 118 168 394 164 103 909 935 410 78 860 235 569 80 257 186 277 994 129 323 873
706 3 645 536 309 41 601 851 21 792 368 714 855 176 411 890 103 716 583 353 814 861 277 72 153 948 678 10 545 17 618 898 69 324 434 442 350 353 450 670 800 996 5 661 978 962 367 771 612 514 879 291 937 4 167 578 538 589 80 675 465 557 923 724 935 444 125 722 26 586 721 136 646 823 318 21 659 291 383 642 670 777 129 338 582 225 573 762 87 65 832 948
50 887
615 897 443 623 102 215 872 953 230 224 64 225 618 87 65 291 516 925 258 84 24 276 193 83 97 436 663 976 423 413 901 205 80 938 332 277 583 603 815 190 702 183 163 116 86 772 160 186 838 301
78 251 515 727 17 137 459 949 26 113 416 527 763 936 25 482 894 627 902 472 130 551 242 804 92 984 311 166 681 605 403 192 324 572 191 499 168 394 14 301 835 118 39 872 899 710 214 202 819 555
61 17
756 972 993 84 57 432 118 860 224 343 443 404 991 849 692 142 575 361 487 34 871 828 238 539 97 346 616 957 830 742 535 146 752 451 791 415 707 538 52 806 826 557 911 214 967 128 875 274 674 637 583 401 128 144 39 766 947 720 325 709 390
808 443 624 984 373 65 762 525 6 324 974 126 978 213 829 619 440 934 569 335 535 882 257 310 319 771 210 345 623 218 89 627 251 894 891 930 461 683 878 612 981 746 812 477 508 742 676 897 845 303 815 438 92 66 708 386 836 148 126 429 939
30 455
120 991 192 682 634 82 478 905 146 319 112 987 270 132 737 373 395 619 254 118 740 642 824 490 670 908 230 385 445 991
827 357 795 382 289 374 180 612 600 957 939 816 594 965 745 741 398 742 497 422 947 834 220 918 731 220 959 631 708 839
96 885
935 200 963 499 781 307 197 6 612 205 844 643 592 907 73 213 567 833 340 166 357 555 562 377 811 274 567 272 855 379 102 738 841 245 493 93 362 101 574 831 526 805 531 875 905 62 347 783 169 60 502 109 474 785 646 601 127 248 59 291 433 539 520 678 333 265 504 612 431 749 162 939 775 230 27 721 705 171 966 185 715 594 338 761 399 914 869 197 545 10 868 648 551 926 678 85
796 860 335 387 860 734 163 857 366 641 941 231 141 708 444 752 870 852 891 141 790 291 402 15 741 957 498 800 147 453 431 357 322 298 691 923 994 475 514 298 22 621 922 182 259 323 451 284 77 225 68 708 360 538 156 238 288 601 201 416 551 138 617 311 762 566 648 542 287 817 229 740 851 772 159 114 263 520 722 277 164 582 204 903 859 206 331 662 822 395 354 603 399 160 226 928
19 150
444 54 540 14 222 776 198 115 265 43 280 932 681 406 579 795 413 330 279
859 44 781 399 792 194 105 504 889 834 798 607 837 701 204 68 460 133 315
89 712
259 791 287 555 10 552 893 588 849 250 873 613 899 371 162 676 625 688 609 489 141 419 889 607 37 504 303 967 467 403 399 684 656 133 437 446 411 389 543 387 564 965 831 473 852 258 250 100 424 938 167 938 614 422 393 146 161 720 655 537 704 22 831 877 969 179 738 116 21 48 19 966 49 53 333 787 992 965 282 48 401 763 817 168 779 972 962 790 128
934 698 92 971 97 969 701 824 273 977 496 721 942 946 487 925 5 639 221 881 74 105 121 645 221 921 1 84 87 622 210 592 464 661 66 290 286 151 559 18 190 336 386 173 720 985 984 712 298 463 617 388 841 187 320 972 31 227 566 309 405 753 189 163 795 325 561 569 73 26 176 209 153 681 753 819 530 141 571 792 736 886 221 939 524 279 713 323 439
81 568
932 160 410 181 108 863 778 505 749 423 833 5 461 751 269 507 809 535 234 316 175 852 576 455 61 3 527 135 548 361 632 724 29 635 611 211 379 712 345 941 614 137 386 875 446 54 715 315 15 632 833 379 916 780 251 416 140 318 358 539 83 543 897 816 847 129 376 56 445 746 837 290 401 129 120 140 131 170 178 933 579
12 770 559 339 436 624 682 761 998 711 140 158 222 407 613 74 31 860 48 575 424 273 172 298 790 223 829 174 551 252 506 93 640 6 621 440 771 981 217 42 324 401 186 170 434 253 615 883 959 171 974 363 872 639 192 468 895 583 814 335 695 285 672 285 610 407 652 970 835 369 31 932 968 939 980 900 46 441 410 334 940
88 129
153 337 204 987 775 980 955 612 874 858 89 911 344 153 128 621 23 719 371 855 693 88 227 669 114 928 180 489 915 930 834 672 744 789 169 880 360 827 257 473 546 260 345 926 12 154 603 568 692 216 57 846 809 330 692 42 37 245 524 613 706 912 239 584 53 29 284 129 710 756 595 687 590 162 183 79 674 840 905 690 877 410 651 744 639 882 242 568
990 267 735 953 606 554 827 353 638 585 196 281 864 329 755 923 342 230 393 992 924 108 154 616 774 162 180 326 24 836 708 960 552 322 537 968 324 958 474 162 292 345 501 83 422 912 635 988 875 899 936 151 681 686 456 845 58 279 738 61 630 961 728 305 972 121 942 580 77 736 589 627 249 873 834 714 523 38 556 594 887 983 679 185 277 996 748 25
58 184
322 710 375 732 403 341 675 687 995 629 291 75 819 392 786 28 724 928 1000 425 496 211 60 998 877 113 865 242 150 655 147 730 539 290 552 362 200 712 105 419 490 640 329 849 815 571 236 900 131 383 94 751 675 555 553 456 59 982
944 459 194 575 63 737 92 320 895 592 358 232 370 468 216 598 9 338 430 867 721 856 743 591 487 690 740 825 423 999 96 814 128 505 475 215 929 959 923 308 664 23 84 896 687 732 625 572 409 899 900 169 8 721 572 599 986 25
54 285
1 701 717 866 873 322 68 273 340 395 636 87 840 366 445 31 143 559 505 364 508 772 732 813 540 719 123 940 754 357 980 477 805 430 801 328 556 260 785 716 483 82 828 180 676 618 471 530 236 225 666 930 99 399
779 428 138 672 334 314 396 974 191 333 98 758 55 764 24 86 323 557 1000 223 694 506 459 554 431 276 294 613 181 723 58 321 795 355 513 559 689 777 117 785 109 286 473 798 118 210 94 361 664 243 536 974 504 575
82 341
376 362 321 445 959 686 818 922 582 856 805 893 612 377 459 806 64 509 832 335 750 598 580 773 152 117 926 57 572 255 179 978 868 383 883 907 527 444 739 6 978 182 254 578 318 16 179 941 49 218 623 795 479 970 917 844 822 555 379 313 352 324 81 855 572 166 65 375 90 175 626 246 309 862 849 193 565 832 94 482 993 684
808 137 982 380 773 794 959 349 996 398 39 817 313 656 695 641 329 295 974 219 432 403 165 511 146 326 246 128 465 854 284 777 671 233 384 854 364 304 501 823 438 345 768 613 493 438 428 310 342 242 26 943 843 421 189 189 425 240 168 551 731 65 648 100 970 363 877 838 494 699 979 19 785 379 236 244 371 883 515 550 249 452
91 452
27 598 345 123 56 582 782 35 421 535 441 779 61 363 693 111 922 858 577 414 709 509 790 310 838 802 724 179 354 73 783 477 331 563 483 223 997 89 178 238 291 700 822 162 273 627 217 519 935 321 333 175 570 751 293 960 507 303 880 561 169 914 358 742 717 885 491 541 97 281 960 224 86 371 547 709 422 957 916 525 730 300 630 367 805 178 51 119 755 268 221
850 894 753 969 110 328 846 263 781 681 825 788 429 751 997 651 729 994 388 30 935 122 543 524 375 169 951 761 943 108 688 516 303 532 12 395 970 537 855 958 864 106 120 20 118 565 926 490 53 525 322 715 58 428 587 981 255 124 811 250 167 482 429 349 178 728 210 382 978 153 240 520 122 146 918 922 67 568 907 820 479 574 741 386 657 625 565 79 455 47 505
17 342
512 344 823 878 658 739 590 464 261 870 730 516 610 716 926 209 994
714 626 676 649 829 360 169 51 706 963 232 387 235 861 502 448 663
45 883
847 787 769 458 162 823 243 385 462 374 639 909 805 708 208 778 782 139 564 571 304 904 943 288 436 511 60 416 772 836 580 264 252 231 978 53 914 827 408 87 446 929 349 245 766
283 863 131 458 960 102 379 564 651 721 564 658 748 996 100 245 901 991 478 787 318 80 438 415 546 808 165 175 889 817 450 888 125 960 465 785 430 566 11 231 329 442 705 376 869
24 305
456 965 895 158 949 812 122 43 949 450 756 824 384 199 188 477 994 538 59 205 406 347 67 286
192 751 9 563 607 571 34 729 27 228 910 226 547 729 365 519 838 258 856 109 984 766 410 697
3 622
602 978 341
375 512 935
34 437
967 511 2 878 391 146 22 207 312 470 949 338 26 256 637 562 957 214 158 44 218 183 445 213 336 15 712 405 395 698 87 704 159 685
95 78 252 574 732 120 785 151 674 903 61 459 253 680 622 593 846 54 712 956 475 14 870 837 639 293 340 703 942 469 867 298 823 707
52 591
494 627 944 932 448 246 661 518 267 918 354 162 220 830 973 554 297 528 317 888 127 524 273 907 689 293 795 593 12 315 869 531 812 364 825 213 684 824 856 75 454 731 844 500 307 95 946 841 505 688 694 294
873 830 617 734 258 254 537 254 971 26 651 81 65 208 591 240 689 147 703 338 414 162 87 332 422 650 558 500 574 464 665 706 180 113 705 27 370 242 777 134 9 322 822 10 441 102 750 195 314 449 994 674
70 620
368 804 519 800 958 637 655 44 606 848 684 540 95 303 491 549 254 558 272 169 845 159 71 116 851 932 326 640 244 390 294 122 333 315 84 134 660 149 692 459 82 38 524 813 514 157 440 970 665 977 799 782 141 976 137 80 464 856 19 652 357 690 641 611 16 23 325 667 907 806
87 53 697 705 41 173 337 566 495 772 737 670 309 452 45 416 954 135 63 397 554 728 597 401 994 826 484 330 419 201 755 579 429 710 734 369 869 938 272 31 204 358 66 172 532 650 698 893 234 417 28 115 731 939 212 882 250 323 359 217 948 596 445 447 977 230 96 133 850 874
58 485
865 522 484 626 406 810 886 289 447 999 627 108 840 245 792 411 500 187 791 854 970 566 868 243 747 611 104 416 287 33 277 659 718 682 919 15 193 43 360 233 12 701 233 452 774 543 405 403 555 703 442 648 717 4 300 268 35 472
982 988 403 244 43 213 706 207 159 783 548 527 497 976 43 126 403 669 400 824 130 907 921 901 507 104 53 44 146 282 147 162 340 386 626 662 342 818 444 510 745 799 257 770 800 647 995 130 273 180 85 195 131 665 531 433 706 628
74 513
961 818 555 710 165 228 273 196 610 383 643 531 34 750 307 977 236 700 946 344 610 40 670 623 938 715 473 123 584 377 295 538 30 402 774 601 766 4 768 3 106 889 650 626 275 921 196 794 604 579 668 609 21 771 322 157 393 844 85 912 319 145 315 685 333 726 50 900 751 936 587 570 971 44
407 359 524 685 215 567 951 336 629 604 569 414 430 680 367 471 371 795 318 710 477 807 760 846 629 24 610 314 743 425 547 344 444 567 548 701 641 363 573 846 280 334 78 164 398 800 14 636 297 369 737 344 431 999 482 325 408 547 922 717 17 104 113 991 104 326 872 254 998 196 719 940 776 208
21 182
360 375 849 866 491 363 970 826 129 478 264 650 901 177 539 49 163 235 147 911 443
670 266 776 421 966 683 258 677 660 25 161 984 336 946 70 173 501 930 625 130 138
40 991
593 971 387 55 421 887 22 177 546 633 356 105 575 582 856 798 997 54 804 932 875 775 784 68 372 132 984 543 96 347 862 373 674 317 821 806 986 558 852 699
47 701 22 82 372 756 820 475 669 408 142 449 46 315 831 60 171 661 486 912 660 128 534 207 346 712 733 891 213 441 228 455 718 846 98 271 310 261 900 27
99 729
32 743 70 920 743 680 223 176 412 951 212 131 374 999 85 208 930 305 306 260 860 281 958 707 512 435 685 702 694 878 862 104 977 598 958 881 127 904 792 83 685 718 129 553 528 553 229 473 516 272 499 259 875 658 87 564 394 200 451 936 82 804 798 818 212 992 619 989 839 147 842 470 727 106 740 871 76 435 923 100 924 4 946 968 432 90 964 912 604 751 609 473 461 713 853 39 376 774 932
677 463 89 313 10 248 246 87 508 788 7 864 900 720 708 233 303 934 711 963 475 268 68 553 417 296 140 466 712 972 538 228 43 749 500 388 451 559 179 189 13 608 688 325 360 358 256 275 300 823 447 541 548 573 262 105 181 265 856 946 357 781 164 92 762 753 418 894 430 690 268 992 960 138 972 511 721 599 97 153 670 734 404 189 705 191 393 110 254 293 678 659 882 628 745 183 186 986 240
18 855
688 379 648 706 639 573 236 538 600 634 983 168 671 471 599 313 924 566
154 34 691 109 756 346 485 593 872 200 253 201 406 563 887 93 482 665
70 482
408 26 960 521 463 358 459 572 303 243 324 374 579 311 687 938 645 201 953 527 829 581 550 908 115 478 65 291 486 428 548 800 725 829 912 17 812 622 971 731 61 455 714 800 55 539 698 503 444 513 927 937 392 728 440 994 158 538 439 826 831 232 742 153 943 74 442 434 700 809
856 650 677 666 381 876 887 521 93 657 363 726 246 521 482 156 915 625 194 233 524 238 399 111 553 691 507 914 500 425 257 876 949 230 337 105 405 574 959 591 989 994 347 893 353 111 378 413 956 893 537 368 967 149 305 288 469 529 872 807 152 904 425 258 707 928 409 807 249 4
12 533
784 565 871 934 353 932 489 762 228 343 503 308
665 765 387 395 346 66 363 244 674 501 953 182
67 80
48 934 7 962 833 286 682 746 276 658 79 22 52 118 206 620 166 949 56 540 601 430 76 134 588 140 958 48 697 1000 390 11 719 42 579 716 388 577 299 684 500 780 435 203 140 786 881 515 400 787 417 931 63 402 154 184 874 927 819 260 341 1 650 932 79 84 289
13 475 851 148 316 109 94 703 507 462 916 746 177 606 189 834 614 993 553 921 557 6 481 616 806 681 154 628 163 479 412 370 969 420 580 755 788 308 293 122 759 642 20 541 294 649 103 424 778 148 412 863 253 358 676 481 752 358 862 813 294 376 762 785 430 338 70
83 322
31 674 727 31 525 61 295 860 316 675 797 561 415 723 912 417 802 341 403 567 777 185 309 976 571 188 386 8 663 72 954 757 227 52 428 660 898 189 874 133 357 674 224 549 767 135 552 292 922 987 226 627 2 117 819 686 609 973 178 435 511 625 323 620 802 230 554 529 265 390 240 489 954 962 244 523 89 327 527 939 728 73 219
683 535 90 313 21 549 893 522 627 312 702 741 581 459 460 811 46 428 278 827 13 714 320 536 605 929 538 646 601 292 192 900 347 755 338 831 859 886 291 95 932 929 143 830 597 272 192 827 549 971 812 205 524 566 840 521 352 467 266 845 18 888 711 172 667 159 411 138 726 513 279 852 764 872 562 877 457 902 151 644 505 406 108
63 326
556 408 990 198 299 228 467 321 59 195 29 617 5 272 132 36 919 889 663 73 44 99 231 309 667 328 101 982 269 304 59 847 979 205 990 856 634 887 360 486 426 558 826 249 289 53 978 671 488 415 717 538 814 270 692 544 807 223 675 531 465 696 740
267 606 547 848 470 298 271 223 161 434 394 435 685 459 520 206 802 667 820 491 877 2 127 283 133 205 86 769 884 869 719 80 733 416 976 736 944 272 902 872 582 38 963 451 560 260 517 787 38 760 376 804 56 986 58 360 841 577 491 252 116 225 984
26 254
383 783 369 339 472 512 972 161 281 650 157 44 757 908 360 502 771 151 520 533 930 727 623 929 862 687
145 932 947 156 968 670 692 926 493 122 89 411 938 691 31 69 231 744 849 771 436 856 354 709 292 435
33 163
477 908 495 243 130 878 922 35 390 223 417 611 547 717 190 801 910 851 702 993 889 51 222 279 217 776 147 188 257 217 418 147 581
998 729 246 467 2 942 357 320 24 772 159 6 238 387 276 506 544 53 502 1000 329 504 700 762 172 130 600 984 489 156 241 139 810
80 398
728 475 527 559 853 559 151 886 313 872 577 496 538 553 405 424 571 770 380 445 642 763 320 392 120 940 104 456 591 175 232 212 133 992 184 472 532 84 222 608 536 949 714 153 959 158 949 642 73 853 613 468 316 254 365 544 436 296 636 723 886 406 605 993 693 224 380 529 433 878 211 427 691 714 883 933 751 552 804 633
187 483 346 296 800 423 813 163 116 242 890 189 208 673 710 959 392 193 101 871 213 500 397 595 321 373 535 639 232 908 367 215 666 897 464 898 610 907 803 651 922 815 741 981 339 948 182 611 478 163 745 546 727 822 46 317 514 22 838 466 169 644 296 471 228 837 327 950 664 344 115 255 940 784 449 997 631 232 777 169
28 442
708 820 993 232 697 262 244 880 280 181 754 103 636 273 708 956 609 383 713 415 202 200 595 871 509 808 468 256
620 639 915 913 889 885 980 195 194 555 200 616 977 165 764 227 590 644 556 346 858 844 488 159 602 529 392 675
19 715
336 190 469 604 412 323 144 632 616 974 121 670 435 524 729 338 260 749 410
165 970 259 606 258 962 922 159 632 180 320 145 372 418 528 773 234 140 108
76 147
645 614 462 664 277 233 589 895 976 371 166 631 537 538 391 192 849 914 31 877 971 43 648 535 549 515 951 45 497 163 885 373 408 647 759 721 9 137 179 365 766 190 535 849 286 993 679 130 203 420 400 757 301 215 513 482 942 986 658 620 939 484 416 901 885 251 702 291 941 752 722 417 9 596 356 288
307 344 544 893 872 824 99 163 753 270 371 328 856 954 990 300 714 231 676 266 352 133 720 844 904 72 113 628 287 448 456 484 960 346 388 967 226 380 298 539 110 114 463 444 920 860 374 572 21 267 250 385 85 635 226 420 816 701 99 2 681 266 325 550 212 298 80 241 953 979 182 33 807 484 24 630
88 77
649 817 800 779 437 395 486 509 449 839 512 845 469 676 161 257 88 615 897 907 769 735 6 486 672 849 46 504 361 243 303 704 271 495 689 375 237 495 90 232 55 80 190 603 70 326 792 712 97 170 107 88 674 734 660 259 929 910 935 721 604 977 323 464 941 896 800 478 507 389 912 218 710 595 147 514 860 958 102 773 45 935 934 297 850 567 638 463
649 359 752 501 728 252 859 926 724 586 220 332 656 232 356 265 302 811 919 145 471 52 652 328 337 612 156 240 221 917 936 208 614 452 709 774 236 289 551 365 83 772 450 149 798 506 503 335 15 155 592 177 713 347 157 691 457 139 701 428 767 554 182 620 789 463 771 509 879 244 163 983 187 111 464 943 81 739 94 385 273 886 324 234 239 913 890 339
37 932
366 482 976 658 587 52 296 219 647 686 368 898 548 907 251 931 176 717 536 971 8 562 694 929 124 512 364 134 337 965 920 68 845 852 959 525 122
815 498 244 12 867 755 553 777 198 634 745 730 514 259 939 231 427 995 477 79 450 30 76 615 542 445 238 828 752 177 497 112 730 917 977 410 683
14 37
512 111 159 876 387 200 681 684 825 407 189 631 269 521
79 669 880 806 490 277 74 120 507 756 486 414 448 25
67 208
571 629 371 751 173 184 556 676 914 955 484 32 825 956 192 633 819 126 167 889 112 515 885 706 27 107 66 581 242 8 615 207 173 7 405 323 674 946 400 514 386 689 873 467 671 55 14 516 763 715 629 551 118 934 351 228 742 26 238 210 59 291 588 227 862 133 834
175 378 616 660 406 816 900 11 506 920 900 321 446 152 654 7 2 341 548 142 856 528 37 856 40 93 425 330 491 708 985 29 519 515 287 113 291 158 943 727 764 335 421 921 920 673 491 875 691 446 973 456 970 113 742 444 792 886 146 546 402 126 202 833 459 335 547
52 349
469 976 83 365 765 468 612 597 8 981 858 232 596 273 154 444 882 819 70 475 851 936 196 727 730 439 788 56 221 619 576 491 145 985 253 185 261 229 817 546 566 668 703 10 957 445 35 948 394 982 502 736
607 7 882 275 455 200 690 682 353 18 700 160 381 849 152 221 75 858 675 795 531 846 801 694 830 368 141 64 705 402 349 468 496 15 600 443 918 69 763 900 392 968 484 387 743 859 379 623 497 479 725 193
38 225
168 690 919 933 886 755 940 421 179 610 44 214 603 914 825 785 604 489 949 399 599 465 887 424 807 580 690 16 90 914 545 293 482 352 872 719 266 524
496 407 813 667 141 890 968 912 553 565 413 470 86 188 949 571 522 847 472 305 604 467 854 402 673 650 741 338 276 133 365 47 217 150 746 769 963 596
61 491
560 490 75 806 584 983 701 882 167 778 42 679 995 915 324 90 481 952 868 289 526 625 630 898 687 375 441 981 864 844 408 497 340 979 842 717 497 266 969 178 92 919 621 594 841 997 965 45 489 636 790 782 848 606 899 928 251 510 159 779 419
208 596 737 683 688 723 67 958 735 799 912 368 744 995 131 995 861 502 77 339 195 610 549 563 622 686 844 781 31 605 680 599 131 663 564 266 942 861 580 12 896 31 900 779 974 311 397 391 86 97 447 875 678 169 726 899 54 835 184 534 731
13 472
755 733 6 193 578 121 722 992 804 810 274 679 157
913 851 298 568 942 398 720 730 839 21 702 137 561
80 97
40 258 330 333 247 610 291 575 827 755 340 227 856 162 676 725 232 191 993 232 389 471 277 813 605 615 680 478 525 719 475 20 203 245 890 185 370 417 118 7 976 948 330 640 836 548 538 308 807 395 979 619 551 669 979 440 815 732 753 849 694 34 97 324 824 575 4 777 159 695 316 389 864 403 336 180 847 345 22 249
895 136 295 649 328 368 388 863 973 271 329 393 579 562 899 508 140 197 703 932 885 308 973 875 849 444 869 991 470 391 823 77 936 288 580 591 268 106 768 741 773 156 359 848 771 890 59 686 643 158 552 732 734 17 787 399 112 827 229 527 388 39 282 383 794 602 456 636 770 255 863 903 75 556 632 487 519 528 817 750
27 495
942 339 874 875 802 443 783 352 765 19 982 926 342 502 968 963 283 633 501 902 208 158 849 757 976 819 304
882 825 389 264 146 460 790 241 464 289 959 248 558 914 53 315 488 141 546 215 19 279 572 331 458 349 170
42 948
51 617 777 650 247 209 481 753 682 512 777 21 970 31 908 220 41 2 653 860 489 131 787 521 365 293 988 908 164 196 828 650 803 653 23 286 528 952 552 60 536 591
107 515 174 844 886 435 984 572 435 150 682 877 312 721 944 88 512 575 110 871 793 770 882 752 127 372 293 442 949 890 65 852 502 871 786 316 813 648 262 93 781 20
77 183
268 760 802 421 237 684 805 533 247 513 650 544 730 286 336 962 780 945 57 886 330 49 313 527 216 164 966 428 634 347 50 742 242 569 867 673 582 956 167 839 395 96 86 49 976 745 30 290 889 375 15 67 179 218 408 491 335 839 278 367 535 612 130 220 504 776 979 19 821 464 336 336 605 857 573 240 790
659 509 437 186 73 156 745 693 257 486 99 213 583 424 995 850 70 102 441 279 22 61 574 153 135 760 539 138 159 733 227 500 240 32 839 856 588 742 110 346 946 875 821 319 878 317 99 137 774 470 702 730 305 575 82 976 567 423 857 195 382 656 698 399 125 740 655 433 884 163 353 954 320 334 884 834 220
89 96
426 841 56 902 10 32 183 431 973 754 890 210 184 197 414 438 380 190 339 731 576 42 529 527 648 431 330 30 129 409 332 127 189 23 727 786 610 466 316 118 374 971 944 477 879 585 542 84 52 481 826 954 195 832 766 206 180 424 627 30 325 680 1000 840 730 101 998 785 982 279 680 80 168 624 309 556 16 514 214 152 722 815 480 260 835 313 369 258 381
338 653 482 93 650 409 299 80 641 944 856 545 171 156 587 705 935 800 797 522 379 826 379 973 984 989 937 191 466 785 716 48 954 73 101 365 449 186 699 593 538 284 70 340 303 904 737 727 37 75 542 72 252 501 264 908 23 525 820 73 719 310 396 827 391 852 441 284 722 243 869 407 624 182 898 470 428 360 532 516 545 328 166 477 755 532 675 807 718
62 676
45 968 958 438 540 18 727 746 638 558 75 275 735 587 788 822 501 867 147 484 233 439 346 969 164 776 988 386 855 903 937 88 439 928 615 684 473 857 581 719 686 777 442 961 667 10 16 654 823 49 304 105 886 39 6 526 319 113 326 160 135 778
460 449 187 61 482 596 896 411 735 99 978 101 913 987 936 239 845 85 153 521 751 190 665 642 539 26 148 399 9 617 351 892 525 316 507 87 546 800 27 860 40 889 294 202 587 469 563 338 51 735 213 350 930 583 981 912 335 848 768 803 482 361
21 338
829 706 273 641 754 53 643 356 194 191 500 228 750 63 316 359 598 203 140 934 811
590 812 231 297 1000 119 85 91 765 506 975 489 713 551 405 272 845 93 828 129 685
78 987
981 122 662 449 774 546 295 311 41 998 449 963 703 200 226 237 149 941 4 510 356 454 529 507 446 299 262 151 359 341 558 601 845 305 579 967 960 568 626 426 965 853 713 910 679 756 11 716 125 968 87 361 472 919 525 487 728 429 453 67 619 316 445 616 411 377 50 7 246 988 768 98 433 29 501 7 264 443
521 404 721 926 729 800 148 842 870 591 935 570 416 392 333 527 405 315 815 250 407 806 543 351 404 506 298 744 12 123 190 728 908 36 462 512 945 236 590 508 388 645 293 29 342 247 397 632 514 120 868 291 614 200 392 610 921 430 205 828 377 694 343 919 209 854 877 231 56 421 992 423 716 807 591 498 557 755
