4
64 276
335 547 588 977 514 568 374 560 466 457 169 800 191 384 395 67 307 485 218 904 919 278 106 971 298 664 747 110 861 232 711 155 305 992 578 732 196 832 158 694 111 204 758 767 51 977 751 839 660 311 187 874 260 288 252 719 964 435 763 12 668 519 803 624
483 33 421 364 198 500 304 715 40 458 590 39 528 991 279 912 992 213 336 392 990 451 822 862 98 354 347 754 475 282 450 744 556 984 402 183 316 208 671 739 804 968 304 299 333 23 380 542 705 613 16 832 270 466 133 877 631 455 455 274 972 961 786 408
1 629
131
710
48 1000
145 208 877 210 718 954 84 770 530 331 126 419 756 459 63 915 743 35 99 767 37 300 572 247 431 594 50 57 951 282 289 764 181 194 324 820 726 688 419 510 984 86 64 982 559 936 688 807
551 779 638 57 406 867 540 927 541 97 381 786 398 12 232 307 25 215 653 458 624 686 869 580 519 210 401 203 134 424 31 342 867 658 817 506 613 692 946 742 259 678 771 864 231 608 332 306
87 165
969 100 947 849 205 303 945 754 479 974 351 173 566 342 759 804 310 222 844 134 945 689 534 30 63 990 805 75 366 516 647 948 256 27 380 351 95 693 331 412 350 349 769 913 777 310 156 475 35 919 544 532 936 737 765 755 397 576 220 537 928 284 862 64 219 142 167 674 39 689 276 470 517 157 148 328 765 151 57 121 713 441 221 500 172 170 693
183 31 980 768 564 995 240 712 516 234 142 340 804 459 493 614 926 864 293 208 465 101 972 891 684 41 597 414 799 330 663 899 541 996 388 301 762 937 704 368 333 271 705 46 94 167 944 867 518 933 201 205 525 413 84 592 898 282 532 146 464 752 736 167 678 489 778 241 292 534 674 628 131 299 380 797 273 71 191 290 69 666 129 668 546 718 750
