38
42 193
639 290 593 314 435 119 570 126 922 673 130 711 700 935 530 452 929 921 165 929 706 107 825 241 367 436 38 994 410 574 723 285 861 108 655 481 785 47 822 219 342 629
289 110 526 97 828 429 278 266 965 6 737 21 574 862 752 693 926 575 872 44 370 952 632 93 995 981 820 223 184 499 697 937 234 606 871 457 284 381 357 275 884 774
9 266
336 572 450 632 252 271 597 603 225
329 535 744 709 979 305 749 267 342
94 378
841 670 220 492 53 945 133 948 906 63 357 338 782 663 341 49 151 822 759 569 118 118 633 868 902 385 738 977 460 179 278 717 405 902 659 678 478 349 172 943 385 155 769 939 283 809 608 861 150 130 849 809 724 53 441 884 962 243 709 313 537 922 978 208 71 506 971 180 902 12 324 819 251 446 49 828 450 964 927 883 632 269 648 806 685 727 280 300 777 449 725 350 483 580
690 286 490 969 754 99 822 20 935 812 209 640 514 909 474 882 39 7 129 381 838 938 354 833 697 8 181 619 477 880 440 850 267 311 380 142 249 303 195 276 973 76 294 511 821 289 93 218 702 737 791 689 900 704 567 394 359 126 886 616 543 346 570 398 345 225 770 375 780 37 767 770 695 272 808 915 745 694 37 209 958 274 85 276 860 215 745 604 298 843 996 909 191 555
100 450
204 233 356 467 496 547 623 273 604 277 336 292 536 164 351 713 980 673 109 423 593 428 319 495 384 122 164 178 186 930 917 175 407 170 421 976 882 227 297 147 567 895 114 402 232 721 202 25 175 146 547 348 585 29 326 357 13 465 541 706 784 893 164 897 606 161 303 426 376 117 844 281 164 360 430 178 523 493 521 980 777 958 523 449 124 199 281 220 91 851 758 371 527 410 905 96 888 172 298 427
121 172 432 922 696 148 236 378 754 776 933 324 603 528 33 539 999 647 167 912 195 998 207 213 912 373 774 79 267 402 834 95 468 492 697 838 207 75 433 300 921 257 133 760 424 550 128 503 459 977 120 908 648 408 34 46 478 788 199 19 648 37 414 551 791 540 936 342 111 121 228 545 880 450 898 409 647 619 599 173 301 966 612 981 353 302 968 545 413 311 703 323 622 792 272 696 548 998 159 567
81 132
103 862 790 481 88 926 824 967 833 38 186 100 887 776 208 187 46 538 532 739 411 288 305 637 227 949 863 966 821 434 865 607 76 611 688 401 981 631 316 933 956 673 204 307 11 642 891 238 533 626 980 527 597 1 40 93 763 825 532 81 15 165 820 732 864 772 463 747 431 802 565 249 383 184 924 853 48 642 184 154 160
494 101 672 46 479 818 577 84 737 77 573 621 590 440 705 776 244 352 279 805 193 257 767 996 273 789 169 476 835 989 909 925 68 747 745 944 673 316 843 623 327 28 840 784 610 961 222 56 166 938 418 286 902 242 745 809 971 923 947 296 424 339 395 320 484 21 899 899 834 991 418 483 125 976 69 606 951 832 702 223 674
97 89
803 233 175 98 654 294 224 460 935 728 439 699 938 434 841 966 261 660 366 440 68 797 714 876 48 221 173 113 800 849 58 322 193 651 361 916 516 960 523 724 106 684 933 373 465 338 965 82 524 744 874 692 579 507 101 953 565 23 834 540 405 803 619 117 849 282 276 494 489 235 184 968 534 175 781 411 706 214 794 316 899 877 85 350 225 46 984 391 928 935 846 28 475 912 132 231 910
605 292 118 785 551 779 663 206 172 762 817 767 406 121 882 609 327 864 651 26 503 149 70 482 919 876 962 280 228 951 652 425 753 99 470 240 56 943 833 798 92 251 307 634 801 403 1 524 674 354 518 693 321 427 482 189 914 869 479 341 684 352 262 809 794 323 378 102 329 371 212 469 259 783 663 296 124 968 735 149 604 680 135 210 943 627 265 554 922 67 296 544 450 191 696 501 445
59 54
423 107 101 757 104 910 596 982 187 12 831 582 366 370 137 726 41 739 593 839 403 933 580 235 401 470 554 833 803 756 14 751 160 908 105 251 652 520 919 386 86 635 252 200 605 896 280 355 372 419 503 545 364 97 281 501 589 142 488
618 248 37 894 855 927 507 634 480 811 590 952 999 76 220 388 908 383 266 930 219 924 509 976 885 462 897 506 394 221 102 510 686 690 780 641 998 152 735 769 652 656 726 739 475 7 466 990 617 70 344 733 561 168 322 71 467 499 745
98 221
792 419 127 177 206 420 966 479 102 971 428 799 128 593 456 592 773 33 617 415 954 992 582 358 127 868 357 744 642 711 766 527 750 321 528 296 99 919 456 49 77 210 258 158 265 314 729 846 538 651 268 325 5 249 77 884 368 335 756 545 610 700 992 384 458 825 513 285 745 850 298 857 212 728 741 668 949 392 551 814 407 275 756 978 323 92 374 353 710 104 983 231 967 470 972 139 244 607
399 225 819 376 325 923 114 433 677 772 418 777 946 316 923 696 107 853 795 17 82 464 130 205 882 51 612 238 892 417 105 396 996 433 176 675 341 166 762 835 791 325 628 23 291 740 864 59 365 774 858 30 599 165 6 842 106 789 506 828 859 544 829 579 21 959 49 775 627 678 458 38 18 956 322 328 360 721 627 869 263 994 653 98 15 647 396 610 50 17 17 19 829 406 839 339 634 353
24 84
225 417 927 510 19 230 683 964 57 763 440 877 249 99 508 472 587 225 217 369 534 862 617 146
119 999 128 319 365 28 856 775 382 543 458 184 637 500 205 179 716 222 863 435 826 788 198 889
78 598
990 219 668 961 475 417 225 781 745 16 581 406 639 229 358 226 806 396 666 980 147 315 573 790 592 786 270 901 37 750 750 226 953 1 335 545 864 290 739 551 741 372 995 413 174 215 738 374 526 519 105 501 251 268 204 581 392 545 382 554 251 200 581 517 404 344 678 412 384 730 178 570 513 280 641 805 368 991
381 501 178 528 995 241 487 335 901 838 592 934 585 618 8 620 124 774 779 951 198 95 240 7 308 835 109 256 62 461 217 286 47 808 96 825 219 952 347 274 638 853 960 544 925 244 375 756 356 398 72 516 239 155 221 857 867 922 663 434 255 938 926 985 424 924 407 94 224 440 880 342 175 250 699 10 622 216
87 83
66 538 443 275 756 186 40 108 555 191 699 225 127 547 390 631 613 906 475 318 366 106 745 217 769 916 92 509 384 859 47 344 158 60 184 231 117 29 615 18 725 949 556 298 29 826 294 742 202 981 9 450 628 239 461 925 754 315 779 550 35 562 766 758 296 732 301 800 969 443 1000 10 888 918 309 617 302 7 40 498 639 661 426 414 683 900 339
949 582 298 588 948 999 522 13 428 621 922 756 188 888 779 554 371 658 156 272 531 46 303 51 79 632 769 77 305 637 739 117 73 187 411 48 594 306 20 268 84 90 645 840 886 549 546 279 596 518 506 846 417 944 900 257 197 54 830 753 614 452 453 116 172 549 686 208 578 907 951 169 623 670 256 461 108 513 497 778 568 245 883 445 273 90 59
72 747
849 106 838 261 952 474 324 508 17 635 357 530 838 773 739 359 164 431 896 688 671 286 411 190 921 433 201 329 626 111 723 383 305 594 502 391 662 785 723 967 556 631 431 934 978 567 758 900 74 960 27 226 1 665 274 500 973 751 678 901 649 671 934 492 308 749 92 388 119 2 707 628
447 839 813 835 641 844 940 118 491 789 32 302 738 494 806 474 643 578 258 455 374 836 843 128 892 312 663 174 749 863 336 955 719 619 77 145 991 133 337 988 606 469 268 699 56 864 464 352 518 203 196 792 645 216 781 375 219 797 661 47 59 948 509 617 50 387 484 272 160 703 925 807
46 226
609 337 373 53 73 171 533 152 808 568 111 151 175 614 576 968 755 172 990 508 125 283 14 866 860 286 22 794 621 484 894 554 53 610 406 150 627 415 662 537 498 137 94 478 884 537
662 97 322 973 981 386 969 761 753 582 408 954 601 249 649 107 600 958 776 961 780 698 615 114 881 600 637 307 435 307 797 117 377 945 194 488 985 373 883 625 204 157 794 142 162 716
46 6
693 383 807 365 4 965 667 966 429 72 536 359 743 612 52 619 584 742 283 914 24 17 148 255 242 80 533 513 854 118 97 124 180 404 689 104 813 635 865 15 954 908 720 665 940 101
536 860 406 941 87 293 643 421 359 382 645 759 601 948 821 624 81 868 616 148 866 211 136 2 131 719 842 750 882 339 120 390 986 127 715 978 262 54 993 860 916 583 628 779 160 235
70 690
535 242 687 94 789 288 551 513 959 345 963 913 558 141 494 945 105 35 924 47 794 257 533 107 944 166 544 675 29 937 67 44 540 99 318 856 618 451 354 48 601 607 842 683 730 297 511 195 781 221 660 673 486 789 917 220 355 435 511 716 997 787 341 595 130 722 715 909 174 823
535 688 695 365 527 867 387 396 51 338 770 568 462 867 84 379 47 589 428 872 108 494 856 262 258 571 314 230 456 312 77 537 388 578 114 750 760 872 650 347 615 620 78 185 977 444 173 517 821 835 739 787 988 605 317 371 835 892 767 335 669 62 209 821 841 137 452 214 36 487
36 203
242 300 371 10 503 195 810 812 222 433 643 562 997 661 133 794 497 326 760 80 492 746 69 794 660 510 257 3 346 231 988 440 663 813 861 902
453 607 24 836 738 170 111 419 486 892 445 419 465 619 447 59 193 959 922 284 432 885 960 340 197 315 708 486 355 255 262 495 93 694 463 107
70 551
470 543 255 797 495 214 431 589 392 893 936 276 972 18 278 206 846 526 335 607 820 667 777 489 839 121 822 322 143 428 757 28 215 809 936 361 853 882 18 614 783 352 618 245 64 764 272 548 399 303 511 790 376 901 762 383 269 484 448 776 263 303 394 699 301 291 937 763 909 933
648 430 750 193 537 1000 970 530 892 844 444 713 406 864 70 856 905 632 678 440 291 152 699 731 904 40 262 315 254 821 426 269 541 95 964 608 884 749 833 284 26 157 658 66 730 523 960 22 464 541 171 774 128 832 759 616 874 997 872 247 409 591 525 450 644 268 780 435 89 406
69 80
704 839 502 227 674 312 496 61 654 763 275 353 868 502 913 27 264 158 693 683 332 9 298 193 294 245 877 906 522 872 437 149 178 403 691 914 180 725 973 514 970 135 462 847 235 628 202 92 230 366 25 654 99 944 243 903 379 969 895 264 204 757 517 870 38 660 74 29 266
490 184 348 64 380 894 712 744 136 236 278 635 913 270 61 103 396 890 881 755 722 80 238 594 461 436 138 97 35 577 328 871 944 313 317 875 225 921 236 934 552 272 133 90 867 393 305 688 784 627 106 313 697 401 907 414 112 141 556 640 276 180 626 336 6 922 907 717 758
14 36
193 621 188 507 357 562 442 575 387 804 157 755 337 647
183 824 399 365 310 963 343 861 964 355 83 856 793 61
43 583
162 145 964 871 526 222 156 33 605 151 142 898 907 492 818 426 749 248 564 764 636 291 494 885 401 913 332 596 750 155 581 352 864 517 346 104 775 649 548 94 65 691 610
236 109 975 525 497 636 608 963 785 956 435 106 922 137 427 946 481 187 705 791 984 82 961 255 156 321 274 955 593 614 176 150 722 433 500 750 746 900 611 276 240 607 589
83 975
370 706 309 189 804 565 275 90 121 348 326 285 668 110 777 956 827 122 815 10 933 638 89 535 4 718 937 317 310 928 307 911 559 817 534 322 957 209 241 766 122 96 479 379 645 546 657 628 157 395 962 151 214 858 133 855 762 693 972 198 357 47 273 172 479 71 695 372 413 580 812 760 534 245 771 10 689 583 291 893 231 743 622
572 747 741 295 631 816 166 582 326 586 251 222 530 260 515 790 667 789 532 488 134 627 768 552 702 13 206 654 583 264 949 573 532 393 214 609 192 714 132 604 351 242 43 740 516 990 968 20 337 58 460 465 170 300 597 514 306 24 711 309 319 533 446 17 244 647 643 78 76 925 86 798 772 174 783 20 952 861 304 823 788 276 819
65 216
204 564 251 269 891 795 629 429 424 199 583 611 504 513 418 930 434 436 967 978 906 327 23 405 223 115 82 631 5 552 489 557 155 22 870 370 874 278 58 618 282 569 491 347 690 651 20 602 775 821 321 827 117 184 66 3 612 62 969 866 292 294 378 305 40
246 959 964 47 815 451 727 648 963 791 668 103 880 780 426 590 997 590 5 200 474 587 501 798 661 259 647 830 361 934 496 509 565 676 508 3 542 56 385 915 221 994 852 857 915 296 195 771 582 222 935 328 414 828 83 26 93 484 557 624 227 59 959 469 856
4 773
674 444 714 953
964 933 570 599
96 692
497 890 957 985 330 215 453 991 186 786 606 464 74 821 182 540 366 492 178 55 206 980 591 482 489 991 445 314 731 591 639 713 504 302 645 172 486 745 216 180 185 609 811 614 814 530 663 569 57 927 164 421 849 84 201 823 610 694 164 59 141 518 955 956 269 316 660 233 510 856 906 259 838 155 77 278 95 674 264 329 447 840 682 930 704 784 76 869 690 434 501 57 551 299 791 685
920 137 679 371 159 583 123 262 924 799 568 56 334 216 361 509 478 692 579 816 40 34 40 612 72 367 226 180 648 680 153 361 905 137 427 77 717 335 324 557 44 852 860 298 435 794 992 914 338 77 512 192 277 196 224 631 449 953 171 535 304 902 635 429 39 828 564 956 48 198 25 608 118 27 378 425 154 419 921 581 26 814 576 455 139 929 143 335 858 97 383 499 270 62 160 184
37 596
12 728 470 283 393 674 5 264 200 617 427 876 99 91 762 529 310 481 328 115 287 685 250 671 58 888 884 632 321 507 652 594 227 980 958 566 182
889 893 869 957 788 112 373 485 32 756 328 435 798 318 755 182 798 882 77 815 183 312 972 724 359 701 489 939 928 674 388 766 352 154 303 970 751
73 53
253 370 507 129 301 340 762 785 714 945 68 90 786 483 756 784 176 205 224 918 568 507 755 727 700 304 671 347 751 258 644 390 460 930 14 497 103 66 158 454 389 707 467 761 777 649 377 66 532 805 778 818 271 445 874 96 57 767 10 609 66 984 911 910 109 356 960 254 774 303 592 430 849
256 28 509 542 525 15 951 222 356 666 919 606 690 823 720 36 502 349 314 234 690 296 464 702 867 56 132 789 24 76 38 546 796 392 247 634 387 999 488 749 108 701 461 384 377 845 236 831 282 457 467 726 990 92 773 596 537 159 437 227 94 280 413 626 400 598 283 493 835 136 433 19 815
22 221
951 509 815 227 963 825 343 37 58 166 668 364 91 86 896 616 459 756 266 912 571 595
54 983 97 823 769 824 965 307 364 306 988 184 763 668 527 690 305 720 29 744 921 898
99 664
66 99 635 962 693 424 138 131 158 357 51 33 440 254 233 853 401 547 55 207 883 224 483 538 464 318 724 37 17 264 164 64 438 333 183 324 581 960 466 296 131 916 463 798 566 795 487 810 887 521 57 181 600 701 483 970 465 100 149 902 684 786 240 524 98 777 334 579 995 894 184 745 697 107 341 624 697 425 184 591 971 725 463 216 472 503 360 388 497 636 480 266 500 130 621 3 913 818 711
84 212 57 164 961 695 481 140 571 343 890 309 355 942 563 589 146 245 363 61 87 408 779 975 577 83 341 98 427 814 16 121 736 949 171 406 6 194 756 646 589 228 446 990 533 280 665 619 158 411 575 380 35 770 136 989 418 53 414 325 153 819 539 937 489 593 715 6 291 453 308 707 950 309 63 433 753 813 637 222 369 688 986 725 473 175 31 212 251 822 39 607 435 566 786 498 868 505 444
6 363
802 671 314 764 954 46
775 849 78 892 703 226
2 969
349 741
524 968
72 599
664 267 631 335 415 370 67 184 362 506 168 409 811 973 248 494 355 965 984 895 293 108 654 378 297 354 721 734 669 342 838 143 231 831 263 531 57 476 995 717 903 712 770 499 92 360 728 98 204 480 697 132 603 662 645 122 341 70 65 362 81 993 804 309 581 702 443 452 352 826 118 318
596 259 598 777 74 257 523 623 120 11 531 677 726 394 438 751 10 52 327 525 441 299 105 533 890 652 276 487 874 7 525 470 522 985 917 700 522 324 528 546 210 774 241 180 67 365 968 422 771 37 234 172 213 854 439 533 546 550 154 845 867 6 985 609 491 787 632 459 52 80 713 183
49 635
968 526 522 358 294 191 875 922 238 163 255 254 239 740 13 872 541 417 723 139 870 215 747 988 580 204 549 851 784 907 269 309 820 670 230 30 804 797 871 765 635 616 713 435 570 292 951 962 270
98 426 592 47 469 845 312 524 93 486 159 91 685 587 519 257 421 7 512 555 35 210 870 39 963 144 265 920 693 56 689 304 955 124 601 862 746 808 394 472 296 995 155 987 491 840 113 378 24
39 903
264 347 478 779 961 11 945 554 446 764 1000 152 359 161 190 235 867 532 479 601 986 273 50 777 375 456 560 808 543 95 158 41 114 10 641 255 211 415 727
31 894 607 4 129 562 278 728 825 161 734 498 141 442 442 246 379 300 211 144 410 834 265 424 230 939 401 772 585 898 794 101 793 305 57 950 685 741 162
7 838
266 581 951 900 885 817 610
554 52 570 437 360 510 929
4 439
917 409 623 142
75 994 323 79
91 765
637 85 589 334 638 807 384 825 485 22 214 672 501 265 782 580 355 558 32 251 204 233 704 963 464 194 722 220 72 377 345 544 9 834 73 854 158 257 650 457 889 336 302 696 697 479 412 723 557 426 189 76 713 462 928 401 747 621 542 143 693 561 134 888 618 483 697 889 438 723 335 800 812 230 874 617 203 418 552 664 306 593 852 449 751 240 618 976 686 686 120
284 226 93 321 268 739 484 181 965 873 190 869 701 741 522 513 47 704 757 183 536 951 922 120 259 372 977 364 118 35 556 886 993 764 413 397 666 629 272 820 44 721 330 477 556 30 191 919 174 222 124 913 882 858 710 962 951 602 165 387 705 290 514 762 149 272 496 218 212 6 170 200 388 392 567 228 616 763 824 977 517 738 179 915 145 650 374 165 146 231 115
43 867
529 608 537 223 44 618 527 444 827 630 389 254 437 584 722 738 854 704 919 337 307 700 820 805 493 714 834 861 538 803 204 189 363 240 462 518 370 455 179 214 651 489 622
51 973 274 954 532 440 605 696 195 821 257 175 408 610 101 373 507 466 487 579 466 120 658 967 440 999 244 719 262 382 590 93 287 825 737 132 539 903 893 733 493 116 349
86 489
289 525 311 660 426 932 560 983 810 816 385 357 489 212 471 509 881 592 317 802 195 384 712 454 955 836 447 570 872 860 862 137 808 751 562 672 723 350 118 465 148 390 534 140 876 163 850 108 202 528 714 885 718 281 867 111 556 29 737 470 322 149 602 739 380 745 998 38 730 55 783 528 495 838 958 347 969 472 821 538 431 484 695 821 979 918
494 33 167 784 965 759 319 732 382 662 765 14 300 720 896 79 8 350 604 230 326 111 455 795 281 961 320 184 967 221 70 593 272 538 119 442 199 851 691 393 503 453 621 908 301 538 467 860 770 315 982 310 140 857 271 614 205 703 181 928 907 756 876 587 59 30 73 462 387 971 560 993 556 489 975 304 815 635 771 953 729 660 915 627 771 987
