92
44 272
894 652 600 850 862 526 671 244 184 305 915 799 413 222 853 225 941 761 901 79 321 847 831 868 21 558 722 466 139 663 784 759 930 320 296 591 427 65 254 949 157 688 528 90
931 920 438 854 779 227 214 228 930 40 737 115 921 525 301 640 619 7 298 913 797 906 122 461 713 533 246 73 813 917 328 380 365 372 900 705 279 753 261 775 297 954 939 754
33 242
266 721 235 697 916 107 237 172 79 947 5 676 118 83 258 627 848 802 26 915 146 816 830 940 643 702 130 148 12 737 397 67 106
458 183 193 626 939 735 751 59 177 408 644 666 697 83 166 443 477 983 689 890 816 662 145 633 995 777 210 931 843 369 569 263 928
82 639
273 391 268 705 941 84 993 939 988 277 725 440 252 690 937 95 442 445 967 324 775 846 304 222 690 756 445 333 988 365 188 360 466 86 275 215 65 872 460 669 363 990 317 321 538 741 831 976 773 925 809 351 643 369 781 216 471 824 571 332 927 29 205 805 138 573 307 233 697 470 719 887 371 574 298 172 789 578 959 332 141 509
726 90 808 20 714 745 416 885 544 716 35 256 158 397 808 728 251 31 649 172 679 689 184 73 647 616 827 544 541 417 905 180 369 879 695 761 390 964 273 658 268 712 379 855 559 729 445 421 131 867 611 596 218 919 58 520 392 549 181 492 821 133 355 164 117 711 868 403 316 499 615 924 570 133 303 38 929 179 599 549 502 472
6 273
277 101 491 818 543 890
870 372 713 685 668 992
25 583
594 24 622 997 722 289 70 830 104 395 850 836 119 18 381 14 292 950 533 761 773 488 799 376 750
598 652 345 449 718 233 776 281 836 655 950 811 26 747 412 880 531 290 933 312 258 815 465 75 50
39 770
507 833 190 533 136 995 468 211 216 532 985 400 88 36 5 482 732 238 27 345 740 968 610 519 925 532 438 167 966 389 544 999 224 553 183 226 69 901 722
478 344 752 290 62 690 112 452 109 883 322 123 217 785 640 139 73 66 903 653 107 344 79 485 376 201 555 174 265 87 820 437 652 34 799 660 782 514 85
78 107
679 767 238 197 635 361 501 855 189 163 543 572 538 836 772 521 885 144 421 14 413 620 734 202 178 457 586 562 513 407 881 606 709 864 70 380 408 104 603 725 247 357 729 776 334 62 642 833 685 131 966 285 245 559 501 413 468 813 489 640 84 636 29 125 187 703 936 840 643 618 622 752 936 122 641 751 804 967
922 752 645 678 385 236 442 995 926 640 273 223 795 896 964 890 234 124 361 716 372 809 102 710 227 184 599 638 397 100 637 878 311 174 160 488 855 684 642 356 140 882 116 898 697 435 82 770 939 309 729 6 718 22 411 789 357 384 905 986 673 866 407 193 691 333 912 979 533 452 253 75 630 364 124 46 985 919
100 666
788 854 779 735 958 529 760 220 336 359 346 152 7 373 328 366 981 959 451 9 425 386 668 615 607 163 753 28 279 700 405 281 172 974 816 277 935 290 568 820 877 8 689 591 624 303 745 804 930 575 727 221 876 632 317 369 381 232 821 881 479 279 938 299 457 285 150 336 548 310 836 422 253 419 897 791 480 417 879 628 291 731 448 794 683 255 615 451 631 765 36 819 110 173 805 530 942 271 620 971
358 328 52 227 571 706 74 137 635 99 841 111 489 851 996 819 590 789 37 784 159 87 118 360 186 304 360 178 166 984 653 272 656 229 49 996 423 553 869 857 509 580 419 591 356 475 274 235 355 50 386 180 20 467 684 146 339 95 79 765 409 285 28 250 643 463 904 647 430 387 211 597 978 227 716 862 983 73 267 143 212 721 311 124 248 950 72 768 807 195 12 843 33 134 70 429 220 527 77 30
62 297
361 13 151 8 528 561 571 282 1000 256 194 636 489 122 876 530 986 985 275 781 510 774 329 192 279 157 80 372 226 810 773 446 691 877 970 9 133 64 194 982 272 136 144 423 416 894 805 91 908 872 809 198 594 454 330 830 168 562 677 275 924 745
192 593 587 595 43 442 575 113 375 353 933 475 245 507 644 696 92 127 28 668 408 210 242 810 302 867 795 973 51 205 183 896 863 619 462 736 843 830 48 548 576 10 547 919 611 323 922 29 163 952 898 948 919 337 888 158 842 466 16 273 270 495
92 816
684 777 968 734 179 32 442 644 152 298 469 6 89 85 331 720 225 12 53 687 895 129 664 798 650 11 376 55 642 409 175 128 939 759 417 646 597 713 345 656 255 460 616 303 572 647 155 339 408 503 654 149 208 695 572 554 903 584 762 352 468 796 271 830 229 12 186 676 914 173 142 619 440 822 646 368 619 321 586 56 48 854 965 766 664 250 956 938 377 152 293 659
111 312 525 916 543 292 875 654 57 125 856 135 81 832 758 879 989 150 623 373 704 269 981 490 658 350 254 848 532 923 377 743 613 442 693 566 667 968 401 179 829 630 291 238 738 504 906 896 997 421 200 993 878 508 98 460 61 325 537 433 54 19 909 626 551 200 47 931 440 740 604 973 963 581 675 980 321 52 17 250 776 221 902 875 592 16 649 219 982 825 858 492
10 348
117 72 43 447 73 221 720 687 203 355
465 337 528 406 372 371 101 673 838 3
89 829
440 872 302 221 101 729 25 520 264 825 824 783 749 577 834 790 75 527 66 457 849 22 42 585 911 742 904 250 598 876 199 203 445 103 209 281 323 91 51 850 238 33 661 817 163 413 882 219 60 878 28 67 99 481 667 454 486 606 657 731 298 1000 670 641 127 966 782 668 392 776 893 371 550 779 518 185 634 556 834 998 430 505 742 942 962 464 819 886 779
948 948 702 214 409 370 605 215 368 954 275 290 401 887 95 854 768 322 763 442 708 328 303 936 921 835 120 66 651 774 22 790 30 530 448 133 757 55 593 346 149 90 876 238 598 512 87 156 858 63 954 546 545 987 844 310 220 724 936 284 627 815 136 412 619 19 517 516 950 59 561 186 577 736 372 990 822 444 818 428 599 565 125 767 732 812 580 632 896
55 731
181 364 802 948 56 305 449 561 791 692 961 958 858 601 595 480 909 34 4 138 690 511 644 39 286 255 20 829 319 226 467 459 739 61 289 173 971 818 13 905 870 364 779 466 234 145 107 78 217 803 173 88 689 332 578
587 20 583 117 68 414 296 829 622 299 533 370 917 235 8 19 712 517 374 146 615 324 772 388 738 262 791 887 818 114 911 205 949 546 851 404 63 418 373 287 159 339 836 970 109 340 965 808 486 206 224 614 670 61 456
31 63
586 244 772 631 18 367 86 237 783 127 76 452 155 820 534 795 230 442 726 746 109 42 693 527 222 610 379 418 171 51 303
804 12 840 875 848 171 874 530 198 620 767 624 895 294 301 827 692 17 971 883 6 118 739 821 827 546 327 971 695 209 976
25 524
457 62 318 131 262 523 922 778 439 763 495 922 146 269 656 776 432 752 74 41 600 905 841 902 234
264 218 403 387 322 813 24 931 709 228 538 494 94 460 505 907 51 505 352 575 793 760 99 7 222
73 596
510 12 29 512 149 374 454 119 522 33 748 344 682 555 699 661 451 478 91 441 381 797 837 720 24 748 218 971 472 434 134 892 581 469 194 843 143 743 219 873 559 72 787 434 238 923 810 913 778 148 438 603 359 757 267 136 80 381 624 178 54 52 988 305 311 577 468 132 633 829 183 415 568
235 844 834 362 395 538 630 118 209 5 73 527 665 247 14 543 956 250 335 161 97 525 929 134 369 344 326 357 108 782 800 736 344 709 375 590 621 244 979 32 817 928 637 449 446 420 828 988 217 898 863 804 413 403 842 413 541 64 328 704 194 994 941 571 152 116 958 460 807 576 790 549 19
55 766
407 618 80 88 188 733 61 34 111 711 241 244 458 185 163 876 683 482 375 941 488 239 351 950 500 226 681 149 985 32 261 264 881 390 423 112 750 36 598 978 157 123 235 415 815 400 770 721 347 278 131 251 423 223 639
172 501 665 334 633 3 924 518 13 46 344 423 368 167 895 245 595 652 476 574 96 648 258 513 860 915 992 976 74 757 253 540 304 549 596 534 675 650 871 692 753 81 982 467 348 187 112 537 253 656 7 662 110 739 809
34 114
661 285 878 74 462 402 519 402 501 554 200 778 746 632 380 401 768 420 237 580 354 164 196 751 263 32 508 246 703 308 359 624 168 249
311 370 402 455 616 350 35 986 183 212 715 243 580 468 440 417 16 584 416 713 449 660 406 668 206 725 643 718 823 246 475 718 661 221
81 716
929 230 930 672 530 602 297 376 622 957 208 100 986 823 36 297 583 909 871 667 620 886 640 885 392 546 206 592 798 648 97 600 731 894 115 584 583 515 282 451 458 132 171 603 794 627 57 600 576 722 907 808 371 236 608 859 823 413 23 394 117 135 379 81 393 739 742 921 789 928 925 828 128 425 542 912 26 954 10 314 154
865 797 964 773 436 568 639 958 241 75 355 789 935 571 606 926 113 798 442 310 754 208 211 547 9 259 251 257 747 307 364 700 905 965 311 934 203 576 100 634 774 36 247 487 898 936 89 190 936 415 817 848 752 540 983 50 802 233 91 732 303 455 414 344 302 410 758 351 172 629 634 417 331 895 490 775 344 828 576 952 310
74 3
92 784 301 560 183 874 861 972 143 920 383 318 206 94 785 147 594 43 34 420 349 944 65 915 550 672 985 381 929 44 702 629 82 9 513 401 790 282 491 742 312 440 534 159 575 847 353 670 329 391 460 304 872 836 410 680 268 465 26 684 740 552 557 439 255 832 854 611 43 798 637 999 306 998
648 236 506 150 657 633 602 951 460 565 560 482 12 440 182 904 513 162 520 564 766 165 367 437 412 472 75 701 182 492 540 591 23 923 358 49 876 555 500 746 981 271 412 757 178 721 679 398 910 643 639 495 11 970 344 832 438 482 241 794 589 843 535 613 367 472 17 276 700 848 837 912 697 339
49 963
91 703 424 676 653 595 825 467 79 486 49 989 486 835 216 825 977 837 788 386 809 678 459 883 143 631 489 451 197 752 338 941 794 652 309 169 628 923 73 216 139 759 486 809 622 427 575 312 315
228 517 88 66 379 168 727 33 971 577 63 244 299 796 258 107 919 591 14 861 280 307 853 34 996 884 151 828 857 961 213 933 404 239 64 719 861 983 144 9 841 499 197 572 261 217 327 81 309
100 450
459 144 531 319 171 637 297 607 973 235 95 547 15 325 564 235 515 57 895 234 660 352 529 754 345 691 842 240 782 492 583 932 162 62 5 739 964 803 65 300 648 827 246 794 681 289 672 190 114 322 502 290 157 416 956 946 929 2 224 66 814 989 806 500 149 398 69 495 552 721 775 312 211 648 344 144 557 586 360 327 351 885 982 632 318 690 257 879 894 330 233 91 63 423 775 515 218 347 637 226
397 882 988 683 362 71 809 338 729 409 509 840 333 145 259 893 87 754 906 145 392 916 491 454 65 860 460 707 695 741 54 941 988 781 919 163 841 436 961 85 702 931 579 226 312 479 68 137 406 832 771 823 689 403 536 423 298 429 724 377 348 138 328 862 688 799 534 132 507 869 528 179 910 373 396 357 351 59 178 166 537 541 785 770 444 44 301 888 714 380 751 942 989 760 283 16 203 643 379 585
70 836
295 973 167 92 123 56 584 581 622 984 769 650 801 638 980 961 86 785 144 544 749 356 707 580 875 923 527 122 784 291 912 141 6 454 492 539 576 431 162 320 938 954 201 292 824 125 576 719 63 247 224 732 121 593 355 75 69 838 555 714 228 725 584 820 799 994 328 378 406 161
9 899 612 544 453 334 176 486 950 103 507 129 968 339 363 842 419 259 670 272 607 983 667 350 521 598 792 788 729 493 992 285 560 149 156 832 657 888 443 529 725 572 483 445 395 300 840 442 437 281 807 920 748 776 203 848 855 461 531 950 993 971 656 895 171 66 4 460 160 344
5 465
613 905 938 336 833
114 100 172 835 672
2 242
379 592
935 456
19 548
467 973 990 54 74 341 799 208 525 385 373 833 109 472 738 536 692 643 886
757 590 992 165 613 188 339 681 941 954 477 220 497 20 381 668 370 491 922
18 510
728 250 329 824 969 283 903 186 515 557 820 806 140 303 507 971 26 221
912 982 825 273 647 561 267 954 782 14 145 570 920 843 491 767 838 524
66 306
74 991 396 632 86 268 711 268 154 558 845 915 423 57 943 857 924 155 578 310 976 518 81 587 758 274 953 908 638 25 603 9 554 211 538 663 296 593 42 489 593 483 547 513 617 737 652 74 427 290 924 187 132 370 406 599 631 171 115 135 886 604 554 897 804 839
291 731 401 570 895 841 198 808 545 96 540 934 703 979 647 919 592 951 337 611 826 106 331 766 916 155 203 763 186 407 952 200 919 833 662 994 695 411 303 60 600 827 720 878 477 201 727 345 262 833 776 866 147 306 743 146 669 891 623 111 943 37 605 960 46 840
82 32
931 91 773 32 660 717 419 215 954 456 879 553 455 990 592 40 710 319 157 785 539 563 556 638 992 775 372 550 912 660 23 712 950 162 270 405 541 470 421 164 601 813 869 508 907 120 591 732 764 764 872 446 209 847 654 577 646 361 572 21 434 255 3 337 165 397 700 236 353 273 817 283 783 273 724 217 148 566 631 388 310 568
861 350 809 303 817 209 206 312 372 94 239 845 469 666 659 546 272 51 458 824 994 825 152 406 264 629 881 842 426 649 775 166 620 830 210 812 317 794 805 90 691 325 276 953 571 166 270 565 893 647 259 921 627 181 255 100 413 808 987 850 612 111 238 557 89 356 475 636 977 459 809 768 924 22 684 67 432 414 422 74 700 176
10 711
146 563 394 109 123 540 995 142 40 302
762 606 211 893 593 143 887 865 335 113
2 961
999 937
471 899
83 527
760 618 955 171 398 386 286 84 419 554 663 575 511 880 84 476 790 245 457 753 615 608 852 479 532 156 146 521 836 632 100 870 956 114 55 468 431 308 230 12 19 513 198 287 687 988 25 109 710 714 651 334 703 982 41 541 12 784 35 694 472 842 219 715 760 313 145 512 358 578 866 760 685 483 171 212 809 686 806 216 358 317 378
438 753 340 243 431 48 539 702 269 709 835 452 220 704 853 485 84 121 27 440 278 117 587 597 779 238 192 159 379 885 480 370 291 735 735 696 899 554 191 925 549 812 511 843 910 621 89 39 994 292 325 68 55 6 816 370 90 482 602 723 395 291 203 730 798 236 236 122 416 899 674 919 112 147 254 690 602 642 277 643 925 955 976
62 149
9 429 374 887 104 626 379 271 604 53 553 85 240 457 62 870 940 434 784 26 60 434 586 678 310 246 353 138 800 344 454 21 811 277 909 337 404 939 857 734 969 127 191 59 810 712 703 528 665 134 276 728 949 60 485 740 124 375 211 252 806 213
611 570 952 37 168 341 949 841 113 923 151 148 879 481 666 654 382 600 159 930 507 295 421 440 965 986 70 592 954 134 692 116 399 622 437 770 541 257 577 276 558 279 3 743 351 396 711 718 14 619 148 678 314 855 549 752 238 599 413 742 59 52
27 980
156 482 54 176 260 301 194 334 530 332 952 580 786 779 902 630 724 878 315 831 966 544 424 633 679 489 248
877 264 329 101 148 52 791 330 139 836 842 193 126 493 507 395 4 749 566 263 939 640 132 649 54 182 335
51 227
483 125 427 483 7 955 466 152 883 417 862 369 89 985 273 379 385 688 479 617 785 743 906 176 588 787 816 538 444 228 201 544 482 932 27 626 715 944 198 211 807 203 482 424 609 46 574 239 899 269 827
856 561 682 426 460 496 787 367 150 32 198 982 318 108 637 142 864 363 691 238 325 549 783 460 947 758 608 528 719 170 79 426 562 807 954 491 590 799 737 128 432 651 246 889 521 579 927 276 226 778 83
6 272
415 663 844 616 751 193
171 266 616 653 529 428
85 745
771 696 607 475 332 961 379 669 871 179 708 49 204 536 19 250 72 390 481 156 500 939 742 384 478 603 717 132 673 117 728 355 267 546 692 591 794 189 102 637 901 303 154 529 677 597 492 575 23 238 366 837 47 757 254 86 724 926 270 200 806 323 196 2 341 814 430 117 641 624 931 36 540 120 623 454 727 849 313 494 545 814 196 259 167
258 308 317 45 659 953 680 862 402 219 482 317 905 648 969 1000 199 474 256 166 256 786 507 479 702 883 906 831 649 929 50 87 246 675 452 723 417 263 29 156 924 942 939 8 73 903 998 929 909 109 752 802 397 479 969 34 685 397 741 764 278 109 209 83 609 749 21 782 576 713 163 740 780 886 894 543 180 585 46 455 299 778 167 41 151
11 413
544 464 489 11 261 555 767 911 962 925 126
127 292 306 130 396 456 277 44 542 743 216
62 753
786 809 745 27 265 702 243 685 666 712 670 69 8 829 23 604 981 147 103 736 871 78 62 223 684 989 209 74 657 59 281 541 663 439 214 161 254 977 401 703 688 514 958 97 535 919 117 641 792 240 983 982 390 811 292 189 680 136 341 8 618 729
458 360 293 393 383 884 42 434 476 339 479 84 150 496 57 490 903 842 633 21 894 912 688 86 30 913 103 479 100 101 992 981 878 654 422 163 927 20 750 306 940 553 630 860 690 156 678 568 115 371 719 9 428 403 877 891 13 963 493 247 484 292
53 665
903 870 290 85 512 616 607 709 511 478 582 360 421 774 625 83 456 798 618 438 348 373 860 599 304 101 323 587 817 919 912 175 188 672 264 622 325 190 53 171 943 216 512 161 270 248 276 848 786 312 56 85 426
12 856 539 846 487 753 106 623 641 993 450 884 650 212 462 82 671 592 830 29 294 69 258 951 143 28 485 501 954 567 991 701 834 517 997 917 471 939 716 326 111 470 455 676 253 787 635 80 315 220 564 224 554
15 722
834 121 196 707 495 417 78 159 17 101 826 897 679 795 154
736 499 173 549 139 58 846 24 795 251 597 763 459 980 108
61 817
878 110 767 4 579 75 107 516 507 264 379 976 276 809 133 840 622 605 670 405 492 305 101 741 50 717 266 919 390 312 437 280 101 114 752 208 870 604 457 850 52 818 234 461 579 59 238 912 563 571 238 319 507 321 903 806 178 578 927 386 758
305 832 175 59 505 141 57 864 623 836 776 130 273 859 968 811 367 409 487 813 157 24 803 373 278 802 381 216 306 13 865 970 427 133 856 961 669 7 811 722 237 410 871 536 770 228 797 398 308 917 383 110 784 163 600 556 861 633 299 936 520
70 48
899 655 534 501 99 218 423 342 630 676 526 47 674 406 259 505 56 552 382 46 989 473 709 55 568 717 639 907 279 818 279 561 902 490 557 620 438 860 775 987 849 280 528 789 477 233 689 424 572 725 626 304 505 950 67 732 634 126 968 70 967 801 439 954 705 29 712 487 510 393
405 283 285 150 397 13 174 704 71 593 985 855 759 665 144 705 577 589 997 92 316 601 891 523 348 691 242 614 561 502 668 462 553 512 215 716 903 212 840 99 683 7 629 918 328 75 173 117 384 751 203 354 637 424 923 877 333 584 961 150 764 280 170 575 385 870 666 764 89 259
54 910
312 45 791 419 109 192 36 273 435 681 520 989 316 689 193 171 838 178 811 212 52 400 731 660 820 736 66 838 265 744 878 445 307 678 880 544 864 43 45 226 639 900 286 362 419 22 251 331 840 702 348 75 788 193
59 802 945 87 624 776 287 831 794 247 442 681 438 340 443 179 893 530 750 555 913 740 476 487 672 195 921 610 514 490 100 894 509 463 157 811 655 715 984 266 907 914 243 205 857 215 28 949 458 59 212 949 853 929
17 845
236 717 758 993 765 197 760 704 299 660 706 140 942 671 711 367 10
869 738 567 823 864 287 634 311 927 174 367 675 373 684 158 254 469
11 201
40 338 251 722 678 135 47 318 56 847 765
361 875 720 179 451 613 928 181 938 717 430
20 445
133 33 556 655 960 437 143 690 969 713 452 889 318 571 85 710 821 654 513 536
380 732 83 630 459 856 6 472 953 389 381 433 444 171 239 995 937 168 112 121
24 646
513 210 899 655 764 552 148 955 657 276 82 802 735 497 430 129 159 530 409 803 844 610 778 388
676 442 240 159 183 832 145 995 794 457 629 965 112 784 338 48 495 3 651 67 813 70 306 880
79 217
347 942 697 1000 249 702 767 587 542 552 860 396 438 603 889 958 205 492 250 293 890 495 236 623 506 855 477 270 457 227 434 27 918 934 807 214 655 198 254 129 463 565 928 914 813 989 326 98 898 232 842 688 435 147 804 417 195 632 69 824 187 304 345 467 28 188 670 308 104 319 930 92 719 47 994 497 641 347 770
158 92 161 415 917 468 737 332 298 324 103 534 969 387 572 883 993 319 419 587 721 311 200 770 624 761 770 9 669 207 864 998 171 291 731 868 307 745 920 617 319 687 124 160 640 622 872 937 561 474 362 982 306 10 953 931 318 909 324 196 171 369 917 739 385 2 977 809 210 977 292 319 703 123 787 957 959 571 286
83 145
38 715 727 129 367 85 457 864 945 770 953 459 155 910 705 837 697 816 466 374 142 277 73 725 986 886 990 947 276 74 79 949 611 587 484 323 956 651 935 222 431 533 424 538 142 298 14 896 548 788 701 268 92 965 607 548 121 417 509 730 227 730 432 320 651 278 860 901 187 890 22 925 346 850 501 477 816 825 286 239 806 378 68
51 318 639 428 709 33 765 460 848 599 613 985 35 673 410 785 293 889 218 142 952 316 922 255 773 451 746 84 961 952 955 282 354 913 434 473 771 394 488 627 882 300 367 405 379 399 575 53 834 369 10 187 563 945 115 143 787 950 899 317 632 475 793 724 870 846 100 518 297 966 435 189 485 116 831 316 144 902 592 54 317 503 618
26 470
899 786 732 718 833 45 474 697 811 935 130 573 327 700 965 585 897 870 151 937 126 896 884 55 622 853
487 521 818 221 908 524 563 216 892 278 398 466 703 34 411 500 628 802 871 240 136 876 273 43 351 179
31 408
441 470 82 668 529 701 715 689 559 602 991 195 70 766 381 125 380 503 730 510 438 317 307 484 770 315 459 702 483 598 283
21 968 110 564 686 527 686 228 898 717 826 39 398 20 702 683 776 829 988 63 97 548 497 410 25 855 443 87 741 512 820
24 827
565 516 805 703 609 585 440 118 878 964 470 691 96 709 280 752 354 983 599 995 82 143 383 417
560 493 44 718 827 590 777 587 736 855 143 93 244 236 336 469 125 957 110 136 327 499 828 807
60 634
125 135 895 370 91 724 526 236 564 659 717 430 236 958 143 704 288 576 626 723 498 101 323 620 711 785 539 255 124 519 471 841 918 879 227 704 916 396 145 809 73 528 221 502 688 337 197 379 83 760 62 288 585 343 262 956 813 439 293 210
274 723 598 870 860 502 422 668 392 22 198 836 720 938 290 151 782 55 810 630 372 20 289 949 678 216 964 819 876 894 567 757 160 939 135 385 596 157 361 888 389 693 518 278 964 85 612 798 656 1000 578 642 959 687 791 331 940 401 548 886
60 20
943 718 94 178 576 384 31 808 220 451 715 624 953 110 59 655 165 456 848 300 341 455 826 551 145 452 497 146 395 536 905 513 104 888 708 444 121 390 732 882 157 645 881 332 102 804 959 799 441 679 320 283 614 351 324 898 241 472 647 396
863 614 332 355 421 270 471 802 418 297 459 93 499 122 117 77 820 963 761 986 840 811 241 80 217 765 55 469 195 921 637 644 417 583 893 938 957 510 902 825 807 526 505 855 79 322 609 716 276 959 979 921 942 704 73 905 165 726 465 926
61 455
31 199 73 505 674 110 489 525 467 209 565 149 295 781 467 505 468 216 812 403 356 519 154 729 931 567 458 509 453 380 235 483 391 642 849 622 309 537 951 172 765 82 946 269 392 75 49 663 690 718 309 939 347 159 829 246 628 366 458 197 333
437 174 403 49 571 351 84 839 118 860 605 465 511 721 898 634 344 356 311 883 71 265 213 876 899 241 910 890 967 22 894 228 913 237 945 694 419 602 898 499 51 723 281 706 766 249 196 796 168 899 922 366 115 94 516 648 579 905 707 537 444
42 346
987 81 112 218 873 284 226 590 246 717 713 718 759 207 843 926 258 413 913 127 361 404 660 977 80 869 694 970 705 804 399 879 99 364 64 890 620 959 525 50 618 811
500 544 865 315 107 949 479 487 558 2 282 75 732 155 998 911 826 655 704 913 249 321 692 716 851 42 377 220 778 704 424 428 595 763 48 295 706 375 759 346 321 335
86 482
3 804 387 240 208 58 84 846 702 923 372 802 522 904 322 335 738 46 888 807 879 424 843 309 360 881 283 595 543 682 770 522 64 343 363 446 196 555 131 791 99 181 366 564 851 237 11 717 356 729 958 595 943 373 282 675 251 720 884 33 94 924 403 1 225 440 907 636 291 298 920 68 716 904 154 803 97 534 965 970 92 6 271 350 435 953
415 706 810 192 873 337 848 216 11 551 765 535 47 855 360 925 48 951 423 511 460 567 82 157 722 906 201 854 534 341 587 156 666 961 791 933 576 174 675 364 608 929 168 717 645 156 776 774 421 828 995 352 813 966 587 781 165 784 977 973 360 563 467 687 474 478 211 983 582 376 507 779 42 691 244 527 318 315 260 254 171 903 16 133 127 449
18 72
741 967 94 972 95 262 348 131 268 198 493 401 711 474 556 676 779 425
535 158 220 745 416 152 291 270 169 308 946 680 473 828 115 751 737 610
67 5
396 532 726 836 88 771 752 191 581 3 931 36 243 778 427 570 26 766 249 645 311 535 904 553 210 324 630 755 706 160 920 177 796 633 784 471 209 503 571 578 43 190 410 140 751 699 297 59 559 7 277 701 554 530 568 973 977 94 477 484 400 610 877 337 432 768 701
25 116 287 859 1000 435 694 533 696 644 458 586 872 117 635 563 658 757 567 634 868 762 802 25 458 207 360 90 484 617 473 111 934 14 633 475 829 707 46 180 43 974 703 240 869 421 336 497 289 425 923 239 756 537 181 396 985 458 553 602 595 342 130 170 314 278 895
15 362
359 323 214 346 326 429 774 869 791 800 41 601 486 362 213
317 355 232 499 82 146 90 98 995 274 637 855 767 495 785
16 814
630 362 414 522 699 128 133 596 285 377 178 717 209 713 909 436
338 813 876 211 703 899 229 241 65 121 459 748 321 863 411 440
9 692
383 412 991 650 951 976 925 797 417
211 34 96 682 513 452 297 356 84
24 536
530 431 475 583 300 603 502 464 793 964 241 173 321 789 377 760 587 653 487 761 198 501 876 814
874 316 74 650 766 935 993 137 970 750 832 353 602 276 47 271 718 260 966 155 15 723 6 968
18 878
445 204 468 333 928 465 768 131 548 259 911 67 949 614 341 281 851 912
443 454 550 654 590 674 859 991 194 101 122 766 333 633 233 568 927 677
92 762
662 482 272 910 672 365 335 949 449 236 969 824 787 697 439 241 996 289 9 757 464 163 459 178 461 596 900 747 629 692 154 3 941 430 962 686 147 953 15 737 194 157 806 488 288 413 633 613 887 798 498 61 670 732 167 666 373 320 462 783 382 678 65 800 108 846 372 822 175 613 94 282 627 107 197 340 997 657 758 971 781 47 163 830 854 207 393 253 439 223 756 697
315 226 294 883 222 662 459 372 900 796 839 961 998 34 861 619 148 800 457 362 549 512 30 162 675 527 446 277 1 58 68 100 913 946 597 139 379 150 499 412 811 247 841 210 468 321 362 831 39 808 221 976 105 303 27 512 738 273 662 238 541 3 59 691 643 544 79 922 126 760 438 324 98 140 39 865 149 370 40 691 70 637 840 305 992 801 40 453 387 10 842 410
18 974
732 901 177 936 565 433 166 656 984 300 26 772 576 408 994 556 123 542
948 542 76 19 832 819 781 412 465 414 164 104 955 980 232 829 623 996
64 641
71 826 259 627 227 626 376 749 398 959 523 637 768 355 182 26 940 530 898 659 213 291 382 29 500 119 53 277 622 323 556 217 942 291 176 695 747 666 192 156 826 56 879 412 503 502 516 220 91 702 181 905 737 133 380 315 660 764 784 777 557 340 167 259
369 134 563 158 706 956 5 185 29 779 127 594 830 577 797 107 688 358 186 148 254 295 461 303 538 412 17 90 172 513 581 715 340 734 364 203 877 951 604 928 342 329 14 103 341 62 225 786 428 627 909 567 676 318 178 212 297 428 598 148 636 943 843 284
93 92
53 867 388 835 615 863 399 659 800 226 902 642 94 13 126 256 795 648 289 273 829 431 631 82 522 346 799 524 703 186 225 356 191 281 330 562 633 470 381 41 841 266 124 471 101 561 522 849 215 668 256 751 489 712 913 539 249 813 852 657 846 816 236 426 137 741 714 43 301 812 685 874 489 799 191 523 404 799 342 106 548 300 747 444 731 921 739 644 445 953 311 407 141
100 661 941 122 538 61 528 880 219 492 107 580 595 385 743 478 695 16 871 66 204 906 321 767 290 1000 68 359 108 47 9 693 370 718 368 963 788 213 741 704 208 853 50 821 664 727 166 370 441 64 564 473 581 189 752 831 356 94 191 131 120 571 651 994 626 127 735 732 520 639 314 537 316 74 490 200 529 898 528 550 758 472 264 408 931 245 489 842 425 249 859 488 28
4 687
969 150 6 599
361 370 989 579
74 357
733 997 158 237 177 485 846 625 947 26 595 810 27 170 637 1 300 761 977 785 766 442 368 790 55 133 297 46 456 217 986 92 783 837 232 118 557 499 397 951 802 440 280 525 202 461 50 94 813 534 395 4 270 785 308 35 516 115 952 104 787 247 350 239 491 948 166 107 847 396 493 911 691 634
108 231 892 692 953 786 804 580 468 218 479 26 597 585 813 912 564 8 876 464 807 802 409 252 390 317 339 961 803 440 63 437 615 995 887 533 983 681 81 747 358 820 903 356 105 797 489 229 228 617 627 99 374 811 53 346 41 834 255 701 136 388 870 648 327 799 596 807 933 811 104 475 652 221
10 386
191 228 996 889 419 441 203 973 427 354
821 330 189 969 956 112 227 150 964 942
5 371
383 202 413 165 101
664 350 890 602 865
5 142
68 844 540 948 79
114 900 412 184 956
72 918
315 538 845 112 130 363 638 537 879 908 345 738 977 392 238 186 350 389 186 690 391 332 361 584 454 207 821 551 237 278 77 923 266 845 477 853 740 651 53 333 979 823 95 624 3 770 607 92 121 222 330 75 732 684 792 809 873 986 963 469 514 362 706 405 857 892 659 333 455 624 268 946
595 289 298 423 463 502 711 564 541 974 882 137 753 803 287 975 340 506 365 59 493 403 738 597 487 678 749 120 752 948 215 86 569 422 107 173 866 781 907 164 399 684 676 65 497 671 933 925 243 164 601 82 967 701 921 321 1 397 823 918 376 589 456 421 147 440 342 61 659 716 96 29
85 84
583 552 688 700 184 763 557 310 822 737 324 412 720 551 591 741 284 684 320 719 119 568 24 843 956 553 192 901 436 554 297 254 498 626 50 353 848 839 175 526 594 196 770 680 720 22 332 919 82 435 7 789 479 595 187 262 10 430 152 836 523 505 274 287 747 56 911 770 283 646 822 576 625 799 13 758 313 412 300 370 544 799 968 213 461
200 640 430 87 751 296 624 21 914 802 52 327 741 869 243 531 834 665 506 217 665 223 299 888 222 370 967 144 423 842 611 98 311 704 16 318 97 263 983 634 359 234 730 747 775 827 690 419 823 695 766 601 956 250 559 699 342 969 783 853 839 433 881 182 436 887 348 159 437 969 341 490 830 358 896 40 462 318 977 884 157 306 247 560 61
83 27
816 729 727 538 873 299 409 239 766 76 509 169 960 100 431 231 877 870 651 206 604 161 321 589 577 776 948 353 815 714 852 84 172 439 295 386 131 354 351 246 520 53 257 594 134 100 211 984 521 682 534 455 83 643 683 696 940 268 73 865 660 34 148 162 342 851 800 717 753 921 863 236 379 925 789 270 889 356 640 615 458 85 79
208 783 348 135 346 575 868 606 801 430 708 941 168 112 311 645 934 848 19 846 600 37 401 269 203 919 173 654 415 745 240 57 536 627 256 377 682 447 769 127 379 88 490 269 824 720 842 979 592 268 239 179 347 721 522 957 297 149 625 594 646 537 965 990 472 996 697 974 347 459 21 887 352 480 132 135 373 313 559 777 947 177 173
46 196
517 173 737 172 217 364 563 493 753 742 871 719 467 214 2 865 730 207 642 566 696 140 778 806 858 849 727 248 207 423 928 214 929 348 557 30 387 546 984 391 255 986 675 494 384 561
375 84 705 60 566 137 904 362 189 778 569 361 505 603 47 948 832 854 901 520 78 82 663 454 236 667 533 872 108 703 248 835 155 630 323 151 660 286 367 748 738 417 592 40 135 12
59 783
637 428 96 125 509 559 534 665 773 39 508 955 233 771 159 922 687 169 283 100 41 197 831 819 232 723 99 385 269 340 534 379 956 400 360 507 903 421 959 440 188 608 253 509 323 634 409 538 465 198 205 769 213 574 330 625 209 39 398
802 958 134 225 174 799 467 589 572 779 46 787 183 482 776 913 956 50 127 927 551 165 451 77 788 334 165 172 535 718 938 388 493 480 455 278 232 247 974 358 887 199 901 209 719 157 245 784 184 767 804 834 493 299 321 547 525 477 764
6 108
396 218 799 2 264 60
697 89 783 958 934 554
62 882
835 326 190 314 34 357 92 643 284 416 444 218 742 142 872 582 219 245 830 697 906 521 107 166 795 306 835 899 188 14 731 426 501 76 164 921 866 149 282 318 498 48 44 299 987 739 839 721 255 809 343 11 295 681 300 430 62 945 723 993 740 517
527 990 311 704 295 328 995 309 972 993 315 421 787 328 174 344 617 950 250 4 276 85 576 834 3 460 585 187 269 193 282 118 346 932 118 960 665 99 109 190 738 581 750 536 856 791 918 740 841 200 263 710 868 193 284 505 291 5 50 148 625 352
58 16
842 340 891 933 373 984 336 706 337 827 384 312 177 79 414 189 967 470 952 956 892 555 176 397 319 715 849 380 654 46 457 804 147 298 610 164 688 489 589 542 24 952 335 422 885 413 479 373 315 617 368 883 373 866 894 1 841 443
828 327 13 341 13 704 887 102 351 292 199 426 41 768 52 689 928 701 459 744 319 251 679 626 759 247 440 367 480 797 373 723 538 507 421 980 564 418 399 131 321 167 542 569 482 860 787 717 552 28 775 468 905 991 907 321 552 706
26 757
666 219 525 68 438 123 875 326 1000 56 261 714 724 548 418 320 770 641 232 95 153 249 660 59 900 841
906 281 423 125 879 650 163 134 44 172 16 307 624 798 212 577 328 254 187 199 349 533 919 613 247 24
2 524
476 93
347 683
51 642
697 909 47 449 18 927 40 276 32 532 660 540 705 62 610 718 389 177 344 892 656 997 237 862 506 444 258 104 595 405 857 775 398 266 17 523 821 474 915 527 121 674 181 690 542 190 754 82 481 611 988
373 705 735 353 668 167 920 133 219 444 842 628 355 957 494 674 785 322 357 308 488 464 44 522 738 266 63 619 706 265 87 259 597 705 815 243 395 48 660 1 691 777 71 861 956 949 739 499 458 768 831
39 759
722 805 381 918 654 359 327 961 235 342 659 34 520 23 916 672 163 118 427 753 857 913 578 233 201 871 180 628 448 312 851 131 658 182 502 862 184 452 989
654 890 751 368 969 392 644 169 675 108 718 900 14 799 635 120 538 261 254 819 92 761 847 67 630 178 741 431 913 754 17 673 586 63 3 615 98 287 956
34 975
73 263 907 106 856 953 221 124 943 642 491 677 588 255 543 518 393 644 651 41 115 560 348 577 700 401 976 155 132 435 922 431 493 908
183 318 742 309 196 359 707 848 755 650 683 761 915 752 973 255 158 187 395 164 276 552 319 699 337 404 337 880 506 693 291 232 965 946
32 398
645 865 412 640 306 618 290 395 730 232 313 775 956 658 600 204 773 59 649 504 92 734 721 317 500 761 918 90 349 144 968 325
802 946 320 676 53 709 352 84 850 792 554 601 835 226 985 794 683 595 391 301 435 767 390 710 508 878 126 872 585 437 426 533
97 69
488 339 765 559 769 361 150 539 536 998 657 223 552 554 774 867 928 252 449 721 60 570 462 726 330 476 929 754 502 713 102 392 270 329 401 15 411 467 48 903 386 1 956 951 364 580 453 635 356 982 820 475 498 904 999 766 905 509 9 798 527 473 837 791 447 459 795 676 229 392 987 569 332 306 827 68 573 858 881 300 907 363 43 635 67 490 349 876 354 136 677 235 226 795 62 221 100
518 993 418 786 806 500 990 510 602 199 244 561 671 940 353 308 161 590 510 389 63 790 245 506 218 222 210 819 498 450 113 70 590 573 696 905 314 160 779 674 579 498 75 411 752 569 331 126 309 444 183 770 615 687 293 717 159 615 341 721 553 771 747 801 525 422 938 600 321 343 283 458 677 656 607 933 86 823 684 975 859 667 113 810 313 549 147 588 623 390 735 717 56 704 124 305 547
14 868
269 185 972 629 254 554 86 412 825 717 608 203 901 292
196 208 24 294 960 89 601 756 282 215 616 815 710 890
7 662
447 522 102 521 1 670 964
590 882 853 939 443 592 460
25 24
389 695 386 413 690 314 410 480 872 904 983 855 401 537 188 695 633 907 315 594 559 646 977 400 433
157 602 313 821 27 218 709 311 168 364 809 649 988 466 315 271 561 311 668 27 152 879 545 586 909
