54
28 218
458 274 130 104 675 666 143 144 798 857 21 594 302 774 791 471 855 862 375 320 884 260 50 896 740 442 262 105
418 50 274 825 485 167 563 636 68 215 282 333 627 844 141 285 305 174 544 917 943 57 314 690 538 130 326 343
10 122
190 216 214 123 753 776 804 122 530 543
982 220 791 798 433 610 467 624 188 199
34 757
432 901 728 449 514 129 420 394 493 328 324 971 387 945 269 280 686 97 325 999 411 367 467 112 917 212 973 684 742 399 164 505 999 720
773 421 733 273 150 966 934 918 393 988 267 979 849 742 798 432 74 548 223 681 477 996 458 536 311 900 255 332 641 828 82 750 316 896
68 378
797 320 981 855 640 127 337 872 188 466 194 11 433 673 441 605 27 626 441 477 140 785 135 862 45 817 725 229 408 83 648 96 504 924 585 515 589 627 629 300 745 210 335 879 504 994 165 458 142 563 239 385 608 701 491 738 649 486 269 754 825 383 207 200 342 562 380 231
305 593 323 711 126 880 326 611 785 285 767 775 247 437 325 744 244 399 322 373 378 400 770 896 251 668 65 997 183 132 282 236 254 286 236 444 582 643 770 138 919 241 750 348 398 106 400 568 971 923 33 258 66 337 771 103 188 427 251 35 220 745 819 914 355 675 591 161
69 543
627 548 961 642 276 656 240 758 859 955 262 68 35 740 704 922 251 203 743 377 494 806 529 691 476 579 861 138 12 663 507 519 418 777 216 760 911 397 90 740 866 641 303 496 434 267 135 841 450 729 855 535 686 295 627 59 343 327 538 292 527 348 967 880 788 523 508 172 526
453 1000 80 241 348 546 223 997 201 687 136 345 285 429 740 592 368 182 286 842 794 246 635 461 22 468 335 647 320 662 305 726 673 198 595 1 51 604 324 321 292 540 167 833 130 448 180 172 204 987 795 632 291 993 862 435 168 128 65 649 918 152 839 821 318 925 120 680 260
13 930
889 275 637 379 974 408 31 916 933 933 963 959 830
361 782 801 927 148 292 156 37 603 497 735 375 913
37 551
764 803 797 678 125 887 707 235 565 972 374 772 623 646 628 56 295 298 667 927 627 100 374 711 874 298 402 29 90 738 296 732 699 302 254 356 712
128 430 95 355 736 885 952 602 7 128 296 465 361 812 969 681 879 837 589 189 147 332 196 983 449 340 844 545 781 780 879 747 977 756 934 83 798
89 193
784 154 485 199 250 663 104 66 579 510 297 194 448 328 724 343 224 45 789 833 586 936 859 875 336 277 637 459 510 245 629 11 592 300 96 330 558 770 15 478 577 502 61 387 806 526 636 756 785 484 259 821 413 115 804 7 173 648 355 609 217 557 589 320 736 920 511 465 780 36 507 427 512 664 553 182 334 777 267 565 883 744 902 942 864 360 409 163 480
241 532 513 296 424 814 380 161 471 623 918 749 62 659 199 191 195 715 578 953 537 621 950 227 209 461 487 617 66 105 416 158 930 382 614 236 722 848 308 843 861 883 340 46 480 854 488 765 494 804 291 885 173 750 4 438 373 996 233 127 126 89 910 445 934 831 384 848 946 531 748 183 56 816 888 300 10 151 289 926 166 510 30 724 614 677 302 507 743
37 668
795 486 718 819 131 737 769 40 445 423 256 98 679 469 247 211 339 221 848 898 951 742 37 187 57 571 820 128 906 389 995 954 686 490 443 628 247
991 39 46 877 481 768 686 577 619 491 675 145 26 779 599 996 513 756 263 49 443 311 452 118 53 459 797 723 751 990 532 563 503 233 26 382 253
1 785
790
779
5 867
625 643 4 563 693
886 50 972 76 395
18 256
930 596 217 955 140 455 567 939 931 469 795 411 892 719 12 287 286 984
246 319 524 960 913 119 663 58 272 399 690 576 23 957 883 486 574 882
29 456
455 946 866 855 785 266 88 560 315 185 707 996 399 541 935 501 121 218 308 198 242 29 832 465 624 357 182 137 664
775 567 629 375 392 401 420 981 193 47 646 886 570 630 814 17 417 999 345 921 399 627 718 273 670 793 67 85 278
20 171
337 228 520 689 1 531 730 134 45 403 935 297 86 902 283 981 755 795 483 754
201 168 14 636 102 404 412 874 70 267 991 272 826 250 221 734 965 215 393 949
45 933
458 109 268 899 432 126 247 230 360 260 402 619 145 70 408 763 398 506 675 964 649 42 981 501 718 585 371 359 323 243 892 439 485 251 640 645 907 134 242 331 701 357 190 147 578
791 786 571 636 65 58 642 642 704 231 97 415 470 826 536 412 688 731 183 696 453 496 302 285 515 604 170 59 476 114 35 65 296 744 427 537 475 274 316 387 201 998 762 890 894
94 234
113 737 317 370 208 602 987 124 93 545 843 160 176 954 671 870 264 332 808 307 349 682 544 413 469 457 927 927 737 822 501 781 718 312 744 674 433 618 689 612 278 478 683 750 296 310 155 735 748 686 477 392 861 382 366 566 368 110 903 549 118 504 37 177 484 556 235 827 154 690 57 64 933 772 834 468 879 812 991 704 338 948 814 876 193 594 669 320 359 259 924 662 990 845
825 695 844 926 834 240 627 292 616 17 160 893 343 512 764 222 271 117 900 543 46 82 243 484 79 982 366 481 526 966 708 461 732 128 329 605 144 839 16 226 502 441 852 725 912 955 992 663 670 757 917 602 408 907 33 229 619 333 543 102 740 305 128 34 68 677 72 323 449 955 334 223 371 983 646 45 86 84 794 371 822 702 235 187 361 560 180 99 369 544 690 576 888 271
72 302
933 510 951 354 479 938 202 93 606 421 806 34 247 24 929 269 590 253 555 952 765 104 834 450 654 595 358 118 846 645 379 475 422 9 578 811 846 155 736 353 994 571 197 996 813 757 790 581 731 281 330 173 310 994 740 751 472 629 581 10 778 948 261 475 553 331 27 605 197 200 156 40
996 193 704 11 775 971 842 100 958 265 796 875 484 527 915 919 896 996 651 832 818 793 760 379 74 126 550 236 726 302 791 484 88 226 807 53 917 84 48 744 558 138 164 730 722 984 22 527 831 1 943 205 399 837 55 981 742 679 964 187 208 130 194 919 418 597 701 993 938 500 274 135
80 888
904 177 46 668 406 790 847 936 556 312 714 170 590 61 923 227 905 312 98 947 510 304 672 669 340 530 121 461 702 788 486 431 611 841 574 823 897 346 264 861 787 113 238 135 324 208 119 954 729 304 625 736 766 11 956 821 25 76 346 679 893 22 306 868 680 808 292 514 970 638 155 325 861 494 119 492 549 396 46 554
217 199 825 769 869 928 644 752 676 692 426 427 226 988 364 954 747 487 665 30 710 286 69 377 187 681 429 414 408 925 251 546 681 158 960 977 467 300 842 877 299 223 268 361 175 755 8 58 78 856 391 399 399 84 10 303 552 217 413 613 544 468 552 166 433 177 19 976 882 793 86 865 389 180 525 278 36 774 577 545
2 983
42 501
664 729
42 259
168 462 994 799 972 955 333 856 759 898 230 996 523 259 899 71 459 615 735 594 787 230 340 97 318 213 586 917 878 293 239 972 844 846 285 941 445 895 476 705 86 49
720 830 286 725 194 801 136 424 74 771 309 913 958 80 278 887 940 131 616 306 590 828 269 883 578 109 592 181 338 442 116 818 252 929 135 309 390 736 136 674 62 835
67 586
887 673 920 780 930 517 301 715 61 464 237 161 971 225 118 465 443 914 163 771 446 536 233 224 524 557 152 864 119 545 117 718 560 644 474 53 784 428 666 962 898 177 252 665 207 934 650 216 687 830 742 740 724 878 716 915 736 185 93 484 855 967 676 23 369 50 564
856 166 250 995 541 475 422 505 898 269 893 631 942 84 311 565 752 288 717 975 891 144 864 679 669 995 963 220 120 111 926 208 764 164 788 789 917 619 287 863 337 514 696 629 424 652 247 565 777 702 851 405 330 654 46 577 29 90 907 27 271 266 611 721 209 870 502
91 874
839 367 610 575 197 575 978 435 432 186 490 26 256 909 597 508 209 261 696 764 150 128 721 93 173 814 412 265 280 230 958 336 761 918 353 784 194 492 900 255 829 104 16 615 30 451 923 688 673 764 989 696 179 479 4 371 293 387 98 890 621 177 724 735 583 684 48 278 120 571 899 190 326 709 602 903 744 775 507 356 515 243 529 953 446 63 107 730 923 378 201
400 286 719 582 106 341 309 964 196 439 298 606 853 53 762 13 433 424 568 196 842 178 918 602 539 138 851 219 288 417 847 662 605 198 554 711 858 918 717 296 428 621 956 352 652 547 998 856 313 843 684 217 674 165 451 132 453 262 37 1 704 651 184 539 886 442 578 744 616 422 352 277 687 429 62 78 569 890 577 95 929 303 556 294 895 610 878 951 719 859 938
18 728
728 942 698 283 315 882 798 443 527 580 31 63 58 226 362 473 590 637
587 400 182 346 38 972 661 720 508 639 709 803 52 383 531 615 432 365
95 857
119 731 456 723 389 998 482 383 845 393 166 355 453 306 978 142 155 977 81 226 682 776 899 203 747 932 447 410 909 962 628 30 226 795 916 165 543 313 547 126 221 819 27 151 719 241 503 153 286 222 16 786 146 567 914 596 989 659 995 623 760 630 728 228 951 617 977 825 617 886 12 293 961 655 878 591 651 845 472 1 522 917 74 808 595 720 720 364 946 430 403 184 659 482 415
506 357 221 407 813 893 808 248 262 216 323 722 532 90 109 414 931 159 877 742 804 789 138 341 262 583 762 289 110 302 234 305 976 695 878 518 470 296 764 488 960 494 775 171 782 904 379 303 797 99 95 122 421 809 201 221 702 618 884 404 999 178 28 998 224 145 912 918 896 939 632 472 252 987 530 937 350 133 247 451 312 119 562 991 709 802 666 554 782 671 613 375 514 230 767
31 275
352 70 897 29 285 748 19 658 290 415 859 83 938 712 253 291 308 894 213 740 415 626 46 221 218 528 2 320 564 298 649
108 471 167 925 170 550 524 996 940 203 80 663 28 233 157 410 808 549 251 22 596 472 262 325 581 772 839 386 56 268 946
88 120
512 147 797 586 187 594 89 766 327 49 398 321 507 563 986 192 808 811 363 609 778 300 601 894 323 779 322 696 156 68 451 179 799 511 590 968 563 996 44 515 284 87 850 898 623 779 53 260 214 395 898 843 53 986 998 954 821 146 169 869 841 840 530 853 643 755 490 893 425 527 369 34 675 778 837 842 450 815 439 510 909 874 931 773 754 502 592 687
252 521 530 181 927 538 92 213 270 538 682 479 43 115 10 404 786 662 259 605 272 684 23 75 864 723 880 125 424 931 905 361 236 730 789 722 641 760 449 644 570 760 742 137 184 899 103 645 474 791 123 26 644 656 220 710 832 492 309 511 37 18 747 133 259 167 261 626 351 52 815 609 531 664 901 913 803 839 89 18 773 581 298 159 640 87 710 996
76 290
405 144 805 454 708 517 65 462 615 684 803 126 434 222 257 17 921 123 919 482 838 821 696 754 953 707 563 677 876 672 955 222 216 383 716 712 335 373 656 981 442 999 848 1000 720 184 749 406 745 219 881 972 548 331 766 430 468 455 831 451 274 837 734 887 482 698 606 490 657 679 424 481 210 436 400 497
816 304 564 46 857 407 395 553 882 679 633 534 27 416 840 822 229 595 2 923 67 35 107 387 963 771 865 429 135 24 655 980 216 593 536 986 339 394 972 512 910 212 503 386 4 925 74 399 890 660 12 113 769 989 718 186 618 184 848 181 469 12 498 398 384 51 269 747 822 986 94 545 435 100 47 58
17 958
582 435 156 650 761 749 774 151 282 604 929 291 453 547 958 233 510
224 126 807 161 380 126 214 811 572 543 384 506 35 865 373 616 859
61 885
65 416 357 450 546 698 856 382 194 668 494 631 343 81 111 227 420 133 942 532 927 275 856 582 264 781 960 143 324 668 494 921 59 240 282 81 295 101 164 995 826 673 850 155 179 401 188 123 536 486 730 115 427 141 984 781 553 516 231 334 264
476 157 833 675 949 417 743 933 617 88 105 304 276 756 749 716 867 58 894 316 105 549 5 945 690 260 123 779 944 235 496 641 596 670 575 168 958 270 63 131 903 290 468 883 790 294 588 221 549 279 294 109 371 995 709 413 28 745 673 884 94
51 624
695 415 935 163 27 152 212 50 695 484 82 312 898 516 457 535 533 13 934 904 274 852 97 653 766 23 189 163 457 101 79 40 539 216 388 168 761 225 459 867 374 38 656 762 347 506 724 600 449 759 646
578 172 775 582 242 802 701 79 807 552 492 843 208 558 823 530 129 993 565 860 735 999 694 896 401 557 728 129 995 514 454 330 618 110 1000 205 703 199 573 372 753 878 173 474 383 241 795 792 28 186 339
99 122
538 945 262 730 748 304 986 47 645 885 265 932 963 858 725 25 348 462 473 785 845 763 222 561 647 330 815 197 493 368 480 62 480 827 385 708 313 257 563 793 319 232 972 76 788 319 511 254 202 149 87 375 278 762 299 121 516 196 819 760 320 711 219 405 552 892 51 47 775 493 105 226 744 238 27 557 185 949 275 67 149 359 309 186 726 671 357 553 587 114 289 214 846 301 180 478 265 346 298
236 818 145 181 724 507 632 726 558 548 643 864 242 492 46 149 134 664 681 688 815 638 246 603 253 60 885 884 418 95 497 758 323 685 670 531 471 117 384 681 775 372 589 761 936 342 452 429 282 974 973 123 699 265 442 474 367 347 393 977 165 121 812 660 49 563 543 183 341 403 721 646 124 821 651 279 282 5 848 934 877 779 808 676 770 506 537 192 83 771 5 172 113 966 821 290 65 185 689
22 880
268 382 166 552 908 304 903 726 645 705 68 55 466 129 509 1000 3 820 353 682 933 832
960 712 375 633 846 82 606 857 993 97 972 749 166 897 399 70 669 166 401 338 252 855
15 96
904 727 733 215 287 505 531 699 840 821 864 406 580 928 96
462 351 899 34 135 730 983 904 251 162 904 548 234 542 346
25 419
930 565 983 658 624 824 466 53 109 136 744 570 979 967 426 609 715 889 493 604 604 721 963 813 401
926 92 133 699 176 77 156 677 782 348 373 503 887 560 961 826 905 107 803 751 338 16 812 247 419
75 219
523 358 529 428 753 485 28 995 28 227 908 579 750 383 860 623 287 80 793 846 976 881 765 802 641 126 810 858 509 574 636 613 792 119 100 322 740 246 172 860 360 886 697 382 557 402 852 685 27 968 432 115 989 920 237 460 132 275 388 834 906 345 843 54 694 321 321 378 236 153 584 293 607 998 31
457 215 812 805 570 982 372 720 863 982 170 266 708 368 827 945 884 581 382 155 556 962 401 172 687 676 649 720 469 191 513 600 441 546 374 247 94 951 224 624 870 158 719 359 55 142 486 993 239 443 561 755 18 758 455 700 865 461 428 508 80 187 19 526 963 711 868 524 894 940 12 893 689 350 763
19 857
103 641 297 216 97 537 789 854 562 765 802 487 400 938 496 539 978 601 407
247 311 281 747 293 901 61 209 325 753 343 121 725 2 516 856 547 294 500
18 649
96 421 84 754 443 630 191 870 595 675 512 691 64 135 164 233 935 887
800 669 877 994 331 504 972 839 599 772 204 732 747 225 466 228 290 249
23 586
49 44 206 60 193 755 381 769 526 302 763 654 271 706 894 228 42 532 937 437 12 905 659
95 49 813 759 356 90 178 180 112 645 553 73 731 733 832 593 174 730 895 548 260 512 620
54 313
648 841 3 493 222 83 176 909 489 171 840 501 129 970 159 526 611 407 210 949 539 310 160 981 823 522 109 270 406 252 70 5 594 623 87 673 581 990 516 266 664 603 114 817 316 883 8 255 492 784 382 560 751 456
545 163 411 185 413 68 161 882 229 849 15 217 712 425 124 799 422 751 696 839 830 594 724 640 227 714 837 815 340 500 612 891 146 982 759 565 167 493 36 809 128 103 856 776 452 789 79 59 858 532 335 423 497 87
91 581
947 321 291 894 83 107 297 162 184 341 188 229 677 140 903 980 366 980 427 824 410 817 61 199 233 190 134 514 643 727 818 298 760 752 131 663 357 312 413 443 202 985 338 308 839 967 904 65 826 575 98 349 266 795 676 497 452 418 666 44 210 284 970 739 46 327 423 601 503 647 858 527 273 534 71 484 956 981 272 943 646 926 589 807 597 771 171 642 219 987 813
811 189 215 421 686 646 153 123 957 57 986 378 113 599 410 825 601 56 291 571 746 488 807 916 814 81 375 430 259 439 189 731 363 16 221 773 791 3 578 274 124 260 976 509 318 633 785 643 724 273 977 561 948 508 149 597 584 269 525 743 203 238 396 413 637 950 250 413 543 424 658 894 984 996 68 781 113 477 690 884 387 903 648 957 439 839 626 208 897 910 663
85 409
421 734 692 518 968 432 767 421 910 286 203 38 932 333 162 974 753 814 450 239 103 857 212 691 811 568 195 118 392 313 417 519 224 444 851 33 155 289 737 864 484 755 82 432 969 841 701 483 67 812 431 183 374 631 935 315 281 489 260 239 157 757 192 101 814 928 64 813 315 747 957 653 586 741 682 87 826 513 661 592 466 731 821 595 2
565 203 871 640 221 364 281 936 380 970 556 70 579 712 252 664 605 526 611 20 50 314 662 984 551 828 481 573 282 974 204 297 275 806 227 102 187 267 344 18 529 104 827 847 878 927 233 525 822 43 274 582 252 933 351 173 354 656 912 585 283 903 570 849 511 676 392 601 169 281 381 692 19 286 25 918 772 196 71 624 602 175 732 630 530
62 253
212 514 156 600 98 737 168 976 293 672 437 788 768 645 546 29 979 14 474 42 378 362 58 797 654 500 520 787 434 697 222 194 284 81 469 517 770 847 98 593 638 748 844 830 308 537 243 199 400 101 560 474 480 936 774 855 348 791 848 927 223 483
521 226 784 85 403 986 443 577 669 462 391 439 762 417 173 803 857 225 904 557 958 31 900 147 831 486 413 717 130 623 989 584 595 440 392 50 10 97 903 169 219 536 432 639 379 686 945 307 389 692 827 52 125 390 305 660 507 948 709 256 591 833
46 900
334 624 699 932 829 973 997 735 102 913 711 940 835 47 601 534 462 598 564 533 147 243 537 834 120 68 712 646 540 855 427 195 249 193 135 69 533 166 828 593 577 943 947 554 371 957
841 247 968 137 945 549 609 48 207 652 677 959 618 415 422 396 373 203 914 367 808 349 970 810 913 816 688 481 374 334 133 194 563 404 751 696 223 221 243 758 317 902 627 335 870 428
49 793
864 639 202 987 105 890 799 371 135 530 964 650 698 996 167 879 428 385 621 743 872 904 395 409 66 758 747 162 856 485 366 401 888 208 444 125 126 605 461 691 936 957 34 875 444 354 189 540 776
630 231 471 665 485 211 10 216 706 155 500 717 388 339 696 535 98 550 142 824 67 605 112 969 626 802 569 3 448 976 452 732 343 909 690 538 816 540 379 428 905 360 625 818 543 100 968 452 593
53 145
890 112 61 699 547 405 972 24 994 976 346 355 901 310 58 644 655 716 189 225 625 225 439 503 388 289 465 584 380 440 931 458 616 592 627 365 797 201 198 799 190 769 332 789 757 633 589 733 119 732 389 931 601
783 456 506 777 484 26 361 933 47 332 239 187 195 857 284 154 56 810 565 256 757 124 955 27 849 357 793 209 373 963 542 151 760 707 942 704 161 84 438 899 107 112 764 334 773 382 225 847 669 100 409 861 59
62 726
527 215 730 969 807 914 197 132 707 311 284 868 218 755 111 263 800 689 622 476 742 747 747 595 140 128 422 61 13 168 362 479 625 151 226 198 591 565 336 68 444 620 593 963 330 722 640 108 228 978 750 435 882 684 750 566 633 948 174 986 330 623
765 725 719 152 715 673 296 882 661 974 461 707 31 575 417 452 292 192 812 508 112 33 664 125 102 70 183 951 134 780 389 154 698 105 430 6 194 506 723 487 520 833 738 665 899 490 233 372 659 10 246 425 899 592 472 199 806 116 149 109 255 864
90 283
966 384 661 987 918 704 318 330 547 30 14 81 456 76 718 351 580 169 890 747 11 738 653 791 562 414 625 916 365 213 897 401 728 280 371 698 339 993 156 624 631 154 896 502 236 390 816 323 122 832 315 989 289 532 873 114 248 366 729 597 778 95 420 595 860 437 909 815 549 723 853 776 933 212 177 206 775 737 718 201 962 225 470 648 454 398 727 25 389 456
230 788 400 405 99 202 640 838 954 322 423 915 773 381 620 361 895 493 923 96 488 692 359 923 814 687 615 748 250 414 558 256 490 552 632 541 846 520 22 552 651 133 113 429 823 262 266 504 934 583 228 529 989 133 395 558 554 819 254 651 270 978 858 285 172 789 539 490 465 867 340 114 927 424 786 661 618 457 286 431 13 181 400 801 966 314 863 574 428 670
80 858
170 61 815 434 3 358 274 232 493 209 657 967 542 820 579 553 767 620 848 713 857 550 235 892 146 985 142 901 671 687 113 951 458 495 779 956 153 484 297 474 970 441 816 104 75 675 747 384 271 723 888 451 204 912 755 44 266 167 74 978 156 528 429 102 903 322 360 933 855 751 596 269 465 378 569 13 813 316 24 34
196 983 41 687 755 813 436 315 468 904 585 491 266 991 946 585 768 594 338 598 184 76 967 176 641 896 224 465 610 344 718 342 204 703 594 939 672 709 410 886 25 785 750 457 997 984 159 348 879 19 708 464 344 57 140 752 414 481 938 735 581 663 481 129 850 437 563 933 443 36 190 559 345 837 61 958 589 535 401 127
2 52
867 764
987 743
60 416
968 25 671 938 76 998 411 873 877 73 521 988 28 510 11 820 592 242 975 736 184 396 846 254 702 204 577 375 637 790 398 209 536 795 937 275 196 361 204 454 994 43 759 450 137 551 682 516 781 873 786 491 319 48 33 93 929 395 281 518
411 620 819 530 199 720 673 157 715 52 674 254 708 578 818 987 507 906 472 277 696 665 230 996 671 16 171 425 627 85 502 26 655 43 725 180 844 112 71 123 464 567 876 692 835 963 381 534 143 750 957 4 696 126 159 86 18 975 249 186
25 759
883 677 647 652 134 678 835 453 366 356 939 225 812 968 711 499 571 366 231 270 60 35 559 870 361
185 197 60 677 878 236 649 787 407 716 825 103 932 23 429 972 421 699 716 128 47 423 231 117 327
76 731
902 61 751 597 911 322 710 739 873 147 471 199 22 55 451 865 948 992 6 453 595 599 747 844 441 114 149 389 201 936 102 689 35 583 112 196 556 658 385 781 21 245 759 591 486 122 349 372 79 764 451 973 562 7 940 63 17 336 594 369 781 510 674 561 542 500 726 941 563 147 727 214 974 47 515 753
389 377 578 17 883 183 845 96 944 204 5 531 349 836 271 340 692 908 761 646 749 271 1 561 585 772 49 259 13 501 838 681 311 627 438 816 279 132 904 213 598 888 148 690 445 312 233 916 117 326 676 190 155 798 943 117 296 565 967 334 122 703 686 81 684 373 109 6 205 947 247 1 290 139 984 965
75 565
598 273 238 487 105 453 856 246 720 732 414 273 17 364 269 909 661 561 385 903 591 443 900 44 73 354 218 386 312 974 356 922 820 896 643 782 220 351 594 96 316 265 524 265 196 348 348 228 481 146 798 3 305 158 610 195 605 639 221 924 372 230 346 537 771 507 312 804 743 85 711 180 906 788 945
137 697 267 886 563 311 328 107 895 490 823 920 520 967 254 671 657 981 691 562 818 785 291 654 829 739 291 520 884 957 147 32 231 290 24 238 631 101 448 681 531 254 584 251 117 15 182 442 769 628 702 624 367 903 93 568 198 309 677 567 955 306 112 248 580 601 69 379 216 108 895 620 649 638 883
56 300
562 146 114 849 799 484 49 347 168 648 405 117 540 983 955 719 799 42 816 904 394 796 90 973 144 548 148 951 241 765 802 434 294 414 648 536 275 367 739 942 209 378 188 403 630 622 265 320 596 166 258 141 360 789 135 268
854 145 59 625 662 322 2 496 827 368 947 719 832 762 746 235 33 560 793 916 157 588 681 737 919 780 305 401 522 175 455 839 515 502 479 401 511 737 396 62 811 172 407 11 72 542 623 148 288 607 661 647 631 415 197 241
