44
37 327
355 831 339 770 674 443 593 250 216 280 623 849 926 32 840 76 291 814 11 462 994 189 132 137 116 140 930 848 626 631 653 522 238 602 949 689 720
519 11 693 136 618 801 264 67 173 307 478 543 97 426 463 690 572 999 694 866 365 198 540 208 745 833 494 623 586 747 642 105 264 85 247 932 257
50 912
996 621 455 487 367 632 502 529 18 458 301 822 759 57 500 795 396 531 563 369 250 413 982 340 399 870 927 350 85 384 547 867 622 255 70 178 489 640 544 61 33 438 315 674 517 213 233 66 174 876
276 116 360 651 535 277 230 513 516 371 407 761 668 619 863 355 431 627 168 568 689 167 110 264 105 637 615 683 977 172 615 980 625 169 663 221 641 394 284 901 839 454 857 901 340 2 254 931 290 874
83 1
545 895 956 687 852 294 618 129 26 342 934 451 856 43 698 662 652 196 958 879 896 977 780 590 845 178 18 468 76 64 581 13 49 178 20 256 874 569 121 557 907 664 225 282 956 779 773 372 713 409 395 245 468 197 496 577 747 76 405 730 758 185 831 335 777 287 442 43 426 395 563 993 855 709 753 221 439 316 895 135 397 349 43
601 459 723 594 496 573 594 312 446 527 863 440 828 206 621 813 9 390 993 184 701 464 897 509 218 101 859 158 653 472 762 72 367 620 956 500 849 659 177 26 38 113 894 159 461 129 751 858 90 663 998 812 535 558 661 519 884 403 793 77 323 970 563 783 541 303 256 751 946 352 438 868 399 514 120 523 579 537 630 821 825 792 163
55 831
137 474 897 30 603 759 197 805 219 250 932 594 501 408 312 530 397 365 330 794 223 833 121 100 339 252 884 770 260 179 108 256 732 574 302 521 228 157 124 485 572 995 667 728 196 791 10 119 654 242 318 722 651 409 743
649 902 822 346 463 117 979 306 811 645 347 203 956 498 846 790 398 4 220 967 967 728 86 873 422 559 616 726 727 243 720 629 430 168 450 324 131 815 27 90 498 41 865 4 817 487 540 437 366 993 385 51 263 683 766
55 389
820 86 620 650 183 668 153 438 984 679 621 37 947 157 972 696 109 815 998 924 201 360 260 521 698 491 38 402 287 993 37 423 679 345 704 522 566 880 240 290 806 575 543 145 794 400 244 852 594 348 473 496 304 803 965
786 354 417 851 842 147 21 969 82 735 637 306 264 170 205 947 539 18 78 405 799 263 116 607 983 531 116 319 703 974 209 73 606 354 587 978 175 573 981 969 404 31 385 259 962 715 88 838 728 120 997 8 2 735 382
14 416
372 568 756 14 481 979 722 744 875 916 27 25 100 39
428 226 278 999 750 258 298 233 826 472 391 108 800 71
57 901
958 788 657 558 887 954 774 951 512 915 467 514 567 491 390 226 415 524 219 5 314 157 597 592 922 843 352 460 123 785 94 986 254 102 777 879 728 25 448 52 240 47 233 689 977 523 440 148 245 853 817 276 432 815 145 794 967
180 590 208 315 87 983 30 980 33 217 596 563 621 28 301 579 54 52 67 484 133 479 811 19 665 134 424 147 559 169 854 442 764 664 864 608 825 46 849 812 367 534 979 192 407 719 764 700 494 309 803 472 258 2 547 431 691
56 160
325 180 71 101 26 37 193 905 48 779 46 32 325 615 808 82 639 909 228 805 760 581 164 570 829 564 823 78 323 927 26 798 159 425 382 342 818 562 680 179 94 93 888 678 699 423 245 463 718 645 795 465 846 706 494 827
467 225 905 75 607 569 349 280 15 322 309 194 853 565 287 206 566 452 760 774 524 831 687 769 538 101 308 812 953 658 139 383 657 760 674 477 327 957 82 573 305 673 169 509 753 807 909 505 578 346 158 46 296 301 515 421
45 733
910 833 307 826 299 697 706 796 32 848 123 828 596 872 454 900 237 96 470 842 670 897 442 570 159 213 921 806 998 801 642 334 971 524 68 67 583 888 473 659 332 609 481 557 143
792 663 875 473 219 445 230 683 808 27 70 500 218 661 528 688 237 472 830 381 938 739 884 886 53 439 858 752 875 586 877 272 949 482 797 868 344 978 485 975 201 623 813 904 766
85 324
270 296 774 1000 333 885 672 752 54 591 118 220 351 313 915 822 789 219 52 444 4 587 516 165 314 616 948 178 81 718 174 5 538 66 61 414 861 603 914 705 649 806 693 592 86 896 826 891 213 528 705 102 184 521 577 557 749 26 735 29 250 3 412 264 385 882 734 939 366 843 110 216 548 723 880 717 315 732 114 153 680 396 494 838 64
845 590 779 908 327 476 824 449 914 43 852 415 549 36 23 868 868 775 106 563 334 979 338 110 458 510 362 24 539 781 206 231 258 544 864 783 732 346 129 409 600 919 423 262 981 522 260 330 652 286 455 795 978 212 484 720 623 131 245 576 127 511 9 446 651 63 449 859 150 139 478 423 95 30 941 312 294 777 933 667 991 390 619 254 663
84 743
688 340 388 557 741 263 125 984 386 831 823 389 371 100 491 197 961 588 649 991 812 813 87 364 776 288 451 128 733 323 433 642 713 325 38 889 388 39 545 598 250 360 805 887 590 455 9 279 106 351 52 926 760 75 206 702 950 1 512 964 831 217 32 942 618 330 597 279 951 839 31 306 392 558 147 598 194 441 202 399 501 164 397 54
692 798 161 809 414 27 54 290 844 907 616 394 374 77 986 279 245 992 50 569 55 22 459 529 82 835 920 958 347 355 749 399 808 330 612 168 58 325 467 242 605 435 173 234 825 18 343 113 728 268 841 821 298 27 20 12 517 232 588 669 446 201 947 817 942 952 606 441 910 203 966 905 711 230 854 315 628 680 64 239 935 499 502 589
75 286
279 44 565 992 928 691 886 212 252 634 645 278 383 544 538 444 686 22 621 314 304 788 739 948 467 373 192 995 257 626 948 437 284 551 345 539 212 543 842 846 663 256 516 931 760 460 2 245 786 957 949 983 907 536 286 835 915 963 880 222 308 822 677 986 216 729 12 60 77 850 404 392 534 500 643
397 533 253 292 917 374 427 247 921 502 57 321 689 123 7 879 557 516 165 356 895 788 813 985 559 375 653 178 243 569 124 80 6 474 177 632 366 741 106 936 806 337 98 200 921 290 125 942 908 433 652 140 382 451 727 655 596 59 898 267 438 925 983 502 757 194 928 606 509 467 559 591 937 78 715
19 212
793 559 839 867 579 441 877 296 377 112 575 868 203 44 992 666 939 474 357
611 597 20 687 436 694 864 96 987 404 666 686 805 856 815 971 649 918 900
20 669
843 288 873 443 392 522 531 467 50 19 757 271 210 279 668 984 624 775 500 78
7 876 467 994 955 129 304 999 521 643 764 406 12 818 373 425 681 611 711 417
53 83
41 31 977 497 304 448 682 687 397 512 928 40 63 925 229 436 931 18 719 142 432 280 365 504 705 663 275 514 542 4 295 732 299 116 856 573 819 114 729 881 166 643 408 890 388 343 316 455 332 532 704 254 477
35 336 714 85 811 552 483 41 688 289 679 900 493 770 506 46 87 877 560 128 397 528 301 143 154 898 815 614 347 422 494 423 41 786 834 121 657 909 486 370 725 407 549 858 425 121 280 84 44 865 196 240 995
77 437
611 298 413 901 923 109 22 277 250 736 516 108 4 206 437 134 558 345 146 88 817 61 333 474 558 608 286 669 713 201 248 404 497 738 956 557 257 988 167 57 801 918 102 736 58 699 911 81 322 233 737 78 281 811 586 467 972 492 947 40 185 569 872 635 859 446 662 25 40 6 579 361 190 346 328 931 15
44 472 251 734 914 326 576 509 14 183 466 294 950 241 435 145 978 70 202 733 565 263 663 131 77 401 108 899 62 824 18 94 875 798 43 8 430 580 288 649 995 311 612 858 587 413 411 414 490 237 357 833 444 388 52 449 601 675 855 693 469 338 829 647 696 492 68 428 803 892 357 241 388 364 643 693 265
62 606
702 617 801 848 858 477 850 124 530 191 835 854 396 937 567 807 863 964 728 722 699 383 788 62 767 16 637 946 707 106 904 308 968 919 452 607 645 553 520 875 258 839 925 417 925 495 38 469 95 940 804 843 916 881 998 299 295 632 391 402 321 970
248 600 617 875 772 376 596 22 286 807 133 624 933 856 481 218 892 661 789 642 462 687 805 949 532 137 104 221 179 58 882 409 8 485 144 100 328 692 957 288 907 126 582 231 304 161 392 109 936 483 412 834 96 160 573 812 713 358 421 652 538 239
69 828
300 948 171 511 424 876 457 906 429 159 202 420 642 579 622 628 6 983 880 945 880 159 178 787 146 51 137 964 591 585 40 223 328 279 826 502 552 676 837 814 806 587 75 363 700 54 573 352 868 542 766 612 477 449 950 630 840 777 872 77 327 449 56 842 236 468 405 475 486
560 892 368 1 762 798 582 576 971 590 825 87 8 829 169 462 128 761 861 107 384 966 214 213 994 11 62 249 135 346 837 96 114 392 999 467 190 903 766 7 90 279 239 379 868 689 123 447 683 224 440 995 40 405 55 356 141 693 630 627 610 387 419 166 199 708 416 207 573
14 466
460 411 463 513 84 458 159 141 865 82 831 756 710 667
320 741 325 94 846 867 415 698 214 48 230 986 672 18
65 745
146 458 519 784 932 335 92 139 864 596 961 3 152 944 758 855 683 548 574 415 76 900 10 21 878 962 805 113 787 784 783 877 196 440 287 317 679 694 238 997 429 898 964 937 322 683 856 91 390 277 227 77 715 63 16 402 706 248 110 135 553 129 780 607 262
947 616 391 172 586 55 355 305 807 57 266 294 228 374 439 262 682 509 57 525 228 746 535 365 642 10 255 918 39 403 396 627 391 351 646 284 398 669 349 536 68 420 227 407 595 953 582 147 844 302 840 663 159 385 939 660 10 274 792 521 539 798 590 364 81
37 658
940 837 253 966 168 6 444 123 27 779 822 121 622 997 637 935 53 462 90 924 40 245 680 353 20 279 499 185 37 323 290 453 760 535 279 348 257
704 968 563 424 223 510 8 707 158 866 816 822 20 637 525 240 659 296 340 834 365 939 901 571 67 45 599 194 129 157 879 208 10 245 893 743 92
9 789
118 238 470 823 520 625 931 199 760
400 373 607 663 637 122 586 139 128
52 951
399 812 586 95 466 240 964 821 396 335 661 400 50 57 298 405 535 236 999 824 397 239 968 98 852 698 752 40 625 807 106 561 462 979 544 977 157 60 275 815 851 928 568 639 473 435 378 153 109 468 307 873
345 624 857 148 972 647 443 246 287 518 941 188 990 25 699 313 837 819 81 952 404 917 795 821 228 589 244 671 865 478 221 910 188 903 229 753 308 950 833 433 294 479 52 168 937 87 854 706 881 48 622 858
48 963
210 179 216 919 412 822 234 329 234 761 814 372 997 436 206 91 719 720 538 694 950 770 993 338 72 806 18 93 967 748 404 610 847 808 231 6 924 732 958 718 458 88 132 801 315 552 365 912
410 420 599 338 878 295 57 156 444 930 526 961 340 333 690 766 555 305 783 440 38 257 805 639 598 787 931 591 621 980 336 443 600 598 501 395 638 788 675 272 481 471 572 508 743 591 935 475
35 765
659 540 181 447 713 283 643 136 71 806 864 847 89 455 761 895 481 873 165 957 21 953 343 764 968 824 210 958 212 519 194 775 292 123 791
761 261 503 415 390 565 597 583 436 364 883 631 993 978 711 510 387 216 174 986 540 831 887 476 855 685 572 89 272 394 175 602 926 615 877
30 586
169 430 261 583 554 197 62 541 383 280 625 289 180 616 830 811 771 179 788 912 954 520 804 210 945 265 961 305 595 459
298 839 766 418 294 97 50 266 876 117 317 497 813 12 232 637 178 887 517 370 261 711 195 602 95 730 674 788 227 170
4 84
967 820 321 394
617 798 185 287
22 678
920 485 272 218 319 465 85 858 764 95 832 352 238 730 156 356 640 579 640 334 269 736
951 645 631 725 949 456 357 818 617 911 696 590 32 863 36 165 188 249 888 840 786 418
88 440
920 88 411 612 420 300 720 82 578 145 577 534 381 965 826 577 542 624 603 553 382 937 795 637 123 602 441 479 67 42 172 897 573 98 95 820 364 778 797 356 454 201 964 774 73 656 580 466 692 813 215 635 113 156 229 486 69 45 453 694 898 728 557 588 582 976 743 421 975 949 544 793 543 371 526 55 613 436 155 411 447 391 41 140 848 754 775 787
285 890 8 76 39 612 337 543 907 761 631 743 365 183 31 110 763 135 132 535 195 877 554 680 435 772 533 381 256 883 722 112 466 100 577 95 527 749 714 353 832 542 628 204 677 49 429 822 21 625 610 485 608 869 72 611 602 784 964 465 205 415 75 728 386 898 980 845 629 274 569 455 1 495 966 943 656 360 140 941 873 456 342 22 714 838 822 55
92 826
307 84 24 921 793 249 613 735 639 313 485 19 516 722 169 976 24 251 968 741 978 992 460 491 156 916 404 459 210 281 822 961 558 72 355 529 380 901 935 811 886 280 402 954 395 338 945 181 755 211 538 199 102 373 218 433 472 881 41 388 760 23 558 740 57 111 693 439 307 684 367 587 344 250 36 102 631 913 5 447 302 780 29 916 300 185 147 555 857 552 933 909
546 686 744 554 486 363 232 810 847 675 998 685 685 683 501 317 5 386 44 323 471 233 814 55 476 676 206 171 623 260 708 673 590 558 458 529 149 813 758 903 83 592 457 774 600 931 153 465 283 359 643 133 507 394 580 127 303 464 439 358 627 633 468 181 730 283 172 627 314 548 982 825 178 797 60 232 756 444 630 7 298 294 838 782 45 231 808 626 218 343 723 175
50 241
109 585 48 301 413 370 937 260 40 324 220 4 118 78 606 686 1000 174 442 937 670 968 396 810 665 681 356 242 635 74 947 57 215 550 939 97 5 37 629 166 873 57 84 354 128 674 126 377 366 850
864 420 479 422 10 273 611 714 907 725 379 286 154 621 821 244 602 904 600 628 123 803 774 286 102 243 97 125 827 670 732 859 368 172 786 912 892 277 739 448 899 602 38 634 634 139 195 774 199 796
75 758
73 185 980 686 486 51 560 825 868 140 543 278 343 875 792 95 784 571 747 266 977 794 281 888 211 120 516 154 823 945 955 451 157 750 443 461 921 651 632 166 895 184 406 495 5 788 382 197 75 972 159 201 139 949 715 723 414 749 540 246 668 712 821 819 8 96 730 109 78 771 151 634 723 530 133
123 287 90 114 637 54 309 571 929 944 734 825 514 523 56 434 696 484 97 869 294 634 395 331 727 535 418 667 853 124 472 256 206 806 915 163 273 803 933 556 156 632 134 144 837 953 63 118 4 63 980 859 336 943 155 873 197 667 791 393 740 136 123 377 810 696 483 660 887 959 797 595 584 356 495
94 876
778 517 435 390 797 123 367 40 906 680 357 893 383 837 656 518 365 196 18 614 54 632 712 764 787 790 222 218 767 227 938 46 154 554 415 183 372 299 781 845 174 591 569 839 804 38 898 759 342 269 168 62 811 144 862 270 361 48 123 820 755 6 659 129 26 307 568 512 503 79 684 390 972 377 914 421 362 808 173 28 608 258 330 225 719 225 806 461 248 109 366 691 897 630
187 468 513 29 422 613 752 585 199 952 782 691 648 112 61 227 541 375 700 562 994 677 229 867 577 632 261 824 211 727 888 788 850 494 692 964 683 706 568 559 54 534 791 591 939 73 554 392 40 496 959 369 223 817 218 323 716 196 575 316 458 502 810 668 604 561 979 641 401 274 329 100 347 219 644 428 471 425 600 464 826 433 275 159 370 455 432 101 161 223 672 790 2 484
81 969
626 293 302 45 111 352 109 276 613 143 282 244 878 974 548 683 958 701 847 247 649 142 197 964 679 941 175 607 281 453 529 13 745 453 409 273 30 872 969 544 240 341 518 453 262 796 789 453 1000 307 825 331 407 561 342 407 876 790 884 631 779 24 791 861 363 510 779 609 284 745 992 578 321 769 425 418 133 701 231 437 264
888 564 644 201 575 542 406 566 360 764 848 342 333 117 920 650 91 979 932 554 521 238 686 73 805 838 172 789 991 227 743 835 782 427 991 79 34 402 898 447 777 614 236 205 220 675 433 473 808 416 436 135 124 867 650 681 55 246 880 700 280 893 551 885 209 931 162 273 700 269 604 737 530 81 701 379 872 568 190 559 736
17 991
90 365 32 152 412 395 115 510 699 186 824 380 995 429 791 988 464
608 691 981 223 90 482 335 234 485 433 415 794 654 966 61 667 135
76 409
828 727 976 601 104 791 116 608 555 405 517 456 362 538 531 826 908 548 938 680 162 538 503 126 194 546 911 670 66 254 10 698 743 760 337 700 306 741 192 8 719 142 869 315 502 748 313 861 971 512 534 767 726 593 143 595 162 857 757 210 908 602 560 507 837 231 35 751 260 981 824 298 231 841 320 258
767 193 65 276 447 875 655 472 428 687 632 311 979 910 828 448 678 192 72 495 755 723 178 45 623 647 687 168 313 398 20 558 686 86 247 800 149 253 524 359 430 282 237 661 472 404 135 63 795 490 930 888 811 472 154 573 756 319 812 363 228 432 823 732 278 716 883 62 115 349 771 715 616 89 431 403
35 853
201 440 555 50 3 496 970 211 347 737 198 201 99 210 295 851 954 803 17 735 870 777 341 632 272 637 889 476 717 807 163 313 750 260 669
4 112 32 32 739 939 646 49 87 16 910 518 913 458 906 678 398 559 840 321 978 708 63 855 34 322 148 50 157 970 741 230 383 849 328
52 562
296 705 833 152 74 8 450 312 412 803 377 408 790 381 473 836 69 341 175 970 60 116 781 83 976 716 855 61 632 552 549 16 946 97 814 190 578 158 663 1 185 161 726 980 380 490 684 466 850 36 355 476
540 448 665 197 414 41 444 747 180 575 456 783 318 35 667 310 593 350 175 251 726 207 138 917 845 613 183 81 369 909 552 938 321 722 563 579 8 278 245 479 212 831 106 547 600 290 165 184 111 411 905 41
32 588
302 295 215 201 173 995 509 803 3 77 816 493 925 751 849 978 657 723 737 359 62 128 342 622 677 582 776 206 465 522 862 295
821 832 939 596 811 676 990 739 491 156 563 898 674 149 960 574 527 220 714 303 980 35 314 245 828 295 188 971 993 316 250 214
52 197
222 977 960 645 939 211 289 374 753 282 557 429 187 166 599 880 167 721 933 590 649 571 814 539 359 185 26 751 808 465 518 114 687 72 307 606 270 310 441 387 813 237 983 384 719 402 344 494 6 775 907 661
58 896 35 525 410 317 369 503 460 340 568 86 30 890 340 817 153 944 505 638 178 977 548 214 18 662 558 336 722 905 620 735 235 444 755 819 526 499 686 900 350 997 385 523 353 339 714 210 854 751 848 423
7 704
541 639 834 545 345 410 400
924 272 288 713 791 247 698
69 20
203 364 480 137 199 728 197 316 504 194 749 298 953 408 314 482 391 975 875 678 859 698 587 530 589 683 5 880 2 613 130 361 335 107 659 929 322 775 681 196 599 880 733 352 595 223 800 924 434 845 408 178 509 356 686 873 533 821 69 193 212 255 272 149 618 976 679 611 762
885 412 985 543 37 625 548 273 153 775 400 583 90 780 18 799 14 425 201 956 558 226 548 352 693 418 510 929 100 982 563 790 176 11 275 611 342 532 993 739 523 580 739 620 749 145 305 552 163 443 859 92 459 50 696 94 871 620 33 509 522 791 153 927 792 880 389 510 938
62 904
240 727 401 63 346 544 118 332 680 849 955 211 710 151 734 685 212 688 567 951 889 764 13 337 381 280 437 406 503 530 463 785 436 404 51 120 397 298 758 886 869 447 916 156 858 20 575 935 848 529 672 647 656 261 817 938 724 968 738 748 183 390
784 591 35 361 558 511 633 5 81 842 309 120 408 708 724 952 151 755 319 62 119 260 4 205 596 131 636 427 779 750 623 908 117 71 719 132 576 940 902 640 366 848 985 278 59 76 13 211 987 815 775 138 990 135 722 856 854 201 438 832 28 336
88 135
275 455 414 982 1000 20 558 743 929 424 198 635 54 152 513 712 671 391 127 292 792 245 546 279 331 643 544 78 371 930 139 367 564 662 630 728 720 939 942 401 423 338 66 947 164 395 567 205 449 808 329 949 582 679 620 286 442 911 678 168 851 756 775 950 835 154 494 995 247 582 263 320 733 967 230 55 994 643 191 621 217 931 540 750 193 259 20 548
229 613 853 688 618 947 780 80 625 970 689 65 179 958 165 792 571 96 104 305 897 508 159 616 215 497 841 866 160 460 693 241 6 1 891 775 633 90 797 980 110 295 719 918 465 623 491 109 360 399 206 220 911 707 273 439 597 747 118 515 722 61 550 985 485 379 217 595 242 916 972 844 988 6 919 417 220 41 513 575 342 951 360 905 121 682 374 502
