41
58 921
297 513 126 505 336 758 656 118 440 888 152 46 855 835 37 151 215 139 678 961 202 410 950 926 93 520 374 62 905 106 658 664 602 631 81 65 333 792 484 843 760 646 414 360 699 166 352 492 48 4 866 742 814 469 520 156 5 523
448 137 298 557 287 525 147 177 161 997 772 577 789 13 169 67 87 15 596 982 180 135 142 350 188 491 719 257 214 34 277 675 196 311 506 956 920 82 952 40 17 977 757 799 669 869 249 545 409 53 588 124 884 739 697 509 359 1000
61 217
83 45 793 3 70 134 624 702 667 191 945 430 972 2 657 901 135 760 166 701 790 942 897 341 296 332 916 161 544 440 725 71 233 215 35 734 485 737 168 232 510 255 121 722 541 493 49 424 350 609 427 960 833 832 13 817 531 197 170 982 29
645 925 901 398 528 583 631 845 387 462 271 815 625 23 51 320 887 328 414 97 1 749 597 745 769 454 528 450 965 346 26 756 645 669 179 830 265 504 103 629 142 754 577 339 644 660 139 309 541 607 416 45 571 749 805 984 542 125 219 708 974
5 653
444 791 255 21 565
784 443 359 516 80
76 609
240 849 696 480 914 405 875 70 181 338 530 277 337 174 939 57 359 758 336 880 456 47 951 926 554 517 830 365 797 41 502 279 596 183 757 139 662 503 645 896 583 498 162 392 847 284 864 967 252 46 352 954 25 746 875 858 323 368 26 596 530 224 42 160 49 441 944 892 200 849 882 825 359 960 343 659
556 354 630 862 999 666 566 775 525 946 339 182 455 280 372 985 404 20 925 369 534 345 593 118 174 121 80 759 465 189 651 928 525 995 535 971 496 357 511 187 693 237 205 957 681 752 826 946 642 771 394 494 740 512 422 223 695 709 513 777 594 39 238 724 994 587 20 342 511 212 694 591 735 659 506 718
91 865
493 518 544 93 974 982 419 158 606 659 732 147 856 266 54 493 928 5 439 182 619 741 10 422 149 551 181 194 450 391 34 16 540 441 754 309 745 353 682 493 187 12 462 279 159 831 304 647 860 56 192 108 820 530 387 475 62 494 422 21 57 638 343 723 998 235 83 413 71 99 864 72 50 656 33 451 695 403 952 87 289 782 845 902 474 825 534 195 691 139 410
889 736 629 804 408 570 331 405 632 866 960 758 42 228 370 848 313 185 932 664 6 644 435 11 50 565 24 517 101 761 279 569 961 731 150 841 155 700 481 503 389 480 832 422 424 579 926 248 957 40 243 991 842 139 181 131 856 748 170 372 949 281 631 96 89 467 152 408 287 1000 722 241 246 776 341 425 319 924 572 81 615 884 368 386 125 316 139 619 240 765 546
60 494
978 35 643 295 107 179 289 803 439 192 974 790 65 361 867 605 265 286 175 175 409 792 242 472 824 687 278 996 266 826 638 855 488 36 201 742 650 691 966 22 799 649 840 297 60 472 290 66 521 292 215 127 278 978 301 241 811 192 277 342
140 837 284 936 972 332 235 148 537 126 522 784 270 643 60 972 264 686 800 136 320 211 30 173 839 556 400 614 373 319 5 171 109 793 532 873 529 653 834 286 524 608 937 193 651 64 39 903 266 911 515 711 678 32 335 133 65 137 999 741
24 728
635 860 232 481 966 273 3 940 511 537 51 543 970 927 818 188 360 781 25 502 225 307 391 971
985 440 645 10 814 691 999 945 683 65 845 712 471 473 865 549 950 129 376 701 496 998 770 834
62 677
921 442 172 895 944 846 932 202 353 743 374 318 524 624 567 749 879 957 530 109 80 594 490 414 465 70 873 396 819 210 119 2 899 951 576 574 118 534 424 286 91 742 190 860 278 593 213 742 860 988 281 631 473 843 746 500 630 617 906 657 844 416
125 119 18 794 597 98 999 987 679 546 118 816 120 408 586 342 41 581 43 510 333 867 596 145 703 164 355 212 210 1000 548 204 252 111 7 4 108 747 157 636 278 546 223 608 720 828 760 406 44 24 977 403 32 735 930 958 197 338 949 662 517 226
88 71
63 404 659 101 681 651 483 978 430 544 909 432 686 980 839 628 61 279 958 198 955 44 317 386 553 645 358 111 429 840 385 275 928 465 468 55 73 974 26 738 339 102 63 26 136 515 627 500 588 860 214 321 62 709 647 553 812 560 540 454 223 903 190 37 508 380 635 457 427 503 638 182 783 633 71 30 438 32 280 437 86 28 322 575 545 629 644 163
965 745 366 197 194 430 763 860 193 134 282 115 537 606 142 70 974 49 520 632 152 744 907 894 890 605 988 173 264 300 684 862 873 704 705 483 377 952 610 835 719 83 918 308 69 621 891 888 393 755 949 54 784 245 409 577 121 688 426 122 303 797 308 895 50 823 715 15 421 770 510 640 307 317 675 44 510 281 774 793 542 170 253 166 393 87 540 341
84 6
151 331 323 641 373 914 286 940 107 30 672 300 901 292 418 302 151 423 629 408 121 499 73 924 692 551 246 883 789 301 587 195 539 564 870 86 149 56 338 820 586 526 489 549 171 90 622 132 436 159 931 124 399 30 690 67 546 644 183 230 458 976 517 917 53 150 864 556 791 795 431 546 612 950 274 594 19 164 913 918 10 749 368 29
759 53 947 282 228 275 834 930 202 184 877 116 735 98 200 611 445 645 375 101 233 110 205 401 304 271 136 232 907 275 697 137 41 816 754 810 164 801 469 115 622 870 421 431 429 623 143 841 972 576 267 948 315 670 459 884 56 12 935 649 919 245 553 500 155 674 742 720 206 898 735 699 249 339 570 946 147 257 325 184 76 236 222 498
57 28
961 568 502 272 291 418 967 480 863 12 328 150 727 667 854 278 12 899 795 727 434 238 925 373 601 389 284 90 400 936 841 23 802 527 633 325 985 154 278 391 45 430 440 107 290 801 90 873 381 121 451 499 105 580 275 242 457
879 373 397 95 705 294 895 376 582 538 149 388 208 667 975 528 245 146 779 366 245 909 826 580 526 429 931 516 161 66 615 381 530 782 890 936 769 860 538 953 839 595 656 362 865 201 465 409 84 718 657 330 113 977 138 934 848
40 921
244 42 607 904 279 951 16 841 682 636 347 61 689 139 485 77 618 965 337 756 681 483 622 331 430 490 760 563 600 350 677 476 973 387 544 631 974 407 978 792
271 387 982 975 304 719 340 89 72 765 454 248 740 902 420 987 383 168 130 486 692 565 211 710 945 226 411 818 287 570 683 148 192 471 870 899 840 479 718 393
93 192
533 312 366 61 994 78 973 184 929 706 371 984 452 222 450 549 864 788 230 141 767 899 149 951 550 569 192 401 117 545 136 681 512 330 236 792 294 588 671 524 640 683 854 197 268 871 508 786 984 43 963 822 334 275 190 806 64 96 111 38 363 722 153 377 943 179 125 950 438 402 597 48 307 986 381 698 31 628 436 772 766 474 514 4 809 986 83 280 362 748 40 945 936
4 330 98 352 561 13 433 438 478 774 803 625 739 619 349 797 935 732 533 654 766 202 247 871 246 673 433 664 139 228 851 285 100 346 29 808 137 849 746 648 32 582 425 995 750 829 28 399 331 435 392 526 938 122 348 773 646 415 424 487 727 589 29 842 83 729 150 668 40 743 388 355 834 257 753 575 428 514 293 26 83 85 772 998 968 80 348 828 451 858 380 604 38
64 453
380 1000 927 590 940 29 217 823 941 891 130 932 169 882 965 641 211 679 302 400 503 927 474 436 522 80 355 806 645 825 605 762 670 449 177 502 134 671 356 975 668 557 224 247 901 23 408 927 845 63 819 385 27 378 223 591 342 836 519 258 199 793 795 959
712 215 544 440 154 915 909 855 298 295 470 828 558 948 896 922 329 747 577 872 962 392 178 99 702 570 292 967 578 697 161 149 281 114 657 288 765 423 53 979 4 441 760 621 49 771 780 173 167 583 8 174 496 298 859 216 414 191 597 694 58 758 963 323
17 67
155 775 766 466 669 542 449 710 68 848 188 889 777 542 463 516 343
718 357 137 928 4 955 495 838 639 685 9 512 694 359 841 349 97
31 78
710 950 611 108 501 516 329 796 172 816 809 751 982 114 648 211 962 152 883 184 200 47 877 743 318 387 952 301 407 221 406
18 927 650 452 955 117 795 645 859 195 623 831 391 175 797 26 907 817 671 150 549 617 366 132 203 648 400 268 156 123 427
91 832
844 208 933 124 509 728 103 529 843 585 784 338 858 145 946 10 691 316 379 771 615 355 726 52 865 522 943 84 912 853 84 156 219 680 76 577 544 869 980 199 882 602 193 461 792 121 966 771 601 454 271 311 923 619 901 887 921 595 344 808 987 923 516 407 753 983 40 569 222 815 597 950 323 216 40 961 159 590 295 159 146 772 259 347 905 141 309 539 706 648 920
358 144 513 997 165 412 712 496 179 786 499 750 357 922 362 861 522 214 752 145 122 496 966 472 500 162 71 437 351 613 895 850 866 487 738 808 743 265 656 7 203 648 607 749 708 792 906 637 342 326 322 729 308 572 763 506 424 375 237 628 246 903 540 185 892 905 538 942 245 90 402 417 450 780 335 260 786 827 197 144 159 417 803 763 798 671 23 842 213 961 953
3 189
374 96 210
703 323 934
80 959
487 787 188 689 306 104 405 789 85 278 438 712 139 417 857 203 771 359 18 850 308 634 265 299 294 192 887 323 975 505 54 998 694 246 704 994 253 964 896 283 548 986 257 964 978 812 342 355 753 323 902 231 427 569 114 558 321 678 544 873 341 154 521 511 952 514 535 887 48 538 338 578 445 909 946 428 213 125 56 353
711 252 947 574 863 471 579 913 505 484 134 900 257 870 441 346 497 935 164 787 744 208 410 876 316 448 982 407 784 523 900 970 517 910 854 278 297 287 479 905 879 751 789 998 597 447 92 703 156 197 610 443 188 393 370 74 282 530 170 422 808 205 124 349 111 594 408 300 558 728 75 323 316 114 687 80 478 856 63 910
28 83
477 173 808 21 41 395 669 913 757 148 915 335 304 209 472 532 745 314 231 597 385 620 30 8 321 479 862 462
38 307 478 270 598 301 623 538 398 869 515 182 133 263 124 680 864 813 655 864 6 753 888 118 720 553 242 336
69 485
382 556 31 887 111 411 221 920 692 183 551 768 823 538 803 80 694 965 553 836 299 845 621 508 583 988 985 284 798 804 286 493 107 333 986 620 309 766 52 681 685 380 496 824 90 761 726 279 776 326 105 753 533 37 710 867 490 754 165 854 870 195 476 352 84 249 29 341 211
707 298 683 25 927 984 966 958 24 465 468 184 715 387 486 50 290 889 57 185 422 314 135 906 833 928 605 739 827 62 440 20 869 989 747 697 998 419 215 201 982 869 57 600 705 283 940 455 871 648 148 697 619 829 364 685 979 354 69 197 4 86 86 33 138 951 861 662 840
20 17
714 466 529 647 967 62 15 659 685 630 728 829 668 989 140 884 921 700 21 930
905 11 445 898 936 537 170 660 541 655 942 590 801 201 690 848 41 755 254 700
90 910
24 823 209 220 648 379 870 618 744 648 218 658 368 147 685 343 665 884 545 421 159 50 78 713 509 467 166 794 431 777 530 740 859 568 527 194 849 560 149 28 369 843 150 312 302 771 476 811 662 357 540 811 229 637 84 290 30 86 417 187 909 515 503 947 212 78 12 486 942 32 286 487 156 14 963 787 569 14 298 442 807 396 738 782 727 672 536 585 518 145
692 91 947 31 476 234 905 252 877 863 561 390 39 411 982 305 714 369 731 239 497 881 669 230 503 228 244 289 335 522 566 787 283 214 776 186 119 947 181 505 537 227 527 750 708 582 523 242 412 80 500 932 529 106 43 854 109 520 763 221 318 68 934 702 593 727 308 490 387 456 776 400 142 496 288 2 546 446 491 926 471 807 422 416 962 456 757 484 696 821
8 500
278 484 839 590 909 27 202 944
466 75 962 915 552 281 913 424
58 697
325 761 455 623 283 921 854 844 698 126 541 358 379 779 330 285 30 628 986 958 389 990 371 320 420 9 841 386 182 880 491 398 20 781 844 431 100 172 159 910 474 707 100 925 743 334 497 591 246 873 598 626 794 347 915 54 676 81
650 50 6 440 995 48 337 678 345 786 140 526 489 878 992 334 841 191 222 663 888 235 595 695 387 962 498 228 274 963 322 357 298 384 817 548 684 905 217 743 457 987 385 377 681 297 817 355 873 271 593 858 562 761 871 487 519 362
95 613
955 498 847 535 408 704 330 768 144 616 980 454 349 567 922 340 153 80 520 53 748 623 530 915 938 323 546 439 135 317 865 131 409 351 767 268 260 640 414 677 534 186 267 166 964 538 265 17 99 518 262 504 262 481 60 582 374 913 826 113 908 226 797 18 423 203 415 326 235 661 313 790 887 842 819 902 866 599 615 856 450 595 58 82 233 549 673 7 99 293 790 669 9 374 363
734 859 478 928 150 313 672 63 872 483 809 280 590 19 371 239 836 586 492 64 368 788 395 807 759 846 736 533 394 38 183 317 577 282 618 844 530 410 711 496 386 700 206 45 962 774 463 649 308 762 239 544 7 567 819 507 626 949 465 39 574 937 299 832 552 838 620 142 484 678 226 295 972 853 302 361 381 828 43 779 323 286 440 837 399 721 707 240 185 154 34 862 165 632 18
61 317
96 371 91 9 3 22 643 305 616 237 406 498 586 328 813 183 585 436 317 543 162 395 42 793 659 907 684 243 445 316 209 949 425 220 475 666 873 941 837 697 650 126 999 914 497 886 968 630 381 908 319 973 876 247 127 645 505 238 560 254 871
126 83 89 368 103 437 29 528 580 925 507 312 982 956 904 722 556 946 882 668 514 759 321 946 140 762 892 553 671 952 320 589 839 765 644 461 700 195 894 374 166 13 589 285 689 726 188 625 471 657 203 952 256 97 541 416 503 249 318 397 328
23 188
897 876 746 741 690 440 504 49 802 892 639 380 483 866 65 887 28 812 830 715 780 326 105
358 368 54 902 73 879 948 901 160 671 582 358 361 699 600 874 835 752 573 512 807 985 251
61 560
396 957 262 419 724 535 554 569 501 592 464 84 233 230 129 970 733 517 586 409 241 414 554 581 699 231 676 609 569 332 15 98 247 957 756 827 330 868 322 422 999 216 87 4 925 569 737 591 60 846 213 790 312 98 688 181 51 550 703 10 844
305 512 386 4 199 251 658 573 833 254 244 721 929 65 932 25 447 309 22 589 68 75 148 932 627 473 984 641 738 915 440 55 854 562 324 941 119 576 763 204 781 803 393 28 65 758 711 970 554 988 272 789 687 483 965 651 819 140 947 877 423
10 799
325 176 529 722 87 999 252 848 347 523
764 780 503 522 105 442 57 171 385 254
87 720
562 340 647 713 878 12 106 715 873 232 340 430 157 188 156 514 452 64 313 702 622 27 851 641 803 48 474 828 899 51 981 683 80 284 431 859 947 251 701 951 607 959 255 389 208 473 378 262 684 917 879 992 276 239 727 27 112 693 972 750 800 714 184 720 612 884 412 535 952 556 578 937 472 648 771 304 328 927 941 448 474 512 601 434 279 48 457
918 815 108 520 600 494 915 657 971 297 234 951 549 781 933 172 509 676 355 212 623 283 595 576 226 601 194 978 681 605 796 641 60 101 585 280 538 840 222 61 217 952 999 381 990 848 697 317 868 695 755 206 904 717 682 136 614 890 960 547 715 139 669 6 752 528 681 251 728 565 861 138 332 958 735 171 682 229 25 60 186 296 344 217 231 170 377
87 696
653 432 865 956 315 803 710 772 236 384 904 115 808 65 632 582 86 43 113 922 522 752 706 634 11 671 304 43 183 758 822 778 126 495 233 516 467 20 417 697 919 303 701 244 670 819 441 447 799 254 330 738 412 313 264 475 155 775 128 470 46 439 202 652 878 137 350 934 516 719 435 99 604 517 588 668 914 330 398 11 740 863 646 381 480 245 553
510 463 883 528 943 765 326 755 990 265 689 985 281 280 738 848 836 317 532 18 740 816 937 643 775 157 545 160 493 83 240 479 835 186 104 832 267 108 604 13 173 629 725 274 981 667 411 358 42 228 713 622 277 775 313 60 448 905 321 955 543 545 266 266 52 580 313 815 601 446 26 292 445 763 455 306 821 600 502 388 916 486 816 465 495 541 193
8 362
179 23 578 89 273 962 400 29
84 208 815 271 757 113 101 89
76 734
188 429 142 861 202 350 429 397 289 126 360 340 613 644 263 893 596 222 913 514 117 61 258 936 239 562 902 983 102 598 161 358 325 45 26 103 79 167 205 855 685 997 495 957 206 529 494 20 944 425 506 142 874 596 288 758 23 159 429 357 799 606 422 88 262 962 170 525 672 192 839 539 867 946 747 613
577 219 585 274 395 120 393 942 671 393 261 869 574 96 152 58 859 937 878 290 849 977 745 687 556 914 568 910 612 315 626 12 167 14 742 555 19 620 1000 419 100 98 168 356 949 896 979 714 45 499 4 715 168 933 558 953 338 515 837 773 662 456 794 53 868 318 475 134 988 976 128 867 565 806 357 742
85 916
368 491 214 299 962 557 286 918 872 97 157 745 731 670 92 732 966 257 589 416 303 595 54 214 853 396 117 593 519 12 683 127 696 713 416 864 666 462 717 813 127 59 686 782 574 739 588 361 240 854 637 282 624 798 208 620 238 195 874 784 739 571 754 526 145 375 413 422 460 433 864 947 609 683 673 616 552 203 963 959 652 600 382 622 760
110 547 217 888 890 340 869 645 638 245 937 206 552 588 125 339 367 382 907 638 587 940 774 227 24 84 54 30 485 826 276 49 584 350 627 741 660 229 159 624 354 812 195 714 457 643 258 230 311 826 529 602 988 308 469 514 942 294 292 478 729 585 380 813 894 104 488 352 739 805 482 402 306 54 158 656 628 990 108 157 305 584 810 960 597
34 137
769 152 548 380 241 490 831 30 317 101 840 363 909 461 687 640 831 678 22 331 43 762 453 559 820 623 803 109 672 326 238 264 559 818
459 369 855 236 489 740 484 981 793 717 836 62 195 509 294 506 716 549 569 576 69 370 936 634 624 389 940 758 171 321 956 778 16 415
11 652
210 799 600 616 936 961 846 710 339 494 616
151 996 612 12 836 513 763 134 366 884 238
52 648
971 581 880 381 899 818 553 986 355 190 75 106 362 442 565 862 744 780 804 399 411 338 653 502 883 118 573 435 429 655 410 836 816 701 944 734 133 994 710 332 954 196 169 195 412 308 361 429 173 274 487 357
268 542 160 15 365 765 607 200 425 533 258 698 430 561 647 642 903 753 553 523 931 371 645 16 402 469 45 837 389 89 743 160 664 268 58 851 254 6 300 948 835 60 97 666 655 812 604 672 928 840 2 705
67 119
764 518 939 840 387 934 881 276 637 896 528 481 383 53 822 282 230 708 592 235 341 816 77 382 171 308 100 318 945 912 498 320 427 342 798 316 506 103 39 805 682 203 968 766 787 483 988 575 683 938 454 613 145 391 818 209 744 568 663 245 240 704 456 361 336 629 946
459 984 139 298 734 370 264 276 836 103 598 3 181 775 138 250 546 123 623 492 154 135 710 931 70 809 742 873 546 979 466 385 835 210 40 404 408 418 506 245 201 961 272 336 192 832 277 411 659 984 569 941 463 611 738 945 424 337 414 998 547 627 17 306 553 18 446
31 897
718 784 950 631 227 202 173 106 581 246 322 193 587 618 258 230 948 591 807 79 705 555 926 139 126 243 889 11 224 485 756
521 230 525 30 846 100 10 834 223 112 294 416 137 859 348 310 513 648 476 924 698 377 818 24 187 578 250 859 76 441 666
100 774
136 195 620 511 977 137 385 436 681 800 737 726 551 293 984 31 738 109 19 898 938 102 248 368 59 559 317 692 91 177 19 228 823 815 853 39 189 438 230 365 127 349 420 416 587 815 807 212 627 787 21 742 232 806 448 703 721 681 79 651 588 612 626 71 167 291 262 889 260 651 669 495 829 286 91 134 475 796 562 700 19 390 616 18 107 60 42 949 294 793 42 828 275 824 723 764 414 566 962 316
524 230 459 423 94 1000 835 787 95 530 165 919 720 995 31 51 133 216 76 720 107 405 339 145 745 658 582 487 511 723 445 83 493 633 757 420 864 706 890 573 398 128 351 333 82 116 422 27 911 63 159 228 804 737 909 2 146 481 832 128 364 245 260 342 307 526 844 794 242 651 475 41 190 522 776 833 279 975 109 219 932 532 548 363 516 434 248 489 462 640 960 594 9 796 474 36 352 685 202 391
