4
89 486
460 663 421 142 138 566 185 295 908 355 931 32 295 711 749 423 132 406 801 479 318 731 914 793 449 317 654 388 458 939 961 319 817 919 317 848 954 170 854 275 881 936 743 507 214 363 559 772 676 970 201 335 50 467 503 539 960 120 334 347 825 591 331 139 799 81 302 643 52 576 680 799 806 803 71 675 225 576 70 407 321 947 943 558 993 133 500 288 10
153 35 642 118 589 586 20 159 579 87 739 297 162 871 960 862 951 538 9 74 6 322 984 842 563 957 910 909 915 987 855 119 664 426 505 829 938 148 782 639 839 123 662 466 418 611 589 931 891 770 114 637 863 372 498 986 870 754 789 92 213 1 598 960 914 507 18 146 768 481 447 254 201 254 970 107 29 862 179 700 855 62 32 574 588 546 668 324 241
9 721
856 166 997 412 351 862 281 517 379
927 877 629 128 658 758 92 890 483
85 436
237 125 270 364 474 698 94 223 624 294 267 432 355 791 254 515 208 87 362 380 226 978 973 659 232 67 962 702 324 202 685 31 933 65 459 69 866 734 974 695 858 708 260 563 606 755 340 363 810 196 330 723 998 672 442 245 700 625 770 126 693 305 444 80 721 230 624 932 235 316 479 819 47 172 565 391 786 17 300 398 55 682 877 177 834
978 545 864 739 1 578 186 171 88 364 24 84 342 956 801 138 931 628 876 851 300 630 130 27 68 842 900 349 184 120 905 682 825 18 762 947 909 920 174 978 750 176 967 261 233 16 332 156 159 975 546 222 569 90 708 496 721 335 4 474 326 399 764 477 282 109 344 455 730 853 831 670 729 158 62 248 591 12 3 911 68 768 550 325 251
96 653
615 741 981 974 612 826 850 866 603 744 314 444 206 626 929 490 921 170 297 438 872 715 45 657 722 402 599 194 357 856 136 132 294 472 984 68 705 378 6 763 961 999 523 624 869 759 224 854 740 159 665 831 282 247 849 107 603 917 532 537 311 190 909 741 807 902 279 353 574 593 620 780 219 122 766 191 401 747 724 734 572 117 450 388 556 471 683 27 822 354 850 911 644 471 168 727
823 868 541 561 922 951 909 573 867 592 493 517 777 573 653 701 544 803 381 348 250 193 734 151 235 780 369 435 835 703 592 827 746 373 761 194 677 559 926 979 56 905 125 378 308 783 248 805 987 137 249 244 912 780 223 282 242 236 647 935 750 750 294 694 363 263 145 222 119 567 368 896 832 605 839 76 979 229 290 439 737 922 172 856 214 409 429 354 836 669 884 724 704 665 712 872
