92
28 323
125 846 617 907 47 143 277 697 68 686 74 809 459 793 68 661 687 420 535 171 425 250 438 184 588 627 55 951
921 938 118 831 352 547 937 100 587 867 16 20 223 728 493 693 957 953 223 527 357 498 452 941 359 786 939 482
91 365
866 593 732 968 207 599 908 568 862 287 779 315 631 607 27 479 874 273 356 101 725 956 838 283 774 406 765 707 170 989 231 400 604 194 670 901 655 776 934 218 796 871 20 859 141 808 52 628 799 255 808 552 813 193 560 970 959 290 661 537 35 432 152 19 459 682 317 538 757 611 442 165 116 654 565 27 880 484 199 301 305 375 435 852 505 89 752 111 997 559 4
744 328 698 677 900 286 911 146 675 897 552 832 262 678 395 830 668 464 516 709 797 677 105 114 15 764 596 753 916 565 209 821 64 162 63 855 39 437 649 466 685 142 433 240 469 129 33 539 879 43 122 416 924 940 389 471 150 702 113 610 124 395 123 52 946 346 282 671 705 246 648 123 76 765 557 583 497 354 861 9 735 354 523 129 682 155 54 27 827 516 181
83 116
66 815 962 785 285 693 73 466 313 348 630 899 180 810 3 305 490 762 702 566 133 464 224 517 116 592 760 489 508 505 248 77 311 346 623 937 50 376 854 370 467 725 510 765 454 781 139 946 333 862 572 71 416 990 618 942 66 628 422 445 287 815 384 314 78 272 242 32 43 328 266 194 357 411 397 576 738 991 967 121 928 72 333
498 337 334 547 168 566 930 653 157 620 828 568 790 505 542 916 890 868 744 125 108 319 740 868 749 735 810 818 368 12 434 435 291 339 938 201 822 734 705 845 889 372 702 214 746 105 189 147 797 558 491 365 528 780 919 95 987 545 825 545 331 189 334 484 653 328 52 568 48 560 615 281 795 780 201 654 169 759 443 626 31 287 693
21 607
630 719 321 889 91 607 687 262 567 886 871 790 948 586 986 42 381 786 484 362 686
898 512 632 900 467 240 277 799 722 724 650 84 567 527 899 986 63 670 77 160 346
25 716
738 940 486 823 652 198 107 147 141 868 853 272 490 74 86 84 857 166 568 840 108 450 61 702 980
343 808 640 370 705 524 961 124 837 541 999 800 732 301 682 136 835 323 732 178 121 856 104 987 493
87 785
197 925 856 960 999 670 653 133 471 124 379 442 905 788 723 317 382 64 344 413 436 753 926 331 17 464 894 857 936 758 320 688 971 75 643 140 166 227 165 578 826 478 329 183 97 772 677 730 126 197 860 404 57 767 991 725 202 281 455 194 628 591 716 664 797 705 741 398 333 576 870 721 64 61 551 487 884 923 824 687 600 883 376 800 789 580 199
128 474 711 369 946 197 333 357 469 881 383 400 556 52 71 312 151 555 874 198 649 801 436 181 631 187 479 485 687 567 557 635 643 311 518 663 49 367 501 202 302 570 640 180 229 439 755 909 830 154 139 380 654 483 248 541 209 5 19 419 842 875 922 413 515 105 881 92 794 10 551 946 32 712 764 957 227 690 290 173 894 286 428 715 887 195 66
82 711
13 115 202 413 871 134 973 299 563 781 149 590 985 270 555 184 346 688 764 687 735 481 314 307 277 446 280 795 138 296 795 767 104 320 975 354 293 460 350 710 79 49 31 210 825 203 987 324 493 94 343 795 48 320 877 866 418 439 267 792 996 208 319 876 709 903 116 130 479 349 343 725 86 36 605 689 736 296 686 473 756 953
619 129 58 137 461 700 773 36 737 967 11 467 882 151 371 500 490 355 377 317 742 281 226 798 564 358 715 208 194 980 607 677 120 836 915 240 418 231 364 37 600 674 587 98 570 270 653 1000 675 878 923 424 193 874 729 320 807 388 232 38 324 367 595 705 801 217 266 467 940 173 918 266 460 763 191 674 1 874 780 808 780 68
94 888
215 182 724 722 755 19 637 379 515 48 941 569 634 658 888 804 616 995 352 441 346 768 843 395 413 15 684 926 242 501 371 503 970 107 729 214 816 162 581 910 255 47 375 796 607 411 307 864 222 431 369 984 654 829 436 70 267 355 558 351 774 932 31 226 870 885 660 918 697 427 713 166 944 33 97 709 667 675 754 127 435 107 409 230 278 999 288 373 288 467 552 274 597 3
48 431 813 632 566 730 156 255 402 207 448 233 732 605 97 102 915 117 266 956 654 497 90 625 346 126 267 67 193 381 158 559 503 659 781 918 706 532 231 273 841 686 782 277 77 724 188 150 439 742 614 577 516 942 751 562 542 722 83 14 323 641 600 400 382 641 421 303 106 572 596 603 299 510 547 58 484 353 971 246 939 527 496 306 8 975 593 766 783 25 676 57 626 772
23 331
386 77 249 960 872 10 130 629 224 673 56 432 835 175 729 394 196 558 113 699 477 564 489
113 152 677 576 304 554 744 467 206 51 236 735 426 159 105 615 29 586 529 830 404 514 404
15 463
329 645 941 378 165 140 260 489 897 367 768 144 42 464 829
906 229 338 181 321 330 534 389 211 887 780 355 386 254 398
80 879
151 863 187 493 966 272 423 56 645 467 117 950 599 193 813 806 468 660 552 493 9 137 583 220 217 712 534 467 28 54 384 481 486 783 790 893 181 609 844 13 927 290 545 466 337 983 91 700 162 199 69 542 490 330 60 331 840 784 875 286 466 500 617 567 111 501 902 974 278 645 352 79 920 475 446 840 194 629 616 855
463 168 855 155 59 826 443 97 481 748 148 26 560 629 745 209 278 729 630 175 359 146 758 351 92 582 697 424 130 412 736 892 684 708 790 247 943 929 904 515 367 281 474 102 460 877 835 71 804 105 388 205 855 719 911 320 457 48 805 885 914 139 120 232 626 291 703 570 272 735 637 443 844 180 855 276 383 259 154 836
98 596
289 564 4 259 579 171 828 565 260 889 19 997 896 249 926 740 293 356 244 890 794 520 92 150 92 423 305 897 547 841 105 250 289 152 288 827 303 683 60 16 432 713 440 947 975 179 249 987 900 779 156 164 101 103 296 527 232 42 284 283 810 541 713 1 497 831 479 298 90 29 736 738 154 634 15 844 221 229 20 38 735 835 607 175 680 786 337 250 833 237 772 227 559 998 552 999 458 781
262 682 975 319 76 673 263 543 887 83 140 425 507 554 880 400 992 907 136 898 463 139 79 396 111 429 540 448 515 832 488 661 88 617 101 69 146 718 953 935 332 648 769 6 21 441 413 502 139 977 630 330 780 817 123 86 192 515 362 728 7 523 114 763 227 371 776 362 271 939 637 406 859 351 404 420 902 275 840 224 229 685 313 938 523 179 347 909 556 278 291 777 162 768 435 650 180 938
70 487
524 352 668 237 271 233 417 255 913 314 560 471 133 741 237 883 130 847 262 207 90 229 995 939 78 320 693 78 107 874 866 764 646 174 433 880 617 739 773 183 650 377 414 483 307 779 77 178 233 988 464 470 281 261 153 438 278 363 547 344 26 458 657 895 797 386 838 781 636 48
477 652 736 755 118 128 996 140 901 35 918 849 425 655 999 32 150 84 714 747 457 761 326 929 706 314 613 595 646 643 145 86 428 25 710 314 754 52 406 348 769 615 155 299 757 558 737 917 40 875 407 636 608 503 538 675 549 405 954 416 295 435 886 430 180 697 548 848 268 560
71 838
71 674 459 944 784 403 718 2 287 508 125 54 426 616 568 284 432 163 252 126 579 876 526 479 969 343 39 522 468 337 911 509 646 812 848 890 920 686 761 280 670 525 270 895 912 247 226 838 643 812 79 57 724 335 178 389 701 562 684 709 970 492 591 899 767 578 415 329 8 52 639
111 678 532 328 327 819 558 140 732 551 863 140 567 236 292 625 939 406 462 573 385 550 206 139 937 718 633 273 245 119 220 939 879 913 95 569 118 99 235 858 558 497 154 47 334 735 497 194 455 912 685 38 72 987 905 156 299 995 116 682 558 440 558 990 266 940 465 843 385 944 734
43 318
540 140 235 585 149 583 13 816 317 595 348 465 919 10 432 574 574 467 664 100 844 75 132 616 504 445 589 921 613 320 124 868 314 578 512 939 624 614 376 494 340 669 933
962 221 22 39 97 16 27 637 378 953 983 540 772 450 833 221 363 547 854 837 555 677 887 838 159 17 30 777 793 676 767 152 215 780 217 776 519 641 800 962 528 507 526
21 511
945 766 701 161 239 583 218 197 429 21 610 116 973 512 701 853 31 721 832 582 149
301 300 479 723 395 785 589 336 733 605 408 717 11 408 272 961 849 640 404 247 54
24 2
329 253 172 541 47 436 849 369 178 548 433 980 838 988 400 410 211 424 134 491 238 841 445 802
935 372 369 532 869 966 94 525 169 400 203 299 249 365 118 506 741 699 451 107 466 499 84 470
42 726
786 375 713 658 185 871 699 61 454 640 595 620 816 602 647 881 330 462 550 14 452 707 792 385 728 947 747 748 406 77 220 795 650 297 321 554 665 401 138 516 571 836
589 976 512 733 360 578 28 642 923 634 149 907 870 377 141 230 169 125 868 482 472 856 147 961 257 133 501 72 989 402 209 390 612 891 337 217 96 759 69 721 697 216
2 991
706 628
731 785
90 277
340 339 919 239 821 61 580 4 714 716 186 925 918 388 646 762 387 590 288 907 512 271 896 425 597 340 790 894 95 452 532 971 787 632 110 345 864 391 86 186 994 706 48 262 913 123 314 992 740 666 683 510 633 620 382 664 899 989 665 381 548 364 106 699 505 872 461 85 764 823 924 494 411 878 459 516 816 647 747 142 449 132 866 634 537 579 17 487 896 644
618 894 828 98 278 745 387 931 834 602 23 231 321 48 591 381 399 564 110 572 262 759 137 868 400 858 578 806 754 154 364 607 127 93 384 223 334 378 287 25 570 698 448 229 365 740 614 453 382 646 733 474 952 16 238 822 271 229 15 765 891 98 689 210 270 340 69 837 486 351 484 329 468 812 442 348 493 504 874 21 673 784 383 487 721 21 234 579 452 631
71 919
431 836 114 696 14 326 467 626 664 866 39 521 618 72 312 622 349 279 627 82 282 163 86 62 158 607 262 923 318 955 935 6 738 602 347 403 25 770 489 60 426 640 860 871 738 766 841 96 395 803 734 294 812 518 593 483 140 876 60 211 60 642 115 42 242 574 874 404 104 955 421
369 684 49 394 813 41 610 348 56 622 242 165 177 138 324 853 746 433 431 65 65 413 619 279 561 792 805 993 387 662 347 261 175 119 245 367 609 715 747 688 64 668 928 400 491 205 244 682 50 721 1 14 360 756 927 160 141 6 649 732 857 836 889 647 100 98 189 237 303 304 404
48 107
487 555 151 40 652 612 561 877 568 364 91 623 813 732 93 675 261 888 623 157 400 852 412 107 866 763 441 597 174 833 154 306 490 889 593 576 262 360 800 211 938 550 194 150 21 903 847 785
539 889 761 564 27 168 648 195 852 119 314 807 869 801 640 841 525 17 265 192 132 438 558 214 489 560 471 719 783 549 661 583 655 584 244 90 913 688 602 555 462 711 670 102 669 531 93 504
34 442
177 454 206 518 452 965 295 788 801 854 621 590 7 170 462 389 408 429 733 573 919 380 61 296 898 858 314 345 742 210 73 761 797 481
817 527 627 913 138 10 672 547 282 784 850 990 539 311 432 914 732 952 485 956 171 37 118 272 988 375 157 652 711 877 807 477 576 850
70 516
704 80 619 421 102 165 251 468 513 658 588 267 788 272 109 228 388 540 981 216 686 700 855 738 202 117 797 967 987 182 916 264 22 255 861 377 705 114 876 625 313 969 789 989 854 432 529 674 520 456 949 561 446 763 150 233 876 457 667 372 763 433 615 831 561 523 250 447 959 857
330 757 892 511 383 358 404 629 322 928 510 893 267 962 582 636 867 954 201 17 638 557 189 699 579 329 816 221 257 971 174 298 239 968 690 941 945 611 338 319 71 557 335 529 291 539 529 513 884 195 342 607 855 951 835 625 11 496 330 307 861 950 577 908 415 181 841 474 304 922
30 778
348 500 859 755 956 645 712 97 705 190 270 660 840 838 345 707 109 358 478 162 640 310 228 726 641 513 9 767 498 718
96 697 247 330 419 363 703 175 729 236 773 869 485 19 120 947 730 280 323 323 80 505 824 676 734 894 734 913 414 853
10 439
602 879 557 892 847 849 570 921 853 469
965 155 188 184 353 992 185 263 806 273
55 296
365 950 79 339 339 667 664 213 92 749 570 25 892 392 318 416 238 482 658 107 37 780 418 775 793 744 227 490 117 2 296 201 694 331 351 959 460 86 16 40 69 797 706 976 163 859 304 579 400 513 699 64 571 749 326
958 438 15 793 251 736 741 479 35 727 656 974 892 725 206 517 601 979 546 267 345 588 583 182 636 616 519 51 416 252 474 108 221 777 981 637 398 997 129 343 673 209 565 507 180 617 299 378 469 477 839 778 957 500 460
82 864
65 596 725 360 29 17 851 826 177 562 40 713 46 949 573 635 701 737 697 955 56 969 775 500 746 752 537 202 55 631 452 360 924 442 993 229 193 163 511 918 629 601 359 945 369 444 169 808 874 833 988 642 585 543 65 152 418 892 169 600 790 998 765 942 204 236 303 571 646 948 623 569 734 790 972 217 325 708 949 473 266 618
133 598 659 358 905 911 72 519 101 617 128 618 767 211 650 590 863 616 216 263 883 999 618 726 755 193 37 163 493 869 237 905 273 751 395 293 166 763 817 629 272 104 738 985 482 483 121 44 280 941 648 515 270 167 115 476 592 509 334 365 239 871 971 815 770 8 664 327 318 829 464 27 689 105 569 792 900 967 520 552 194 710
81 617
295 35 551 160 935 488 968 506 308 722 83 281 915 492 923 79 369 521 625 209 882 337 200 209 420 452 132 594 328 640 404 894 329 975 946 203 550 207 302 604 74 956 648 305 640 468 703 596 260 591 150 882 272 939 625 742 367 857 77 562 236 217 423 841 878 317 857 349 355 247 159 23 677 70 799 50 713 623 615 907 54
877 857 192 866 834 187 101 440 150 27 764 297 570 215 604 914 868 571 708 130 3 906 491 199 328 693 40 611 815 36 987 862 37 361 164 568 916 416 295 782 781 392 527 566 424 289 296 201 468 371 456 349 893 37 351 479 767 981 826 820 235 258 327 451 418 920 677 528 716 25 686 914 438 633 146 640 645 812 360 64 706
99 878
598 877 232 723 70 537 47 68 30 955 132 835 887 785 836 199 908 580 671 85 466 292 789 991 865 16 773 5 301 581 589 712 162 277 789 760 422 692 766 666 606 270 41 337 838 737 509 611 737 584 507 201 302 784 309 88 974 590 271 993 678 779 344 48 424 429 470 512 240 650 411 29 544 190 594 904 176 704 685 109 389 568 101 627 887 530 556 465 763 315 595 94 843 255 190 554 122 105 991
316 126 816 675 136 156 832 177 799 47 329 741 56 257 320 535 219 363 575 224 170 593 813 277 918 664 440 83 649 22 990 549 526 205 321 932 640 608 55 809 549 17 441 401 31 240 277 874 979 543 984 831 217 74 740 134 76 486 858 654 192 277 283 446 98 991 78 519 59 743 308 589 428 526 719 808 304 794 113 547 523 983 32 67 862 240 516 434 196 898 634 662 893 412 103 560 906 243 992
86 948
63 62 56 829 248 771 871 643 306 534 414 364 651 634 873 869 402 162 642 700 545 429 272 29 649 857 826 287 565 744 23 152 940 47 100 873 416 606 51 623 367 490 699 54 983 604 912 950 104 325 251 227 930 242 569 947 57 381 368 570 60 804 394 449 631 694 948 773 777 226 579 62 754 141 967 200 143 893 318 599 664 81 742 394 667 706
230 322 475 842 713 53 157 171 634 807 61 910 496 30 526 908 876 673 682 4 445 597 691 275 718 7 120 567 226 525 981 334 956 961 48 210 619 276 134 323 75 716 997 562 74 579 767 219 934 313 304 823 262 81 409 584 876 498 957 679 570 373 801 821 685 189 265 114 711 466 196 219 702 134 525 523 9 923 588 3 879 342 574 253 228 847
73 399
455 888 350 621 356 225 873 947 780 804 872 301 882 927 338 177 500 43 991 185 506 27 292 641 151 550 228 81 887 391 486 806 976 372 87 313 555 257 860 674 231 820 782 548 174 98 707 370 761 918 870 401 33 844 457 714 609 586 279 288 218 353 497 622 465 431 286 57 592 265 450 396 588
736 344 133 26 767 455 481 432 266 213 932 773 323 489 757 160 801 831 386 592 917 648 924 944 800 606 835 428 995 610 789 662 670 888 805 292 544 914 269 417 191 113 909 708 329 953 204 996 412 122 171 215 613 83 771 226 614 516 448 364 407 955 137 163 713 294 148 272 954 625 104 546 14
14 935
834 589 898 19 493 785 698 978 257 761 814 193 303 169
552 960 494 213 481 699 618 395 932 362 991 341 369 744
47 330
559 2 628 207 269 303 612 309 906 396 187 160 288 79 318 276 692 987 417 281 43 913 180 765 565 148 782 22 853 590 550 795 704 662 513 999 676 712 134 771 783 498 556 489 456 632 200
474 65 41 573 827 895 750 162 59 770 1 17 925 396 644 145 436 424 700 205 898 930 647 794 778 50 514 139 805 199 184 928 844 264 405 339 596 686 257 686 58 647 957 96 736 302 870
59 916
539 296 744 369 527 385 248 314 126 543 130 588 475 50 3 81 583 85 615 808 632 971 616 639 422 543 396 186 672 662 363 532 662 780 359 572 92 940 426 204 524 992 671 131 120 39 616 779 608 527 303 37 445 902 889 340 818 795 963
361 293 139 522 241 475 720 668 431 879 66 522 232 646 439 588 330 616 417 203 926 685 320 382 323 787 900 116 386 189 958 942 846 365 83 196 185 680 483 518 541 942 111 856 536 329 18 436 642 960 635 261 62 993 96 183 742 274 5
75 707
902 540 235 651 579 841 958 45 198 607 935 654 444 666 12 364 278 812 20 961 930 354 748 372 560 896 907 421 511 812 227 305 350 14 218 998 415 327 80 384 430 954 993 399 784 956 183 113 66 355 374 738 179 149 942 524 965 993 2 526 630 252 723 955 779 991 475 771 773 263 323 263 919 706 716
313 413 396 589 128 958 622 864 407 242 475 152 264 717 335 845 554 829 478 438 198 549 970 852 25 685 608 374 966 762 955 577 267 907 810 945 578 205 369 397 101 107 586 868 60 981 390 258 840 883 739 286 737 629 650 577 560 967 236 580 126 422 60 369 967 342 426 477 275 968 277 892 606 973 161
8 255
250 570 753 668 790 20 634 713
392 750 817 933 8 763 36 689
33 967
923 689 993 518 685 887 136 995 292 635 637 871 667 962 892 668 729 945 205 656 402 345 263 181 969 444 17 650 299 689 867 659 875
137 399 995 324 434 430 749 9 976 414 119 714 552 852 295 844 508 343 542 946 372 682 179 447 678 323 462 148 554 714 809 422 674
41 723
663 82 635 247 944 893 725 982 248 867 983 982 744 249 16 32 222 420 673 800 797 718 489 803 380 629 212 590 964 404 637 689 899 425 463 757 792 554 591 785 902
991 749 580 605 668 811 128 146 806 609 10 108 687 992 911 370 114 608 105 769 144 826 796 646 977 483 396 903 302 258 488 679 120 45 421 285 110 37 512 418 894
40 220
520 584 106 826 836 447 335 657 417 442 956 613 637 868 946 266 915 380 507 218 857 915 239 948 673 398 427 604 682 426 758 340 462 896 695 321 848 25 27 801
450 6 636 904 876 976 644 537 884 656 696 470 930 524 876 164 489 27 559 738 174 794 51 442 871 724 700 314 817 929 142 803 54 319 912 232 939 376 649 968
63 150
107 537 891 661 958 680 447 568 728 8 971 282 296 959 597 9 686 705 370 503 323 391 944 20 748 264 20 277 703 191 858 151 943 389 684 747 490 908 472 146 286 257 283 599 365 120 987 758 888 185 750 672 567 386 137 313 722 891 934 328 377 357 790
22 959 257 985 481 814 482 187 40 996 261 794 633 765 935 12 899 920 135 379 649 858 544 403 533 357 531 272 596 129 504 519 525 531 727 651 631 353 629 625 412 576 37 366 562 524 134 149 754 539 381 13 368 205 201 602 718 966 595 311 760 722 351
79 170
722 164 695 713 684 762 449 776 706 324 839 473 817 436 154 672 441 155 389 884 934 418 669 723 549 311 719 90 456 676 941 617 152 559 76 373 259 943 926 613 517 127 481 174 490 726 284 430 715 948 390 639 646 765 332 456 718 648 248 785 385 952 10 139 728 593 986 237 980 512 326 443 676 56 309 317 211 720 496
145 678 466 933 261 810 853 770 367 247 512 7 854 21 531 852 437 520 933 595 855 152 568 86 634 647 615 709 87 136 956 13 331 304 608 576 598 82 291 626 107 996 490 188 223 828 338 779 446 127 278 888 173 16 207 181 976 662 683 41 637 1 694 50 859 366 533 452 34 272 787 940 331 981 757 747 104 344 77
30 933
735 39 427 710 351 870 976 412 239 589 248 306 656 137 377 293 3 229 58 442 913 768 253 359 385 659 993 687 151 943
200 204 702 744 506 639 973 49 958 393 529 516 120 428 486 588 392 352 635 31 454 626 187 443 683 278 109 319 631 330
7 668
892 103 126 320 767 571 251
816 515 192 259 541 700 840
97 941
580 667 524 925 797 822 717 341 26 762 192 965 83 319 100 454 990 372 283 506 200 68 75 278 247 154 634 943 252 704 870 714 136 993 765 880 646 905 237 643 189 586 305 19 819 926 788 3 566 509 734 337 529 825 203 672 194 378 737 992 449 820 536 852 131 971 359 409 805 528 77 498 976 131 762 294 448 199 112 200 701 103 429 182 30 731 136 952 711 472 425 537 587 776 271 177 688
412 494 949 733 878 442 242 962 436 3 923 485 623 166 897 316 493 603 409 291 698 419 257 710 510 627 176 707 312 90 331 183 146 862 296 811 226 54 172 703 94 835 935 957 694 47 25 156 902 850 300 965 141 710 131 857 508 57 457 27 181 246 307 100 632 908 602 765 593 132 803 518 772 905 158 564 187 758 740 79 519 773 277 216 814 324 253 420 357 252 112 431 391 468 102 972 70
37 749
119 208 810 319 711 830 418 16 715 971 165 891 846 807 192 70 427 730 474 529 305 58 630 926 106 509 851 742 231 791 423 659 676 845 92 943 281
11 24 299 351 179 174 616 800 207 445 194 617 817 58 468 752 26 562 562 918 605 32 496 292 698 757 930 680 478 145 76 701 576 209 36 791 921
21 247
927 775 290 840 674 903 451 96 682 153 120 39 331 552 301 585 896 89 653 845 55
230 356 166 876 876 435 303 196 792 348 496 953 729 814 419 472 12 691 34 549 912
98 439
854 396 884 600 197 841 680 269 393 20 405 877 514 748 631 926 219 881 854 16 656 402 53 197 788 854 1 822 69 200 21 262 706 773 266 979 163 122 695 743 453 12 438 645 84 719 687 830 419 48 3 109 324 776 628 579 507 721 747 989 778 218 822 61 685 590 226 482 965 416 526 419 460 438 399 608 953 165 279 2 882 977 903 587 461 335 805 891 961 252 27 619 850 126 308 456 923 145
813 287 785 907 82 592 309 176 904 796 865 11 696 830 689 362 598 254 102 961 951 309 401 353 71 264 960 638 493 674 466 923 637 119 451 499 477 822 988 150 518 480 208 175 696 609 187 336 924 250 73 508 696 125 441 308 482 799 855 199 42 731 923 309 483 602 958 333 458 207 651 463 500 506 173 860 778 529 645 442 847 558 129 133 575 715 27 791 974 583 910 664 513 619 718 179 971 917
31 652
984 583 95 887 969 715 802 305 246 268 402 652 175 493 34 684 495 208 887 262 586 794 129 641 149 103 215 58 322 412 646
971 283 870 948 530 779 666 846 259 55 371 902 439 174 268 973 701 968 520 575 610 392 274 41 126 773 428 569 808 504 548
89 173
674 68 699 783 313 101 593 268 123 777 235 972 344 66 734 682 857 679 465 933 155 91 655 221 425 930 835 886 736 957 996 985 795 547 334 950 956 655 295 403 839 148 400 218 513 19 923 967 595 653 738 793 635 799 953 618 931 482 134 329 138 833 930 960 403 239 565 605 983 902 15 40 771 154 756 367 554 626 857 822 187 363 380 559 502 197 38 417 451
470 238 841 45 405 313 128 987 273 193 653 326 928 984 52 44 432 116 722 424 212 727 339 169 429 138 911 237 634 561 373 730 811 618 654 277 14 509 154 623 805 892 355 731 309 361 203 565 979 322 504 508 642 941 116 256 819 496 150 664 593 104 833 516 82 804 301 54 164 511 340 854 952 970 575 759 294 20 220 322 239 674 24 548 195 303 522 751 70
37 299
146 545 76 318 422 347 280 318 857 604 75 178 882 358 471 625 533 462 754 106 15 621 36 955 380 773 496 399 645 943 645 527 64 966 92 231 622
419 133 306 396 465 756 740 252 891 337 373 66 841 287 188 801 159 384 248 365 444 539 452 375 316 2 523 746 766 963 617 453 423 454 511 366 555
98 932
374 826 332 724 366 425 712 200 518 229 308 166 635 271 47 293 796 425 897 638 499 17 481 501 67 26 136 534 193 133 433 666 690 261 695 993 173 80 975 829 960 267 646 410 583 209 74 504 649 647 681 958 960 29 431 943 7 686 446 264 724 162 590 591 874 550 704 182 106 50 64 13 123 309 42 143 769 18 218 574 200 383 420 482 406 384 389 206 141 235 326 813 183 665 452 232 327 21
71 482 619 663 101 391 719 831 180 336 699 529 914 907 363 269 404 394 641 72 551 240 55 873 438 153 273 80 863 177 681 389 895 326 851 447 773 545 914 708 870 96 19 12 61 994 135 913 792 497 448 303 994 157 611 353 323 202 336 244 678 584 489 669 474 510 387 541 983 459 216 901 735 485 918 441 244 874 46 894 870 183 204 612 167 601 918 220 819 831 785 681 903 862 112 770 305 838
78 600
287 237 491 152 392 368 613 628 891 502 116 158 702 258 398 496 382 379 846 680 242 348 683 728 477 301 223 873 858 582 519 354 459 124 514 972 179 755 660 595 910 43 388 853 758 626 641 180 312 591 892 23 241 298 514 776 284 763 206 872 970 754 74 492 93 672 34 360 762 177 353 266 406 433 316 2 528 765
52 575 833 413 716 492 422 704 423 318 846 728 725 444 995 369 323 223 804 44 96 277 523 296 236 626 162 152 915 962 500 259 317 314 176 616 801 812 971 360 619 412 364 302 41 348 303 219 10 294 270 422 49 178 20 273 56 936 477 416 383 93 697 426 259 705 444 213 958 761 707 559 965 710 52 897 162 890
97 753
581 990 399 929 208 970 107 693 200 381 786 453 679 362 507 441 62 728 168 374 103 802 504 737 362 150 681 115 27 291 859 361 538 40 472 43 279 706 95 729 21 534 667 170 987 926 950 573 889 551 911 447 195 637 2 108 727 532 374 496 44 345 161 382 229 893 807 743 574 678 173 423 694 236 643 926 610 947 467 250 604 915 411 912 128 395 541 942 95 451 73 546 252 327 724 83 335
508 984 813 860 868 607 512 368 723 101 458 144 327 574 812 735 42 172 205 712 647 925 736 999 218 330 997 247 35 536 493 218 848 135 955 179 304 913 290 164 322 760 256 496 988 834 2 271 536 316 230 315 764 958 594 892 382 817 216 539 118 966 406 653 842 561 904 475 222 276 852 771 249 270 247 431 284 924 926 748 617 324 397 27 564 441 626 580 537 99 911 32 834 453 483 560 650
25 377
959 916 671 569 370 668 829 477 815 166 385 964 738 464 811 913 2 387 18 477 775 23 700 251 229
877 89 298 743 213 897 484 97 385 152 469 379 627 389 47 833 171 735 113 84 995 384 63 415 465
63 8
747 1000 749 498 214 966 864 759 656 80 408 669 710 142 380 65 3 918 444 458 997 564 285 482 251 739 470 784 562 531 920 861 142 489 156 505 956 753 859 244 235 473 56 560 402 486 871 934 570 615 313 640 135 359 313 572 595 957 198 896 415 305 562
779 766 389 610 188 364 504 521 140 967 718 352 993 311 138 84 210 512 405 591 485 260 750 526 703 980 615 304 985 154 613 137 439 512 49 484 542 495 705 394 193 731 953 433 813 481 973 223 221 914 808 9 577 562 618 577 746 200 915 104 754 447 728
33 278
759 456 515 371 960 953 182 24 127 87 929 763 368 613 773 99 886 594 548 248 957 573 693 833 197 746 176 930 31 418 854 894 747
159 731 264 240 30 156 974 492 746 257 78 856 610 511 567 15 550 742 640 862 76 826 708 316 464 919 991 136 376 640 622 900 667
5 413
440 230 400 240 524
738 335 591 600 962
60 344
632 729 961 90 517 417 482 392 592 565 310 419 591 90 149 121 308 969 671 820 674 894 242 960 88 988 595 465 384 54 995 966 431 423 283 244 846 456 602 493 947 831 871 876 759 929 110 474 628 55 445 336 283 715 981 252 320 645 717 864
27 228 36 831 881 651 494 149 986 500 90 447 822 221 459 803 273 260 395 52 394 794 606 686 575 800 701 519 195 641 551 540 28 822 127 532 136 409 650 983 46 992 293 181 188 564 913 685 17 351 716 52 830 236 548 292 442 468 907 214
72 39
935 345 709 802 88 71 544 96 166 563 536 521 657 764 635 356 742 611 207 630 575 642 496 226 937 178 249 43 204 47 393 787 538 715 392 764 63 143 310 264 890 836 298 418 215 720 447 190 794 5 969 85 880 205 775 812 56 276 790 317 369 230 110 529 981 512 451 53 174 964 401 964
988 94 879 164 845 269 32 327 754 305 38 162 994 226 547 749 487 175 173 434 500 655 325 478 741 893 970 944 608 263 394 155 306 310 212 948 109 665 968 904 622 561 954 212 68 777 98 675 524 896 826 775 784 620 410 969 148 656 195 219 980 569 293 161 492 700 609 161 986 414 762 769
25 845
35 367 389 728 771 136 969 878 295 966 258 657 982 782 758 143 410 828 714 769 399 174 16 72 656
563 156 265 134 481 223 334 436 897 698 526 474 824 571 331 81 27 701 977 20 867 136 435 864 128
48 845
103 654 839 337 186 637 149 457 364 311 628 29 394 243 844 951 427 543 860 663 345 839 858 682 771 159 652 262 809 873 832 656 608 277 708 24 838 683 492 523 184 41 456 384 923 320 405 80
430 875 365 863 207 339 94 969 388 84 50 337 50 937 525 90 536 5 160 826 926 73 931 993 939 80 635 31 603 573 40 273 895 253 476 533 581 578 337 196 962 535 941 417 652 557 551 93
57 808
889 888 806 448 955 199 425 355 330 391 701 738 700 3 558 505 718 460 296 32 834 227 598 986 847 166 233 453 155 741 383 589 67 928 969 519 554 310 99 562 628 809 451 641 613 822 485 842 616 257 837 682 117 599 239 666 427
186 451 355 501 417 99 937 19 328 808 933 687 110 731 764 414 526 672 799 542 872 483 40 897 469 384 877 858 142 571 4 648 642 881 907 932 704 905 821 805 23 164 621 770 496 700 546 873 793 836 177 600 532 8 863 113 919
22 692
585 238 67 308 571 355 939 324 433 499 336 890 162 173 762 285 115 844 702 878 102 398
813 15 332 64 668 513 666 706 988 605 441 300 235 213 751 622 986 29 817 344 590 345
60 148
518 569 492 957 778 790 953 334 524 260 103 938 65 283 742 794 48 386 222 650 774 834 868 659 124 868 262 997 427 648 716 769 745 538 809 84 509 309 353 958 893 805 100 872 462 419 612 633 786 393 824 928 126 837 684 474 57 503 797 237
94 671 309 241 740 394 287 135 254 371 857 100 201 372 750 982 237 577 989 940 212 534 501 121 18 408 487 633 268 276 815 40 40 231 522 229 449 20 564 37 685 987 122 857 506 364 570 304 811 751 244 362 359 364 790 320 889 429 28 306
52 940
258 649 352 691 94 464 679 958 881 589 570 465 913 355 74 466 2 716 918 388 726 896 751 697 632 60 716 508 544 846 682 428 568 879 640 113 454 858 354 289 149 387 976 593 939 8 190 794 126 285 664 342
571 358 814 956 812 753 564 546 293 28 200 658 416 336 145 868 218 506 286 754 285 355 648 220 731 114 827 286 398 593 343 803 715 861 429 958 900 382 892 172 264 400 306 932 474 416 42 735 296 767 543 100
40 281
746 604 48 522 893 10 331 863 610 790 612 575 449 195 338 160 272 948 274 360 798 619 685 814 98 640 146 174 230 369 79 141 992 467 519 882 700 558 140 88
798 498 54 648 598 628 835 811 822 268 850 503 383 458 573 823 926 662 829 129 622 614 763 688 899 570 82 25 691 673 86 673 207 450 438 87 895 289 450 962
44 454
492 169 160 185 31 970 130 960 896 654 359 576 690 81 303 976 847 524 473 904 127 294 520 674 996 130 312 179 808 692 632 516 416 93 253 325 376 468 143 859 751 544 360 794
832 967 607 931 18 980 204 155 680 646 111 325 697 172 354 546 937 59 401 559 533 851 572 778 14 302 764 935 886 553 904 119 852 644 660 164 633 827 434 920 846 578 316 92
35 723
278 577 694 955 309 529 572 691 9 990 4 57 497 72 504 591 482 808 290 437 324 356 528 543 832 997 456 472 505 180 389 996 105 439 800
746 586 647 675 41 748 933 913 955 591 888 565 648 842 321 211 386 154 38 347 403 496 570 922 349 288 732 108 657 480 698 77 178 265 146
44 841
905 696 299 519 491 780 528 780 534 492 873 106 50 600 62 880 934 588 294 415 570 337 685 842 499 916 286 56 759 73 366 718 794 591 111 259 272 737 615 3 974 189 396 166
771 828 850 51 392 887 420 937 839 698 472 141 245 122 13 401 221 145 482 242 847 730 365 940 553 896 703 955 774 590 776 789 833 116 769 787 572 18 885 669 706 67 17 533
19 867
308 205 796 196 516 364 350 965 798 386 556 369 200 973 128 621 847 325 274
682 504 934 778 359 969 959 354 624 660 100 537 505 584 243 622 346 47 520
27 431
27 330 939 13 80 854 704 231 570 300 650 482 683 95 32 836 390 383 731 365 522 456 370 641 925 969 175
580 545 139 708 293 98 812 215 754 679 706 142 250 540 571 299 274 401 931 309 784 668 64 224 376 371 153
77 338
981 581 885 49 558 507 843 750 966 235 289 951 564 202 480 542 991 48 379 346 778 167 438 46 996 666 810 890 131 348 524 738 83 220 565 422 657 114 909 758 912 342 92 14 716 423 398 701 670 420 159 601 662 266 751 82 149 431 606 830 849 557 753 355 696 352 262 421 784 683 348 795 32 526 884 458 446
553 63 245 295 717 345 319 769 577 388 50 453 484 965 366 482 51 147 73 891 850 274 719 704 904 304 688 619 172 529 938 553 568 196 832 474 158 506 982 661 915 666 348 397 473 361 191 117 356 400 719 614 452 733 435 598 280 520 192 439 392 199 300 123 161 723 493 979 27 676 922 584 22 871 695 82 965
62 405
94 868 433 913 146 501 721 989 294 819 960 994 417 79 732 563 405 944 22 909 171 589 988 866 528 43 766 116 463 395 80 843 495 657 849 197 210 720 195 46 718 328 908 573 705 277 395 406 478 733 878 20 106 108 227 739 416 530 622 185 553 679
755 939 900 797 702 150 131 601 694 642 516 730 963 360 693 609 905 423 447 96 544 286 829 638 851 858 935 165 827 971 681 968 531 453 97 507 770 325 448 393 720 606 745 734 387 331 312 58 571 962 327 98 228 223 714 691 973 36 110 904 928 22
58 140
332 840 235 36 326 698 509 927 144 442 823 295 46 23 11 454 633 337 349 336 158 782 802 971 505 99 269 934 926 938 191 790 830 406 802 65 135 175 615 270 874 20 337 915 361 798 985 899 259 319 29 794 381 111 540 441 876 316
158 814 414 279 812 117 562 668 748 600 908 307 342 282 652 985 571 974 241 875 645 217 436 631 761 170 461 149 558 303 241 644 909 121 491 463 113 477 792 249 165 948 374 755 765 198 932 803 549 508 269 43 678 755 887 627 772 701
14 172
243 6 755 18 237 161 598 582 102 671 169 186 857 445
666 539 589 492 244 918 604 152 414 367 951 18 712 536
56 785
411 792 836 249 505 816 285 171 385 151 759 74 698 900 763 107 27 506 758 752 16 838 420 770 261 433 777 711 652 730 173 422 691 532 931 711 955 888 891 377 679 89 67 846 232 494 553 827 692 274 842 755 675 211 853 115
199 186 670 73 465 590 736 697 22 308 856 41 510 276 248 292 391 361 748 979 845 858 452 783 785 481 330 318 688 970 874 789 344 955 121 785 162 700 394 782 532 63 89 82 484 548 961 315 452 901 520 904 384 218 971 298
57 658
469 86 522 111 925 836 341 83 327 36 69 443 255 509 126 560 396 72 226 862 836 608 466 594 200 604 550 149 728 671 299 607 92 213 941 922 407 308 622 746 348 374 433 579 861 36 955 437 231 966 725 901 477 524 401 857 310
948 803 415 672 586 740 232 404 49 49 271 433 211 526 913 252 501 789 433 631 375 722 953 654 345 43 100 820 135 933 28 711 136 113 876 457 108 147 698 639 821 531 940 709 515 701 849 787 695 124 874 389 463 110 820 442 570
82 920
286 798 794 689 250 404 206 757 667 151 355 901 995 53 118 30 638 324 948 743 484 619 349 45 514 8 425 252 766 490 491 647 293 374 834 974 764 950 432 887 75 279 400 13 487 382 720 48 640 98 48 814 268 158 248 219 985 682 884 135 727 775 222 303 612 98 668 408 389 140 394 803 956 443 933 510 81 970 561 422 595 610
407 668 150 398 433 220 539 970 601 78 528 754 746 383 688 945 362 618 591 873 981 639 324 86 958 11 991 682 409 366 732 59 327 659 518 668 465 899 106 115 124 726 754 819 273 471 68 810 200 989 323 581 517 510 491 732 147 756 456 609 380 139 922 893 967 997 672 877 701 835 255 830 971 241 212 520 80 569 162 627 622 497
5 262
723 441 15 590 9
256 210 280 118 315
77 628
119 794 710 376 215 315 500 917 459 864 497 982 576 20 476 324 906 797 537 4 86 640 508 859 713 411 513 65 667 330 453 216 874 729 102 983 51 110 316 463 377 859 914 139 358 520 971 410 374 565 136 524 36 69 18 364 349 391 943 80 343 237 316 244 836 895 209 337 932 258 931 149 754 440 815 37 490
325 317 945 983 917 818 286 340 52 860 883 81 59 266 4 187 431 887 675 899 518 460 637 860 540 935 157 536 781 328 833 956 574 319 866 675 934 213 272 430 883 997 155 269 380 638 239 659 223 19 999 378 802 876 582 864 524 650 293 176 507 314 719 876 388 702 741 475 618 403 936 14 903 148 418 794 499
63 122
233 576 770 315 868 697 154 653 551 135 978 934 643 150 142 93 939 788 825 408 200 294 24 210 323 816 431 227 435 386 31 239 791 456 696 15 843 128 605 352 52 104 858 661 736 420 638 977 764 557 98 752 345 464 445 297 170 712 327 788 135 871 800
352 644 443 904 336 537 249 98 518 212 694 396 48 166 997 925 739 474 462 157 548 191 95 899 311 365 235 451 991 647 52 582 590 29 837 173 835 862 671 492 225 131 509 952 238 624 718 898 234 589 342 670 692 391 804 234 948 2 289 246 805 211 516
27 702
59 857 338 430 614 955 136 535 965 4 399 73 598 348 377 731 447 320 984 759 609 655 167 430 383 551 896
95 333 106 386 841 17 218 822 846 865 542 546 545 723 265 641 846 861 239 39 692 590 708 873 888 173 845
81 185
723 438 845 604 472 211 637 822 53 857 590 832 397 393 788 266 386 653 394 385 581 46 655 602 512 271 805 837 665 940 479 638 274 796 432 879 61 179 430 256 298 96 146 719 365 791 441 997 568 598 214 821 688 114 550 218 843 335 483 601 673 771 216 736 474 360 918 756 623 535 51 952 138 586 817 811 964 913 790 574 636
303 380 274 313 124 543 918 193 116 1000 564 398 952 130 54 468 39 273 95 505 341 923 464 38 73 860 507 517 430 395 861 161 271 387 71 249 713 960 561 107 222 109 989 208 315 150 860 142 766 492 215 371 642 554 204 78 603 65 881 26 890 398 25 182 463 913 570 735 295 959 82 177 659 279 632 541 527 165 298 494 227
10 336
274 50 239 611 594 218 989 134 889 235
587 532 886 285 408 238 668 228 141 627
94 138
612 749 327 44 463 391 364 96 970 885 946 113 740 161 214 739 328 185 340 513 401 574 959 576 987 597 537 928 578 248 175 766 669 674 144 606 764 496 371 30 7 785 422 663 133 32 546 164 290 736 616 491 495 671 378 428 497 70 356 512 232 659 936 880 893 919 553 614 737 308 25 439 785 813 307 524 788 660 286 916 494 998 545 179 507 745 644 354 504 367 114 452 528 530
568 924 889 704 237 314 943 160 54 413 2 292 436 843 571 709 90 800 635 254 890 594 68 879 206 300 353 537 787 31 605 146 144 990 960 446 260 856 877 153 279 424 783 181 73 832 863 620 903 449 548 278 77 15 736 808 437 785 860 278 621 297 110 465 613 376 233 974 662 283 187 992 679 33 717 795 669 895 585 456 801 325 821 856 786 927 973 753 137 790 391 86 265 507
29 297
933 573 414 850 422 321 742 435 613 857 913 41 243 96 320 263 716 769 890 870 293 23 739 938 774 984 289 610 151
856 729 878 478 914 93 799 241 378 96 339 492 310 288 488 563 925 826 302 458 69 619 552 733 956 820 740 686 63
80 783
817 398 794 642 185 809 700 744 802 704 865 791 603 79 502 292 691 496 898 712 573 523 86 176 32 910 705 52 129 496 823 81 327 280 900 485 551 467 972 909 646 113 973 420 922 779 739 983 634 98 452 638 828 983 943 565 262 578 396 801 651 345 534 628 269 429 437 878 191 684 425 392 263 372 971 536 763 420 23 265
839 599 838 735 162 62 778 865 567 495 306 350 518 731 78 83 911 446 960 325 446 366 680 574 799 809 145 495 978 843 136 28 208 424 821 716 984 198 594 218 917 10 916 797 456 55 997 354 356 993 575 66 439 597 660 975 300 112 2 897 251 629 783 443 213 563 967 352 891 261 743 907 567 101 796 566 426 351 406 5
10 446
370 61 759 51 649 196 223 471 297 720
233 686 137 300 169 832 907 205 141 857
95 484
784 963 181 695 88 738 613 606 8 258 980 305 818 123 142 970 518 778 254 925 311 316 792 376 317 600 877 947 793 307 60 559 995 621 249 515 478 363 78 851 613 243 473 142 65 342 583 521 831 868 870 883 935 178 534 834 948 981 537 428 1 713 715 84 562 811 258 203 181 156 895 745 2 963 581 541 508 523 568 14 768 515 177 323 201 421 58 951 128 47 148 196 972 327 555
388 686 958 278 501 445 318 167 588 703 699 453 288 619 412 697 154 347 74 862 143 383 918 543 564 24 762 31 372 489 132 473 233 98 382 501 456 331 931 581 650 618 56 641 915 967 449 274 242 808 539 102 326 134 96 360 123 168 12 114 743 527 374 398 824 206 957 658 188 206 790 995 110 54 533 927 937 37 683 971 109 885 20 585 231 935 818 182 249 496 623 461 304 963 415
53 586
154 479 459 280 259 197 313 502 911 361 325 664 180 775 818 392 573 803 836 142 614 819 890 334 78 83 769 110 741 747 902 64 459 148 24 530 42 741 191 997 525 328 656 319 365 709 245 957 541 943 330 152 282
761 118 591 13 586 835 178 208 235 164 961 279 964 470 510 228 273 441 364 417 505 636 253 160 113 280 801 713 462 404 330 585 626 763 866 599 574 407 668 184 277 371 289 953 866 606 507 292 956 245 154 832 178
68 928
139 31 747 824 560 229 160 295 83 32 471 155 325 774 475 336 321 160 35 425 357 686 18 11 624 169 919 536 922 438 991 771 919 549 729 568 330 303 597 593 363 825 692 426 706 426 355 856 489 306 999 331 185 724 418 943 378 462 980 114 358 781 448 653 253 500 58 283
718 400 242 344 665 388 968 876 721 35 133 236 162 737 808 378 332 551 9 933 236 451 981 536 900 789 7 693 698 500 429 470 209 558 248 249 28 310 112 832 416 845 525 317 743 589 521 881 690 143 697 528 502 134 883 934 505 592 275 838 489 321 728 297 953 614 129 1000
