98
63 56
608 347 689 976 709 724 847 635 121 50 538 367 798 455 782 524 656 695 739 397 203 576 113 444 213 304 453 536 176 275 576 426 959 608 628 302 679 308 236 81 714 94 75 406 176 223 630 214 461 159 365 827 64 101 577 45 263 662 371 103 874 352 410
335 257 751 382 982 598 788 508 574 843 852 976 859 481 154 261 658 280 931 794 103 326 945 12 441 984 566 672 611 605 976 807 883 381 781 329 54 559 245 726 195 711 973 35 957 674 229 435 146 963 450 631 221 844 331 631 392 975 980 202 797 477 417
13 95
896 788 745 4 555 285 271 94 239 561 954 263 283
125 602 779 336 496 259 140 693 406 33 454 302 695
45 482
574 564 603 651 208 605 783 406 270 213 424 437 612 275 943 471 539 474 929 853 600 448 239 955 2 68 893 84 887 320 256 908 47 411 768 278 820 813 1000 912 232 44 293 184 624
629 950 220 536 648 352 482 516 843 626 36 779 869 988 528 153 1000 260 248 267 94 431 714 592 660 569 69 541 495 39 654 46 607 161 355 71 144 893 677 159 657 825 489 929 666
70 220
320 901 252 748 190 272 966 1 72 858 660 746 648 671 423 351 964 368 648 275 390 569 395 1 891 34 338 257 834 450 277 45 440 700 532 752 599 737 644 554 464 371 163 25 147 986 941 583 559 550 668 502 108 452 885 813 51 94 592 372 277 534 54 194 509 104 786 76 845 102
592 414 942 494 726 168 972 55 736 764 300 810 869 692 761 804 848 356 844 558 580 606 912 167 614 532 590 889 812 341 599 221 904 237 66 381 549 458 370 865 690 276 960 624 823 146 87 510 745 771 548 616 679 440 295 946 663 509 160 552 978 520 407 874 808 993 321 368 508 286
75 993
669 802 461 285 678 856 638 938 684 524 469 507 986 652 817 881 844 550 222 959 550 116 21 196 591 17 225 815 406 381 838 758 436 295 93 99 934 108 599 533 522 284 305 934 633 313 807 223 244 424 269 146 328 758 646 866 99 514 360 739 605 953 259 168 789 414 147 732 848 800 209 547 595 364 186
801 390 667 71 598 538 732 519 214 108 549 347 888 283 951 379 309 844 545 77 40 135 105 352 811 352 77 760 387 226 282 926 575 492 511 795 821 473 133 375 63 701 687 43 237 783 740 314 759 692 932 982 75 227 888 159 44 398 640 356 744 755 260 434 93 648 258 756 934 125 325 878 884 300 698
35 217
871 743 173 355 622 113 482 654 209 764 228 151 267 905 569 604 394 510 313 327 234 258 733 584 331 168 838 8 837 317 833 354 789 667 730
792 319 893 389 184 58 414 431 633 143 497 360 156 775 859 218 83 733 319 276 506 51 700 403 644 881 519 204 428 985 537 250 736 993 644
55 641
782 253 483 257 636 243 469 755 605 417 98 687 472 411 420 639 135 767 371 267 446 339 786 210 830 730 904 431 130 307 34 863 956 615 829 160 575 577 731 658 651 834 740 456 949 218 117 149 284 724 336 626 128 387 320
739 733 916 418 684 74 713 822 14 747 844 600 88 540 584 802 349 53 597 631 433 207 861 717 808 115 661 724 196 673 1 274 435 598 928 124 566 771 633 706 296 499 329 249 336 723 171 332 755 45 321 905 570 276 424
80 417
945 153 215 926 475 119 281 883 690 61 83 533 256 465 516 349 883 313 786 2 716 793 850 993 120 517 404 655 120 698 332 493 411 543 317 538 876 732 374 922 337 675 255 727 396 623 704 74 964 227 830 80 314 421 296 547 654 709 883 900 112 843 650 66 496 253 79 562 599 505 621 26 725 237 147 407 914 702 390 36
723 540 362 478 414 220 436 515 246 217 846 363 786 289 181 311 242 590 311 561 107 489 969 280 796 210 625 133 630 327 291 606 962 489 594 554 492 417 425 688 997 840 371 908 30 604 144 947 829 457 380 293 447 390 780 398 379 746 313 387 745 668 287 857 181 932 738 940 731 976 984 907 81 31 762 20 267 157 264 988
52 538
804 21 99 524 226 914 112 7 52 43 386 121 158 239 671 46 439 25 369 285 767 205 962 338 973 542 574 765 254 514 352 485 601 765 790 580 45 222 696 435 971 11 628 630 657 759 808 190 394 419 704 176
793 88 26 841 169 237 158 873 426 442 262 860 964 750 950 583 24 187 375 281 525 705 179 567 158 847 12 419 645 685 694 617 846 711 670 176 647 860 317 854 537 784 639 238 484 188 114 447 957 785 741 377
34 533
174 496 257 889 951 75 427 407 194 344 335 58 94 7 420 816 640 89 330 729 187 826 192 747 593 468 646 686 460 13 131 922 866 508
304 873 491 201 587 941 881 463 962 321 378 575 187 220 198 784 572 925 806 205 412 591 981 457 28 896 276 789 730 448 888 80 674 355
17 796
199 581 583 465 303 19 314 910 956 285 336 244 177 922 962 724 818
409 22 621 960 30 891 177 311 365 374 363 812 58 644 402 416 295
46 854
399 345 625 946 900 851 42 661 918 196 748 624 241 518 417 687 942 271 507 34 929 891 344 994 28 930 796 201 101 231 234 493 469 825 638 803 79 979 359 695 177 771 979 404 499 836
826 876 680 320 292 959 194 977 883 385 624 650 648 654 825 712 163 236 707 640 796 13 2 633 258 364 901 761 850 317 609 587 988 955 421 328 703 704 469 771 818 640 190 999 838 350
85 735
363 437 957 505 276 556 751 770 57 147 937 134 401 78 208 70 587 324 177 847 814 160 629 839 567 543 532 258 979 283 702 185 3 529 998 963 28 395 826 352 473 292 822 202 26 698 987 688 727 89 998 236 237 799 475 229 363 45 947 357 170 62 145 355 274 652 65 663 912 825 31 260 799 132 528 343 378 962 1000 351 777 448 944 308 328
722 706 354 319 37 818 294 923 856 772 710 394 408 317 550 484 593 567 368 743 198 651 942 242 904 886 225 545 988 195 869 858 119 150 497 754 514 19 127 153 912 365 45 263 718 622 676 469 12 551 580 49 507 167 836 990 643 648 88 124 965 701 488 521 341 190 350 498 127 207 236 95 296 638 977 744 490 787 813 550 798 882 650 700 814
22 678
814 724 205 735 624 251 482 512 559 729 118 653 52 305 507 668 450 185 165 645 906 395
913 165 52 207 843 576 835 556 505 453 126 881 285 16 760 668 440 594 534 611 767 390
23 291
598 126 442 766 89 729 889 119 364 525 223 270 140 42 995 629 143 398 691 35 914 819 722
519 1 762 508 458 792 436 483 303 292 4 684 684 873 929 50 439 21 508 86 213 662 376
75 484
379 356 703 490 175 320 557 899 885 386 875 53 184 52 212 655 396 485 781 999 940 987 164 316 836 898 346 923 893 245 877 635 354 104 906 13 858 395 822 233 462 323 286 801 587 756 350 424 718 838 303 875 613 512 555 414 566 536 840 587 443 625 892 544 375 456 471 802 239 37 643 94 773 424 203
774 546 823 281 342 405 329 218 959 950 340 399 377 575 948 580 463 935 832 981 702 57 239 489 932 652 965 551 794 322 780 534 270 117 399 440 451 820 749 301 645 719 96 190 474 364 326 673 555 771 228 415 326 50 204 416 318 129 924 824 503 680 194 252 561 952 892 241 41 216 460 665 994 847 554
45 649
398 869 621 990 312 29 437 569 556 563 536 468 104 372 526 605 81 58 418 104 697 177 217 914 96 119 56 497 714 76 816 248 572 638 801 151 463 334 427 634 129 692 320 75 34
317 641 967 663 409 612 817 318 619 185 204 659 970 693 661 687 241 6 178 321 744 707 981 778 703 620 290 818 870 293 436 120 12 991 843 956 738 621 977 426 969 315 775 637 714
52 738
937 773 628 228 870 14 899 497 653 852 531 194 130 156 74 653 983 863 28 574 70 474 970 316 707 596 95 483 484 357 427 511 577 692 877 394 741 873 291 546 344 891 23 344 239 615 393 832 703 92 441 829
294 628 214 550 819 271 65 298 842 340 41 917 806 101 948 25 504 828 54 249 400 356 397 418 758 286 813 955 635 628 81 803 375 779 800 663 263 542 295 902 463 721 207 939 845 237 337 389 916 636 791 697
12 329
625 410 452 541 205 768 186 709 947 789 769 815
588 721 197 311 322 678 953 687 779 546 903 304
83 784
649 163 37 614 445 562 106 650 134 247 748 255 228 668 829 366 472 382 313 259 442 392 926 593 727 949 610 140 154 470 343 650 713 655 862 485 281 815 823 459 78 466 922 907 931 105 821 603 48 630 349 923 485 289 659 698 190 287 866 140 223 725 909 166 181 774 906 621 659 708 159 1 295 670 153 90 734 968 797 716 633 585 25
453 480 871 931 351 487 650 823 897 25 237 900 286 210 947 480 742 197 969 541 941 672 330 576 729 193 717 902 543 538 797 907 284 797 154 361 248 369 645 963 122 729 77 867 359 16 854 551 602 105 824 735 445 192 148 796 749 311 177 503 89 305 644 9 848 848 490 495 156 951 132 459 669 810 192 813 10 438 425 513 900 192 918
34 285
967 962 779 343 88 37 325 104 580 722 254 157 119 516 1000 894 435 707 825 499 2 31 233 134 46 717 990 564 196 716 795 590 542 436
807 688 430 100 825 206 113 278 590 318 489 641 988 409 565 609 351 587 346 256 491 533 36 509 425 327 545 29 699 923 684 15 594 933
95 277
750 27 602 264 866 98 216 192 960 905 897 157 438 638 225 285 273 943 685 370 760 494 372 929 206 340 641 37 922 884 454 731 621 598 89 943 787 273 72 695 959 758 297 483 574 9 923 563 651 305 640 542 946 803 232 462 339 122 723 939 730 102 154 876 40 709 99 795 645 287 830 852 95 484 502 199 956 376 508 574 901 656 858 424 878 208 280 606 486 850 77 5 43 978 367
760 643 356 739 317 568 661 544 267 480 729 617 894 544 568 761 551 16 918 606 235 362 503 373 102 894 660 394 51 575 564 395 34 647 476 753 138 278 720 564 660 494 539 688 681 548 118 130 5 48 573 247 715 617 241 150 826 258 767 151 704 997 834 367 468 18 972 464 159 630 141 848 920 365 535 344 731 465 184 860 735 694 217 386 159 113 431 745 483 411 693 179 284 134 473
49 659
981 574 543 971 698 241 577 300 202 131 633 856 345 843 782 813 592 661 883 430 990 445 683 903 585 822 487 885 194 46 565 677 426 785 270 178 159 895 438 155 113 192 605 713 373 569 536 826 216
907 398 94 529 975 437 985 869 775 716 128 649 78 876 229 119 577 722 77 112 376 655 574 230 975 958 134 354 329 637 288 442 627 16 629 627 360 802 451 375 706 199 709 493 715 311 608 836 536
79 99
996 710 260 614 834 57 400 305 304 768 880 919 567 50 461 887 866 496 598 324 570 696 138 970 649 628 317 463 252 722 783 56 856 240 868 566 484 307 85 889 577 751 370 725 605 318 158 641 127 90 79 671 597 960 307 447 397 372 55 615 860 423 330 571 11 824 291 332 984 193 77 209 777 597 440 524 652 294 718
934 966 920 408 662 527 837 60 721 303 179 695 267 507 211 407 682 244 960 504 605 384 574 654 249 554 775 514 246 843 962 515 175 379 992 974 950 485 79 327 127 331 388 188 237 918 866 363 125 53 300 743 808 355 799 80 670 407 57 821 983 724 106 640 343 81 481 966 321 624 650 869 179 363 237 840 961 148 100
29 517
913 359 53 79 440 778 340 475 401 944 686 830 370 617 580 935 735 846 536 976 776 298 569 297 684 604 163 377 700
159 316 959 382 802 791 188 469 261 677 256 728 134 115 719 900 729 20 546 923 578 489 490 411 597 241 344 100 96
58 827
357 148 119 10 695 463 748 516 355 18 315 757 277 495 562 831 961 938 439 844 254 137 862 912 56 940 359 609 575 387 817 130 291 294 589 319 834 162 973 577 156 823 40 91 817 458 150 110 473 616 4 281 13 303 605 572 844 368
537 204 94 572 380 293 162 545 379 431 188 524 969 960 417 229 322 354 284 53 814 598 559 969 251 679 664 321 780 377 259 252 202 862 863 336 63 606 599 78 991 900 480 864 296 62 105 391 24 513 398 469 311 679 140 29 196 541
12 957
743 256 926 953 959 12 850 489 627 225 144 23
601 901 965 677 390 285 766 579 788 879 698 198
88 532
981 972 939 663 451 18 695 611 276 605 100 318 101 201 960 544 812 484 544 562 481 351 314 367 418 918 656 982 399 526 865 709 461 965 185 47 442 517 36 829 458 984 952 675 356 769 484 486 870 949 592 514 896 393 82 615 530 919 122 968 976 852 71 876 73 583 896 142 752 56 974 831 345 412 322 800 757 94 763 608 279 199 186 756 682 93 405 711
613 16 939 707 494 154 19 532 411 817 133 826 595 483 206 693 737 154 90 640 716 672 502 967 965 476 448 333 894 649 222 696 167 213 377 443 85 272 151 122 594 308 687 814 45 554 255 311 911 686 666 527 288 145 966 251 655 103 906 145 173 389 155 492 68 485 293 126 859 789 921 26 96 348 798 957 314 474 869 318 949 651 791 969 715 397 309 321
60 794
632 216 330 398 503 527 308 193 188 210 109 165 580 868 936 708 321 474 283 54 82 791 491 641 795 884 124 394 258 468 845 628 807 771 609 519 204 963 166 841 684 325 29 84 613 6 659 939 609 991 785 329 492 800 498 197 269 597 659 451
394 848 351 765 205 818 556 675 682 271 784 854 770 395 256 699 385 638 850 125 993 384 577 566 511 860 19 994 976 533 673 301 853 69 136 912 933 780 745 362 892 890 983 319 50 258 689 415 721 615 378 470 476 660 978 149 581 259 829 689
63 371
351 208 341 845 27 38 228 203 255 489 207 592 540 24 649 777 275 662 853 603 646 574 387 642 837 921 408 57 52 490 99 544 24 849 858 466 780 927 769 175 950 77 490 41 776 725 258 431 604 664 447 57 880 722 504 510 503 352 839 642 344 529 881
19 14 692 515 325 51 841 737 228 442 309 116 906 783 881 113 223 655 182 789 528 647 931 137 208 426 644 175 219 804 600 948 555 191 279 910 741 206 909 641 190 670 32 748 35 552 522 451 343 654 595 509 468 772 179 227 181 268 630 607 494 119 318
69 460
865 615 639 708 951 774 46 657 964 342 338 579 306 707 541 711 817 401 408 897 460 554 277 503 459 785 571 734 137 713 146 825 729 310 717 422 576 773 657 942 610 324 197 931 463 733 178 852 878 573 307 5 303 124 685 639 147 675 902 977 125 496 295 832 293 842 537 974 154
177 416 921 9 845 411 643 30 51 248 631 924 207 154 331 925 675 574 842 710 185 455 230 177 757 665 119 520 302 184 673 556 820 384 714 145 90 757 857 356 800 769 834 507 171 686 699 99 578 78 981 661 345 212 572 513 361 591 634 799 76 819 67 314 981 358 385 594 14
59 510
371 187 409 538 40 215 794 748 136 393 899 455 94 6 797 247 194 463 292 891 453 923 70 340 981 264 386 802 710 727 798 393 928 120 84 746 402 635 112 865 864 508 883 87 107 28 287 763 513 861 698 145 453 890 745 99 28 962 12
612 238 837 987 139 449 528 556 155 343 295 201 393 784 10 110 832 331 117 738 514 574 854 231 841 931 864 982 383 103 46 187 599 701 5 594 114 233 558 869 728 217 90 366 931 655 650 173 263 278 856 783 502 414 376 697 758 416 53
91 456
127 688 782 273 879 933 310 692 249 308 476 921 569 96 546 618 567 563 884 719 7 883 133 719 94 474 614 68 327 717 215 830 144 963 107 466 504 614 844 240 649 670 902 446 659 623 728 592 658 388 451 446 405 612 378 780 606 436 884 910 436 266 192 874 125 860 417 186 177 235 733 236 670 681 680 165 628 963 156 122 900 146 532 463 590 922 892 94 33 746 177
203 82 348 188 115 246 722 996 676 702 18 628 64 329 861 686 755 619 331 669 247 318 615 755 673 931 976 837 181 762 470 549 945 266 212 180 859 835 447 215 967 414 765 103 665 793 994 644 101 429 389 534 701 446 184 276 55 820 535 378 772 920 537 456 115 749 228 975 619 426 432 902 325 652 953 233 647 183 586 316 196 755 54 631 621 763 243 260 102 118 609
13 787
764 591 428 38 24 641 546 906 328 457 482 307 494
377 663 469 933 293 833 52 998 157 136 465 11 93
69 745
131 305 305 422 460 986 581 659 324 60 803 297 441 297 872 553 899 596 380 97 502 719 524 618 998 935 756 868 932 759 505 736 372 813 212 54 127 984 282 23 708 600 143 675 960 203 629 230 522 649 339 700 660 235 123 899 370 826 655 129 18 958 634 808 576 815 984 975 83
244 175 840 183 616 702 808 100 6 570 361 499 722 217 818 183 30 383 262 42 251 890 228 449 999 564 182 633 380 449 698 441 521 714 65 446 162 108 67 368 78 280 340 152 937 893 500 787 818 311 580 386 595 403 880 959 426 958 676 186 98 388 943 619 533 994 85 240 139
28 878
326 531 312 634 500 444 740 320 487 336 38 325 890 745 28 822 602 712 690 100 209 280 805 583 782 289 695 44
938 365 472 53 765 250 818 297 911 813 71 236 487 436 841 41 358 447 562 530 852 435 475 275 390 778 21 598
25 765
86 601 922 976 735 522 368 84 418 636 719 190 269 391 159 374 899 27 314 640 338 734 297 735 774
758 182 99 432 277 792 619 828 550 910 754 935 344 665 123 294 891 910 11 817 215 425 730 380 931
97 504
113 178 341 569 377 701 47 925 232 72 846 543 786 650 259 664 785 233 266 316 122 281 789 616 298 153 38 253 113 381 454 293 667 65 358 253 190 901 309 315 367 771 921 121 375 21 278 472 962 750 889 505 252 491 946 781 758 506 73 255 337 622 49 664 628 406 151 454 600 588 398 385 593 505 79 516 111 198 761 955 616 23 477 51 327 956 17 862 363 616 68 493 995 812 811 966 962
174 965 453 637 809 14 344 803 69 2 344 22 921 840 288 868 845 783 432 487 745 21 751 536 23 27 632 236 31 387 648 385 354 10 762 864 222 555 406 512 418 749 12 133 797 256 929 235 805 411 76 825 919 48 810 75 957 220 345 654 408 1000 132 238 666 900 145 712 109 368 25 592 765 32 505 811 6 479 819 672 950 857 736 317 851 969 943 428 271 474 802 693 886 614 391 391 282
22 916
90 574 850 636 708 926 338 675 334 576 693 39 281 88 77 745 713 787 203 572 371 19
574 486 303 287 497 350 967 149 368 542 67 264 672 491 250 7 520 777 614 509 218 589
9 941
738 554 571 366 62 106 1000 71 451
354 228 226 970 717 614 327 306 989
37 126
622 80 631 468 958 24 385 603 466 57 309 390 62 334 554 540 557 49 482 196 267 374 311 644 745 841 894 334 523 234 391 703 417 93 515 142 719
975 300 129 950 535 872 524 998 631 708 137 943 506 739 889 423 442 734 976 325 895 911 461 968 450 538 335 668 965 373 816 373 458 187 969 637 183
82 431
907 597 837 670 35 154 346 80 309 958 888 901 106 922 953 104 255 117 887 819 342 955 624 268 483 495 783 533 543 91 222 282 543 881 983 841 147 810 312 140 282 153 568 226 536 440 92 684 391 802 943 442 577 413 198 65 161 130 678 270 410 206 529 399 556 680 44 697 519 346 899 414 502 240 207 237 315 82 922 933 326 978
48 88 382 172 448 545 62 761 288 20 927 970 846 743 602 7 960 20 356 288 828 453 451 583 58 523 578 212 957 75 647 347 318 957 285 79 113 573 679 696 643 755 167 336 455 609 236 607 804 256 133 645 740 613 28 256 276 385 926 985 476 781 136 134 470 11 554 388 315 711 472 779 991 48 692 568 944 650 499 628 990 210
33 282
728 346 675 661 194 893 467 487 526 84 139 283 577 815 60 848 867 620 514 916 780 603 245 502 305 532 231 929 747 779 296 317 399
478 561 589 285 274 923 530 114 762 2 853 687 327 337 172 600 427 245 681 923 800 193 979 576 877 963 287 288 501 106 768 293 322
82 108
975 491 634 350 268 537 567 450 184 314 536 613 136 749 310 345 263 783 744 400 656 321 554 144 716 413 562 648 617 146 15 564 715 443 222 918 493 423 556 402 75 629 572 190 360 540 937 98 713 465 844 310 605 534 298 615 64 644 198 74 974 660 997 814 725 213 392 828 884 637 439 61 849 443 456 26 107 124 956 330 743 586
120 751 846 112 326 455 543 465 124 418 875 195 99 575 772 68 531 304 524 131 217 810 256 414 980 30 610 861 469 862 996 165 294 62 670 939 650 415 628 704 789 311 444 96 814 126 991 496 463 227 743 696 203 524 535 956 523 170 639 57 921 363 990 490 565 426 779 749 593 145 388 326 941 555 795 1 679 126 800 657 190 470
19 512
240 609 83 861 231 362 484 628 598 81 658 58 87 1000 335 510 735 695 329
998 305 32 191 201 348 522 963 248 958 329 30 868 312 363 840 171 717 131
67 219
285 277 625 997 479 656 412 423 556 762 203 827 77 679 202 428 963 674 163 454 161 101 115 562 211 279 943 716 794 633 57 448 318 651 229 427 995 519 982 452 463 620 752 207 471 722 704 430 80 479 904 592 336 488 265 336 568 128 257 612 499 6 617 605 116 200 751
970 716 755 5 83 981 686 227 350 14 244 883 261 333 507 652 540 941 540 194 575 172 586 368 522 363 619 687 185 618 108 1000 844 456 821 854 371 161 82 362 723 625 673 484 14 304 4 595 841 262 832 327 522 349 689 309 655 85 126 94 97 138 81 582 644 432 246
19 518
840 73 26 484 523 591 177 939 495 112 702 398 746 946 271 458 721 134 518
31 33 70 916 700 672 986 18 556 804 985 474 707 346 735 503 806 124 635
82 120
573 980 146 819 668 28 522 590 311 411 638 404 467 285 142 39 436 382 311 616 755 407 277 800 271 568 347 724 238 27 844 928 292 474 637 185 440 782 370 331 379 792 284 716 68 578 83 116 241 736 41 819 596 610 982 487 906 947 431 322 140 142 353 226 260 690 869 870 216 928 278 318 298 460 561 954 692 886 60 462 818 420
385 486 716 218 169 982 294 297 505 95 794 297 579 875 472 210 187 797 709 450 902 867 647 663 102 214 201 746 230 659 103 480 964 244 881 619 202 507 924 750 614 165 504 444 553 837 444 38 339 268 912 958 21 77 263 694 884 152 464 276 186 748 295 599 29 114 163 22 374 486 642 629 88 995 694 441 907 210 162 773 61 311
7 839
945 253 730 286 979 434 359
954 37 31 775 699 992 746
12 592
361 501 113 23 867 281 802 895 933 114 388 645
286 690 653 531 849 717 341 253 229 915 496 668
65 605
518 464 778 930 709 986 297 895 534 6 910 42 90 635 320 45 295 924 104 569 533 829 39 872 646 597 162 980 947 787 657 150 918 897 84 275 252 883 335 294 958 191 266 818 708 188 656 47 639 591 740 822 856 461 449 444 595 646 755 788 174 348 446 698 709
80 878 318 811 579 542 197 715 392 514 614 792 660 862 755 593 109 669 154 245 240 818 173 63 592 724 362 188 169 968 735 857 307 232 369 256 921 433 533 75 309 621 828 933 362 361 308 500 487 7 824 379 636 836 701 744 531 814 771 135 469 942 857 355 10
85 823
845 325 373 899 763 494 238 494 607 57 759 995 491 434 167 697 237 487 866 49 819 391 972 127 571 714 619 595 184 694 78 562 941 643 941 406 165 544 851 135 837 861 835 266 480 860 108 104 711 61 1 581 616 435 462 707 346 752 814 355 744 529 598 116 341 426 257 485 714 213 67 518 7 168 670 614 205 303 261 727 728 988 264 95 235
296 125 668 248 928 844 694 681 439 821 586 921 472 358 10 969 490 541 682 206 311 643 254 9 315 880 987 766 490 392 115 316 29 149 397 168 119 123 594 873 919 641 87 501 633 141 837 420 880 566 954 204 620 927 907 942 793 906 888 655 95 931 456 455 764 40 633 604 138 199 193 667 379 887 806 928 178 562 731 123 220 684 327 187 679
63 876
657 20 655 687 744 453 360 119 57 263 327 533 89 4 104 430 596 52 770 347 233 912 244 672 126 705 60 665 263 932 160 836 460 566 48 912 713 402 230 321 196 761 581 480 567 99 568 206 39 42 16 135 412 273 207 958 346 319 286 302 729 33 201
954 98 418 484 851 465 677 435 508 194 671 967 426 587 957 352 877 300 911 532 919 745 346 5 374 56 45 19 12 224 588 435 927 893 252 888 820 875 636 727 905 823 656 482 709 830 364 120 713 998 650 234 410 924 417 954 821 367 623 989 258 234 246
17 953
536 547 763 47 525 459 540 355 171 358 77 666 371 384 315 27 370
749 804 264 896 113 832 127 517 847 25 101 682 948 445 668 95 244
64 866
437 105 403 905 790 944 222 114 489 225 948 868 176 525 56 682 231 160 488 582 658 875 236 864 798 207 907 537 270 837 30 766 680 659 7 528 689 533 998 429 858 40 510 12 300 423 276 829 485 843 723 683 214 628 765 988 5 823 38 772 4 814 239 388
145 497 477 736 315 623 294 740 699 946 333 60 662 724 995 985 437 9 281 560 347 904 492 202 808 809 618 269 147 808 708 374 979 816 704 750 354 591 528 203 834 263 29 43 805 279 870 603 83 347 164 681 397 144 975 131 984 654 955 546 566 728 237 205
65 573
293 236 138 455 543 664 214 267 862 421 670 340 454 902 182 20 24 715 863 358 58 359 306 312 451 754 281 151 5 860 769 92 418 922 461 651 709 949 627 593 60 514 719 562 913 570 453 91 513 657 365 748 872 784 857 485 880 396 718 799 562 208 238 840 508
35 886 835 266 477 524 49 961 138 976 414 809 486 705 947 64 43 292 85 227 566 135 577 88 290 393 319 734 717 851 834 578 307 181 805 226 271 909 490 724 891 873 833 629 63 608 572 499 190 746 555 3 26 964 75 478 596 730 10 444 281 212 763 295 607
43 743
127 240 785 73 617 395 301 48 925 638 863 798 921 854 182 350 909 859 422 737 372 29 654 569 294 505 48 404 502 817 355 330 865 243 800 152 139 444 648 790 212 287 35
785 909 725 91 986 577 542 110 51 92 501 5 452 714 560 533 199 472 882 575 821 440 117 659 244 549 52 515 858 193 603 47 100 677 745 328 520 194 685 978 560 432 390
91 451
925 428 695 495 562 716 671 436 441 196 388 521 893 841 63 921 155 242 819 294 833 549 750 313 712 9 581 687 582 49 866 113 907 222 842 821 366 616 895 415 557 75 363 169 557 375 806 716 592 844 139 342 229 476 916 393 503 87 310 884 551 24 244 314 457 393 267 549 874 750 843 936 585 781 370 978 878 437 478 239 425 701 362 653 392 597 352 295 521 623 218
638 685 945 360 491 498 855 653 419 609 875 138 790 875 336 528 114 146 167 987 316 769 247 916 972 788 621 68 227 355 367 347 228 836 508 627 424 506 747 86 531 348 626 482 283 206 139 652 6 782 577 792 290 666 866 905 299 396 220 3 264 38 938 673 136 332 344 946 142 488 690 402 908 22 642 950 577 575 35 599 8 781 987 806 28 380 625 302 150 472 144
63 895
710 799 598 355 562 457 143 41 476 236 457 576 381 500 379 86 924 250 943 425 23 535 839 390 590 394 485 671 315 413 777 367 156 926 566 902 730 955 228 187 600 900 699 828 28 657 183 136 483 187 11 550 269 702 828 16 505 257 410 159 331 145 177
870 370 329 487 523 55 31 239 453 718 302 882 773 819 666 133 828 291 559 218 244 761 811 257 235 273 384 229 286 513 316 986 834 582 436 776 180 137 525 173 772 757 526 142 335 818 815 128 130 618 273 634 907 299 389 305 292 36 308 99 862 244 811
93 213
931 850 891 506 651 827 771 581 24 983 382 836 604 503 206 369 378 899 951 457 153 488 523 883 660 375 19 651 728 458 60 74 235 643 518 56 868 226 511 206 35 111 510 886 353 590 36 522 547 755 658 196 235 714 34 339 952 700 593 368 609 90 736 644 258 240 811 763 129 262 249 372 879 579 866 137 902 328 647 48 250 615 130 818 174 47 209 801 156 352 79 148 544
393 204 651 620 660 747 243 290 637 200 320 467 153 648 94 389 730 632 663 510 194 123 879 660 909 221 158 234 644 573 886 617 392 16 448 99 604 175 178 963 993 445 394 470 255 553 115 864 681 330 434 895 763 530 36 759 324 378 241 569 209 692 57 141 789 843 628 960 340 791 449 840 95 184 199 108 424 951 18 102 935 295 320 582 713 778 654 856 558 382 773 825 451
86 385
500 663 172 566 318 313 110 994 421 829 358 674 948 47 55 374 516 68 218 313 770 135 376 754 214 586 573 551 936 260 665 19 843 157 890 694 403 621 376 946 585 777 208 825 565 975 731 769 616 685 352 521 593 102 573 47 326 945 495 44 117 3 969 474 348 365 164 563 804 759 926 23 695 748 931 295 377 425 662 331 414 13 557 97 218 604
25 209 402 938 156 338 738 374 868 354 666 562 899 37 218 597 645 69 579 770 862 640 314 363 188 663 777 484 973 675 912 177 122 380 248 433 364 469 554 698 300 612 801 748 532 375 575 567 945 742 119 725 456 6 394 102 380 21 785 370 997 849 558 445 474 126 880 321 928 699 924 143 403 810 687 959 329 244 947 872 625 631 37 778 152 693
18 594
165 90 518 428 452 204 782 49 817 439 465 184 809 199 301 48 900 656
644 156 405 928 895 920 304 111 432 880 714 882 260 625 506 616 181 207
52 385
308 971 486 80 39 17 539 871 780 290 883 802 542 478 964 581 626 472 157 719 813 23 596 242 448 589 736 646 834 112 99 737 348 479 127 592 426 545 216 303 523 882 975 397 359 506 749 953 342 409 461 753
170 586 394 402 108 143 11 136 318 468 766 835 893 533 253 22 12 272 529 446 2 581 916 920 744 345 598 304 767 295 375 622 387 543 251 689 668 627 95 952 820 718 525 420 593 982 222 983 251 852 879 6
63 322
543 403 326 475 732 898 817 28 859 932 497 677 96 79 420 760 289 934 10 2 803 389 455 574 689 373 175 553 88 406 92 339 117 20 495 723 549 534 855 820 469 501 726 665 322 473 910 993 635 741 498 345 297 784 533 977 473 9 469 840 520 544 296
14 531 426 585 294 329 47 21 140 184 711 169 917 242 788 910 366 119 544 11 773 440 214 571 518 844 612 1 51 721 198 314 292 904 836 51 250 860 380 53 852 814 380 800 976 183 449 139 551 652 645 358 114 546 258 727 820 269 212 562 475 160 289
39 639
354 357 962 304 127 135 991 481 330 767 558 822 793 299 100 940 373 221 134 135 198 761 20 677 285 296 922 123 877 692 86 161 781 948 759 677 655 367 822
318 125 133 413 26 44 113 152 692 803 267 907 424 118 72 202 495 993 999 161 658 427 261 783 228 420 560 640 65 804 652 550 284 481 303 553 631 708 84
55 56
64 997 627 9 623 165 597 392 399 921 555 731 599 71 121 638 751 211 857 286 773 250 284 428 497 662 262 435 387 53 128 49 282 411 205 655 87 201 842 601 201 340 191 496 750 124 6 702 742 504 396 704 140 139 412
666 122 720 798 287 192 890 428 158 874 642 218 468 83 515 895 886 862 779 79 265 579 342 995 203 660 926 354 543 726 570 501 452 732 255 749 35 866 868 852 343 378 581 829 199 18 740 82 845 631 827 517 461 445 651
96 279
82 130 488 49 899 267 10 536 564 976 785 473 207 303 981 929 646 820 908 175 159 342 329 933 956 750 387 112 268 869 854 655 307 252 593 98 98 396 233 298 382 14 525 117 973 125 366 188 792 67 83 171 737 369 102 427 991 823 996 95 575 232 828 326 444 611 881 144 392 39 386 522 203 954 743 453 131 628 126 848 908 721 564 685 637 798 31 681 990 585 887 677 636 663 477 659
163 32 651 151 666 873 207 954 351 56 127 94 537 567 907 121 739 822 378 321 307 438 918 834 737 931 552 643 22 131 237 958 979 539 582 229 617 696 305 628 893 334 179 243 482 201 669 617 517 609 404 93 782 112 332 125 556 706 727 570 53 884 107 763 402 287 369 143 231 347 639 474 70 726 218 899 502 566 344 987 438 790 703 730 870 522 998 608 916 666 159 328 355 97 178 748
84 407
563 259 837 288 62 501 490 360 738 972 549 472 816 210 7 231 997 669 763 537 804 204 874 615 207 82 731 338 80 693 522 3 430 255 52 131 909 331 962 745 785 936 863 823 920 827 175 608 236 908 14 204 161 527 157 788 941 773 139 837 619 771 136 774 971 299 576 515 951 486 641 975 118 181 346 258 265 285 797 312 538 882 640 750
974 595 53 541 702 242 718 439 444 563 856 672 973 270 223 202 708 341 68 285 398 1 568 430 74 938 476 405 686 895 41 289 605 930 783 858 441 922 367 799 341 562 977 443 210 145 522 735 512 36 117 726 19 369 838 921 205 715 661 972 842 246 769 10 898 164 251 329 772 990 65 831 710 884 539 219 529 93 896 133 864 610 772 134
65 805
158 566 811 578 660 724 45 461 9 882 853 711 266 139 992 306 370 837 725 13 929 424 993 369 465 12 746 222 295 572 604 358 777 535 634 827 858 329 849 20 774 820 638 908 108 233 604 685 389 825 76 793 130 992 893 73 142 835 773 943 344 529 823 145 606
513 472 307 590 998 584 758 642 592 811 501 937 169 180 816 291 413 493 641 470 404 566 372 323 864 267 890 624 819 983 374 593 553 613 669 34 748 416 130 464 173 757 671 46 223 990 279 891 114 364 407 728 541 535 415 72 579 174 306 977 116 821 77 175 619
22 802
459 46 813 121 736 903 311 867 815 186 57 689 651 986 800 554 1 149 706 993 950 576
479 984 932 490 209 425 297 774 707 953 816 597 974 446 767 250 752 510 231 821 33 305
57 928
798 662 528 502 388 168 440 375 206 696 423 654 368 929 331 606 308 289 109 518 522 477 334 259 203 59 256 679 261 59 784 686 96 670 601 896 104 793 879 916 473 646 181 75 650 581 925 104 533 15 382 303 384 836 170 921 831
383 441 849 613 884 507 184 710 835 855 185 124 442 972 844 390 106 472 621 441 747 158 657 678 853 1 712 905 970 415 681 143 501 518 265 468 529 657 544 981 444 379 763 498 628 261 231 265 778 146 955 75 757 687 696 784 930
61 412
41 879 332 403 697 597 870 266 992 673 54 330 113 374 437 566 822 768 611 184 694 847 962 487 554 336 655 292 101 468 948 700 40 744 548 70 624 189 233 475 743 479 510 812 115 930 169 519 180 744 709 376 606 710 278 850 166 722 396 483 268
241 880 250 11 142 341 871 231 826 387 278 399 601 838 931 156 737 685 333 568 491 693 829 199 885 989 379 832 878 762 116 410 562 21 519 153 104 40 389 30 234 378 969 808 818 71 72 30 287 635 630 769 407 270 260 833 483 681 520 274 337
95 606
350 557 540 105 405 180 107 106 178 918 564 425 770 978 595 599 527 857 943 597 587 321 943 2 496 977 921 678 419 628 642 121 791 843 559 561 248 639 253 737 524 990 191 428 872 792 831 379 549 544 695 100 110 528 556 340 546 869 919 750 852 743 880 119 794 451 545 54 616 818 287 960 368 936 22 380 357 847 200 836 449 316 176 400 473 310 247 731 318 939 945 59 681 10 912
395 654 309 582 11 541 818 189 689 190 467 25 48 564 505 416 437 797 212 245 387 102 544 712 745 573 112 172 632 36 359 530 437 644 551 188 641 970 814 625 418 656 850 258 947 787 729 395 178 638 937 708 815 468 979 39 201 518 468 493 104 450 210 600 15 683 249 341 269 117 714 732 714 900 581 141 745 102 824 996 694 613 371 730 658 846 648 90 160 828 210 554 927 724 872
83 493
277 302 946 645 360 112 717 639 552 455 983 60 581 675 296 197 338 570 834 111 866 414 568 594 158 19 694 288 892 558 61 808 532 729 575 606 314 338 265 675 421 357 767 849 867 272 401 522 723 903 810 820 72 862 391 357 187 234 430 133 356 621 872 365 140 894 872 645 894 806 702 111 497 466 120 3 436 997 118 556 22 499 342
166 986 753 812 122 7 540 534 949 395 440 623 517 419 741 149 844 479 493 194 799 945 91 906 209 565 406 238 86 603 22 496 900 970 265 238 80 588 117 252 920 873 571 428 770 171 447 537 955 923 278 548 427 70 605 643 555 436 225 439 836 970 819 509 108 855 447 564 306 362 382 151 768 578 666 796 473 53 269 742 664 410 885
2 21
929 64
762 995
93 233
662 709 747 484 734 201 396 482 320 767 368 830 237 521 578 705 474 706 87 877 160 653 905 606 72 341 327 282 580 439 799 288 325 940 634 581 257 646 905 723 565 707 9 308 628 278 151 984 79 218 82 869 189 56 549 199 964 1000 638 998 551 686 162 647 290 443 200 366 101 261 69 841 173 101 744 351 639 556 488 266 772 496 801 669 371 286 526 238 807 566 606 582 928
395 973 395 400 683 188 880 592 669 738 456 896 229 720 624 32 264 744 101 618 132 589 419 187 667 559 831 649 695 6 313 879 16 843 602 164 291 525 261 928 398 141 751 919 941 40 771 936 918 992 228 599 16 342 311 552 947 479 972 325 120 861 479 458 724 638 266 732 162 243 792 112 101 815 2 492 575 207 388 358 804 103 571 994 912 955 401 879 285 422 303 1 909
10 735
754 310 436 209 682 767 937 104 741 443
290 528 203 867 114 932 710 202 882 186
3 434
998 505 558
406 845 232
79 608
588 360 994 804 758 811 667 746 272 652 213 228 921 342 40 131 135 659 74 65 105 728 276 427 940 560 266 896 19 60 299 197 370 462 419 431 275 929 964 806 124 733 563 97 397 881 37 839 579 343 244 450 61 697 327 294 845 540 961 831 621 430 699 926 49 125 913 258 761 24 794 514 828 838 313 410 439 85 980
490 229 882 374 507 631 190 212 715 178 322 739 213 106 138 99 570 840 868 794 650 763 178 647 701 755 738 711 993 632 146 271 30 915 673 56 892 662 955 59 528 527 532 903 235 572 659 96 680 225 399 497 975 72 167 262 315 857 640 7 780 858 8 298 482 429 19 566 647 57 535 289 302 782 354 416 114 100 841
35 123
816 809 983 141 998 847 650 313 364 240 215 1000 73 921 150 570 65 281 617 264 628 819 473 72 647 292 366 322 822 801 440 878 868 149 518
781 153 641 254 58 144 663 212 415 571 48 411 880 200 649 906 748 894 72 694 210 927 406 383 803 364 886 300 950 307 700 509 739 859 818
12 263
955 238 363 656 470 234 695 674 126 463 603 561
294 892 523 361 198 880 199 740 652 178 688 132
68 199
33 695 945 218 19 507 531 232 281 785 445 612 952 249 822 555 231 207 164 502 958 943 573 328 806 3 622 238 338 991 407 641 451 504 208 334 801 6 413 615 944 57 932 450 316 422 458 295 117 47 226 918 266 9 11 469 70 244 192 94 262 102 141 546 456 635 60 172
82 599 63 294 961 373 422 856 869 628 275 222 482 799 116 207 140 664 130 700 772 629 974 980 807 565 334 611 128 732 711 754 388 305 303 948 904 734 43 575 710 732 782 682 492 151 923 243 667 262 506 968 311 589 718 602 679 156 908 956 266 667 932 437 871 952 809 407
87 833
357 917 659 260 605 806 574 97 724 862 382 973 936 818 448 315 815 709 534 516 478 735 823 699 950 720 818 977 952 378 266 915 418 637 484 916 186 43 368 939 515 432 447 647 72 161 352 417 749 10 347 946 337 359 542 21 892 753 367 127 60 586 704 302 325 326 274 799 428 482 27 702 934 681 742 484 557 506 346 762 397 29 965 791 614 79 745
831 103 98 315 854 741 999 330 222 151 677 127 603 616 556 652 744 187 740 427 720 527 563 901 4 242 211 760 222 810 550 114 541 883 491 378 903 867 289 946 842 456 73 503 588 731 690 520 123 808 513 739 967 634 807 139 48 76 611 923 294 613 114 693 766 510 976 610 825 971 261 550 25 661 282 372 134 480 283 600 253 424 978 587 694 716 851
77 172
922 30 964 265 86 581 570 420 558 470 172 13 254 961 593 929 382 249 217 413 767 26 356 127 923 247 131 204 391 67 453 229 606 965 839 186 34 535 516 167 198 844 627 421 256 664 361 266 98 958 46 943 471 605 564 283 797 244 65 341 827 38 504 599 239 145 319 760 353 202 50 600 18 593 71 694 197
690 101 736 554 880 567 959 183 124 259 418 205 543 4 879 907 225 730 549 435 385 683 652 314 566 771 888 453 395 642 782 918 458 612 339 17 193 710 269 589 273 248 919 252 598 52 749 201 975 279 492 866 343 499 353 18 450 521 690 374 987 603 744 97 386 250 87 187 732 130 345 866 61 997 36 356 66
39 473
296 955 904 486 876 924 756 859 131 940 755 207 121 678 324 489 877 864 702 149 237 43 906 139 101 85 54 924 44 325 675 398 533 41 962 352 752 939 556
705 15 351 43 375 311 605 243 435 89 754 562 287 453 765 974 506 825 563 217 110 423 819 852 318 550 91 208 639 287 265 267 329 250 94 26 325 846 653
62 268
647 316 8 290 957 796 514 720 991 173 970 455 147 866 332 526 318 615 423 43 955 174 443 758 354 603 648 476 749 987 251 475 823 950 750 191 972 249 824 205 333 566 752 408 756 501 602 247 611 633 626 922 469 68 803 779 352 426 908 608 437 758
735 832 562 700 742 347 882 663 184 190 702 178 815 254 325 100 340 885 206 630 685 399 248 186 656 331 366 494 538 891 714 438 871 382 99 664 386 537 926 310 683 66 293 839 146 652 661 676 551 27 464 950 410 426 776 241 173 773 634 596 441 218
64 536
71 443 530 830 324 750 900 637 324 983 102 744 678 921 883 511 688 923 380 959 55 488 873 445 459 926 297 778 853 37 307 501 440 998 412 380 169 387 529 335 406 317 622 548 946 973 526 783 106 569 101 837 76 424 484 799 77 789 497 404 934 869 308 276
159 954 433 70 204 683 572 580 808 539 480 135 962 337 709 471 800 1000 706 715 45 964 352 655 968 689 625 709 756 389 305 976 434 222 816 268 715 51 749 371 263 721 33 693 920 81 837 128 590 395 81 455 72 340 880 176 296 735 273 46 498 630 989 629
32 581
945 445 924 515 706 85 536 730 195 112 43 691 206 298 537 262 929 918 186 332 368 308 45 26 438 442 295 923 487 446 966 878
129 654 34 371 630 317 280 59 928 815 250 986 68 431 257 766 706 926 496 53 217 302 491 269 754 294 366 593 828 118 688 525
59 846
221 93 131 734 628 644 602 69 8 321 199 604 222 734 965 619 99 698 388 665 93 554 937 538 696 312 224 509 829 547 288 821 55 836 810 392 554 273 136 11 142 485 706 137 554 129 997 99 269 550 57 779 139 743 951 971 6 509 846
17 163 775 469 272 906 999 355 484 31 676 678 808 330 75 524 299 212 58 869 959 957 871 574 73 928 653 717 856 420 877 134 798 106 732 179 627 922 530 950 539 291 802 724 721 914 866 793 486 195 272 535 454 353 739 402 207 661 25
16 8
250 169 672 768 169 144 814 123 123 293 954 257 128 211 34 472
25 311 264 177 830 128 937 805 623 417 713 971 535 82 809 762
42 714
401 394 270 975 704 216 938 809 482 384 748 279 585 832 126 608 596 70 248 35 791 657 889 546 94 363 253 978 801 641 754 610 628 555 327 299 955 556 118 807 797 200
57 309 765 456 453 310 329 742 927 194 512 651 839 805 304 353 639 967 834 199 929 689 760 272 737 652 179 36 54 466 834 253 502 661 686 765 458 707 445 964 698 175
28 560
944 506 363 816 690 169 262 886 591 876 891 388 700 55 723 655 540 578 653 737 391 193 66 697 738 989 120 125
562 217 886 247 284 979 280 519 268 82 298 389 980 199 476 332 858 762 713 823 647 478 902 956 865 286 624 48
15 868
376 473 526 682 279 58 398 453 434 683 437 290 451 80 476
197 304 975 41 576 293 351 160 88 77 152 565 904 141 148
24 176
507 675 232 980 508 648 359 546 898 777 277 947 124 314 787 424 294 477 957 716 871 223 337 839
374 721 549 795 771 850 726 571 349 275 65 77 370 577 121 260 387 821 268 230 427 250 685 418
91 163
197 319 923 374 83 645 543 425 983 251 128 431 730 735 356 399 866 94 503 730 817 541 681 890 886 225 182 445 543 873 12 242 594 548 526 977 463 395 393 814 351 13 665 257 478 571 395 144 304 980 836 848 799 16 789 424 909 68 481 638 709 68 16 665 836 532 942 605 643 791 588 136 70 893 938 457 693 334 584 504 271 264 892 342 426 173 380 343 152 615 795
850 316 732 708 13 682 987 933 372 232 167 753 674 84 962 382 19 124 176 724 270 822 516 807 529 380 335 847 151 860 673 897 946 465 162 567 847 838 923 633 960 432 414 32 217 892 834 943 934 175 43 223 920 931 470 830 50 3 506 703 598 845 700 253 106 906 145 23 195 506 248 951 667 907 599 420 79 913 294 39 665 713 925 279 476 742 958 822 581 853 638
43 994
853 834 705 406 61 998 2 118 728 370 42 570 607 419 340 630 340 850 722 345 643 260 817 2 204 960 228 578 711 23 679 789 287 349 431 97 533 501 817 58 747 402 633
256 270 418 763 697 581 504 995 215 348 348 215 594 951 905 420 965 506 90 652 909 865 936 856 601 49 726 923 321 350 130 540 977 68 218 417 956 518 310 608 695 425 865
90 773
64 656 652 738 175 717 925 36 318 371 170 534 35 783 643 20 917 494 141 674 515 938 907 307 942 682 633 45 747 488 942 943 505 605 438 331 895 502 16 70 803 33 852 379 357 692 397 233 879 426 99 859 79 769 572 13 462 865 240 528 553 541 475 426 300 799 146 526 265 789 351 519 74 474 395 71 521 605 839 85 43 718 354 442 755 423 543 140 228 350
877 424 40 654 6 371 294 221 843 543 69 19 772 757 963 569 551 444 867 476 985 191 233 664 654 703 496 259 872 42 373 961 884 204 713 456 87 968 40 848 894 461 743 468 970 345 345 562 997 532 117 960 446 292 281 767 976 158 241 414 925 284 519 638 710 360 90 11 939 760 216 1 864 370 627 84 731 122 570 324 134 506 854 879 425 815 381 553 113 335
39 485
991 911 119 555 101 973 950 195 68 597 905 346 758 97 919 907 780 277 851 398 215 185 294 18 868 986 806 738 161 411 2 29 292 885 546 310 315 639 20
734 290 616 984 452 189 938 799 755 812 439 3 901 794 315 788 190 214 626 66 155 715 10 702 831 819 460 604 374 867 325 500 4 848 388 646 946 589 436
