48
59 718
830 611 336 136 48 52 260 581 397 861 286 586 180 271 446 20 563 422 697 629 749 210 190 766 713 223 313 763 879 761 332 528 211 476 486 193 926 100 397 563 106 843 547 431 82 709 531 17 191 682 146 532 293 505 338 221 935 484 690
387 366 959 147 767 65 517 3 260 122 206 528 88 9 708 222 664 198 795 883 728 929 729 634 938 478 463 601 272 444 552 102 872 827 335 981 407 165 110 455 386 830 420 645 240 339 612 80 907 595 765 277 276 72 261 251 973 686 676
95 684
46 660 349 193 133 408 333 912 311 358 901 855 290 307 138 219 355 186 59 460 651 438 929 989 33 701 835 187 817 907 519 652 956 920 920 260 804 292 343 311 499 49 204 350 579 226 91 409 897 574 121 633 344 594 918 699 784 307 756 170 904 616 384 526 473 680 964 602 13 107 57 131 497 739 482 499 220 419 265 114 294 669 934 350 358 159 685 679 197 531 937 790 636 893 768
591 120 79 211 44 334 642 571 198 804 911 167 972 248 446 592 138 986 471 417 600 805 222 796 880 964 83 356 146 134 700 521 271 624 151 183 738 621 476 503 960 260 796 64 756 432 681 293 553 370 218 328 801 942 752 992 405 560 764 571 507 445 327 280 97 298 399 66 344 776 931 558 3 773 536 466 114 757 794 40 991 151 944 799 662 619 291 293 836 28 565 732 679 658 260
46 483
180 535 217 5 702 4 920 213 470 72 25 179 125 206 227 807 266 763 203 233 618 882 884 565 115 516 80 681 168 75 92 356 661 163 264 197 537 305 997 308 345 863 364 188 366 21
192 928 750 237 663 102 672 725 155 452 545 549 853 770 548 324 214 946 273 836 806 750 889 202 870 799 811 427 325 889 471 844 231 198 561 626 94 195 720 837 961 782 882 80 46 486
32 392
149 436 327 469 740 909 971 174 618 221 568 146 897 15 266 609 293 933 314 53 97 353 99 841 227 35 536 750 843 46 194 405
97 514 900 9 896 267 716 720 267 256 474 494 629 862 166 941 392 309 684 307 208 381 202 256 424 593 303 689 152 777 893 535
47 195
934 797 607 467 402 517 641 848 629 309 49 586 347 439 270 137 330 818 760 968 62 947 172 584 237 523 109 449 6 273 992 734 557 148 238 425 663 121 936 97 12 679 983 614 96 790 683
96 19 399 958 642 713 94 412 540 226 594 481 548 247 950 746 572 10 977 757 364 304 445 95 608 267 944 308 338 778 19 767 216 671 321 659 526 111 699 127 106 950 252 470 273 454 217
99 453
699 132 188 369 24 954 471 960 187 283 838 302 325 287 159 81 442 370 814 842 749 46 46 213 417 990 87 205 755 199 789 52 367 894 759 486 801 241 354 637 370 309 887 165 917 402 630 762 440 123 264 74 350 759 161 953 589 282 414 17 155 606 98 901 671 394 738 751 113 163 339 221 220 753 966 583 382 510 321 458 141 115 150 988 469 214 276 438 985 395 441 13 502 410 61 410 360 272 977
422 957 405 209 368 656 474 684 844 334 509 924 714 868 283 380 430 68 227 339 400 716 125 738 487 641 419 204 409 326 619 30 551 542 724 880 474 227 337 155 369 651 937 873 225 880 281 334 558 164 182 983 728 883 169 236 129 95 465 861 553 812 161 910 127 839 154 368 660 675 351 407 301 308 970 219 789 826 294 341 379 122 556 313 374 645 211 194 815 173 955 241 411 926 731 938 134 852 122
76 67
883 628 89 340 78 808 384 749 834 467 725 651 541 969 82 497 276 392 545 356 361 486 567 715 109 719 496 454 905 288 150 10 95 689 560 759 399 653 9 44 185 260 172 357 449 365 537 274 959 612 609 146 845 588 924 794 941 940 662 579 434 541 415 592 27 154 171 453 144 791 292 993 39 948 710 898
794 126 841 767 170 786 731 903 699 341 111 128 230 694 382 524 814 454 960 98 491 353 777 629 67 164 725 574 942 998 1000 822 558 295 152 159 337 520 487 876 914 552 69 560 205 227 117 63 703 30 192 553 446 888 857 456 266 924 434 667 820 843 414 756 640 476 881 374 634 195 689 805 243 846 711 729
48 193
150 820 770 989 351 152 659 7 550 21 966 162 257 776 611 786 682 208 593 354 696 565 400 307 755 967 943 422 446 105 784 615 450 864 475 349 547 236 893 994 933 908 286 426 559 936 348 413
140 494 868 528 971 63 205 705 147 633 545 434 658 913 987 957 747 744 643 978 38 928 865 619 207 815 478 848 823 830 359 668 603 912 496 776 879 305 11 537 715 13 570 580 345 489 81 442
1 541
850
639
13 361
430 176 554 240 753 557 356 429 586 590 315 696 558
392 899 781 219 291 142 614 476 643 231 186 171 454
60 330
164 82 541 163 289 722 253 208 546 76 746 748 995 814 460 743 960 259 769 667 919 868 786 153 945 410 539 64 329 760 91 888 673 887 437 80 422 501 736 622 806 207 101 298 512 808 325 717 779 547 339 659 347 10 334 763 333 987 875 466
952 811 60 563 918 467 363 656 451 326 339 544 492 241 467 710 61 906 713 862 658 782 697 302 326 800 533 716 515 517 889 305 63 456 409 142 874 439 442 666 79 214 396 926 229 912 452 279 375 540 354 422 125 960 775 498 957 372 212 153
90 144
501 686 370 934 195 929 565 520 337 624 961 53 839 462 747 946 932 150 286 577 566 460 931 794 238 198 470 411 528 123 299 486 107 137 369 390 539 458 712 773 140 17 577 956 442 652 298 850 655 648 461 97 1 283 747 417 984 647 793 76 952 209 230 309 286 459 508 128 972 625 463 923 623 334 993 299 979 528 625 921 491 569 561 988 30 539 868 596 74 935
37 107 945 124 109 789 341 976 962 873 607 901 382 660 826 930 883 119 707 244 194 482 584 28 710 131 48 976 599 736 37 914 300 738 389 330 276 392 321 732 466 3 663 904 472 64 151 792 746 502 654 38 63 631 347 423 660 14 19 402 935 726 215 126 58 984 494 798 696 975 519 225 926 861 244 809 70 944 779 686 609 644 94 414 830 494 630 474 71 42
90 548
587 923 853 74 360 414 321 900 682 998 103 11 7 479 75 266 705 653 960 737 657 625 946 336 222 858 582 73 547 339 182 507 340 871 895 580 946 586 936 909 887 364 349 834 401 240 77 316 370 909 723 594 552 399 210 504 174 212 963 709 429 682 420 701 762 697 744 124 650 413 266 610 687 36 898 248 130 277 935 498 779 331 956 446 340 174 306 862 272 762
453 604 1000 35 198 421 233 644 387 560 373 390 172 708 194 904 494 956 336 879 19 385 994 854 2 414 256 426 224 109 509 183 833 19 850 312 79 756 818 427 135 711 769 841 456 672 94 295 644 27 237 30 213 98 755 220 876 966 423 251 896 751 482 324 113 652 696 178 624 641 797 673 518 840 491 98 355 265 497 87 19 390 354 212 659 1 269 39 608 966
11 66
800 941 793 685 240 269 713 500 36 11 11
692 786 350 56 590 250 190 448 906 475 444
85 443
633 342 415 100 681 571 188 54 946 930 277 662 529 344 805 462 1000 345 717 815 250 437 846 649 167 206 529 971 122 378 921 846 911 151 122 969 650 39 177 588 84 758 311 833 687 25 194 289 331 288 68 854 911 234 654 966 309 78 158 898 462 207 342 733 198 6 832 896 982 372 524 328 7 827 441 265 868 695 363 476 561 216 493 739 850
362 602 884 628 793 910 70 216 548 960 395 423 304 298 247 131 17 220 119 293 625 548 724 763 364 740 698 428 968 434 982 352 371 940 742 283 169 659 789 666 227 149 727 438 641 537 443 131 407 347 133 512 230 905 843 996 535 296 832 632 904 254 928 318 668 836 288 88 770 548 658 573 595 369 890 392 249 465 715 707 2 314 280 340 672
25 109
695 972 741 518 978 530 871 54 437 296 708 672 625 26 807 836 850 510 118 115 797 79 849 452 745
410 928 758 235 642 384 65 117 869 227 658 656 360 733 494 757 769 190 14 599 611 795 755 472 508
57 275
748 192 544 90 268 494 115 244 6 93 594 605 96 690 847 758 739 283 722 854 781 959 410 271 99 769 112 663 506 360 596 524 531 600 482 994 548 696 985 133 423 975 340 393 890 859 623 203 18 731 556 919 34 403 136 931 317
665 605 419 89 411 199 494 367 833 946 912 890 928 933 536 894 998 349 367 77 254 472 889 536 341 447 432 62 764 543 848 900 757 659 262 661 717 709 775 808 219 880 888 280 452 219 900 25 789 834 394 472 355 303 792 577 183
78 842
805 523 659 900 943 207 425 199 792 701 414 71 21 901 817 548 45 138 94 817 84 86 596 866 170 382 772 564 694 780 635 246 588 494 130 97 30 476 218 828 879 508 510 791 452 647 732 148 481 719 840 483 68 653 484 938 998 257 931 882 318 633 345 943 147 619 184 314 958 850 198 8 460 299 30 302 939 922
527 676 565 214 68 174 499 667 303 390 960 751 390 68 462 649 982 441 118 790 27 404 947 676 510 510 770 514 510 899 963 851 884 988 220 723 770 586 129 881 635 735 765 575 760 73 320 715 347 616 41 628 933 249 698 671 82 734 929 564 36 432 114 598 431 600 533 640 578 103 371 138 327 422 334 729 204 271
54 655
599 244 463 227 285 68 417 921 556 791 543 297 655 72 400 292 188 643 151 687 530 837 930 281 926 861 100 387 665 375 454 718 608 89 724 4 960 212 98 985 246 814 559 669 892 570 657 678 84 166 94 557 123 34
812 437 333 757 4 461 157 730 803 118 249 750 693 861 204 693 890 817 774 528 693 601 629 569 827 778 326 908 721 834 81 615 801 266 368 426 159 691 710 705 644 239 424 216 620 798 349 60 316 318 824 513 361 134
9 119
666 611 367 21 489 400 318 128 763
515 590 42 301 407 926 569 433 590
52 65
243 191 236 949 534 635 173 628 400 88 405 179 449 426 719 929 71 657 263 347 697 381 138 916 429 609 601 687 47 510 257 146 764 234 9 370 302 382 854 198 266 438 98 501 50 827 587 69 71 168 647 384
815 782 507 424 223 122 574 963 731 248 435 82 944 829 252 9 181 680 798 264 9 909 193 913 198 740 576 446 772 488 12 738 297 153 887 238 601 980 658 144 916 401 654 907 856 401 558 769 879 11 623 26
43 72
789 943 683 533 632 724 314 696 173 719 506 279 214 438 786 321 657 803 40 604 26 29 81 315 358 415 863 288 970 688 591 893 670 813 326 565 38 216 87 733 729 798 691
70 499 251 455 164 637 736 485 442 136 549 863 357 501 829 858 131 281 506 700 887 797 216 184 978 955 121 513 277 796 786 964 689 292 613 98 572 835 669 586 245 298 953
44 295
944 244 221 925 838 926 942 787 491 804 266 276 620 979 576 356 191 97 624 572 685 227 367 100 23 805 94 155 315 201 245 621 606 466 149 673 845 490 239 807 731 104 294 979
318 113 781 266 836 990 927 781 494 496 140 62 83 594 141 375 17 144 984 275 942 588 856 648 357 573 988 933 953 380 358 729 290 503 544 237 908 933 473 253 160 526 838 390
26 539
932 796 475 579 618 964 23 123 373 279 878 570 910 497 257 942 118 539 719 66 745 739 14 137 285 121
40 279 831 348 184 92 572 141 290 743 109 947 96 128 800 213 6 996 648 501 913 811 304 949 670 533
50 608
207 20 261 587 266 218 53 516 987 856 939 513 319 615 660 192 860 427 314 260 40 476 935 297 132 108 35 606 317 24 204 996 514 883 519 612 848 384 739 742 545 816 129 813 267 93 286 344 747 851
555 487 171 124 836 974 522 163 571 286 762 224 377 904 466 954 84 931 578 552 811 858 576 151 54 131 358 884 166 770 895 857 729 23 666 446 847 270 405 879 459 521 9 912 763 685 246 646 888 869
14 369
229 3 207 516 32 290 282 23 37 7 900 494 284 148
118 119 126 654 960 831 638 719 810 407 599 189 334 59
83 122
301 128 840 710 754 977 755 459 743 50 418 94 170 697 609 733 272 837 802 288 569 476 834 6 670 120 746 30 825 908 684 772 253 273 300 108 859 313 286 692 582 977 796 538 702 741 498 174 314 817 159 817 540 619 582 925 553 331 860 300 995 299 679 508 868 70 692 339 400 176 993 179 212 229 705 70 769 490 456 797 25 603 65
137 426 583 766 995 241 344 38 892 520 93 668 5 414 720 116 741 568 879 394 736 969 940 376 893 632 446 156 210 320 798 642 373 604 563 144 138 868 91 446 949 738 861 825 868 973 867 448 97 55 490 345 95 877 879 1000 545 2 759 561 87 54 10 848 416 181 937 569 333 723 973 592 369 766 798 249 831 943 760 477 309 220 54
82 294
182 720 79 841 455 437 391 608 10 703 345 422 481 607 411 13 359 400 611 872 83 395 170 127 402 255 833 492 504 5 181 271 348 349 480 687 123 340 886 864 705 471 24 114 123 80 978 277 475 38 366 411 268 932 989 783 617 931 283 508 120 840 443 388 420 490 705 820 604 319 227 607 146 736 624 653 272 367 764 90 148 860
748 3 153 597 821 830 402 704 827 254 953 987 690 325 634 773 321 540 63 847 351 565 529 672 911 87 673 734 190 268 753 577 296 584 82 979 39 830 999 749 130 150 481 320 895 382 501 438 78 918 495 361 562 182 536 5 66 260 361 94 523 49 768 491 424 582 506 21 648 165 567 843 616 708 439 840 455 297 508 105 454 453
53 878
371 420 328 802 299 386 279 340 935 746 988 883 349 954 522 760 819 689 962 533 483 363 923 436 398 754 839 979 792 418 976 436 378 831 890 453 997 193 704 148 354 784 359 471 104 294 676 875 140 8 58 255 596
721 357 688 165 654 17 989 153 45 838 332 484 742 589 142 213 664 679 177 523 479 168 395 629 141 794 804 474 180 142 892 342 524 995 852 990 368 16 86 457 890 6 530 79 900 847 148 23 787 356 163 781 618
76 835
378 631 15 376 910 604 387 395 657 504 164 746 175 975 538 739 714 399 138 431 981 444 13 323 950 361 786 335 583 964 48 146 478 75 465 3 77 397 36 795 184 571 856 306 552 68 62 236 893 299 51 482 776 605 796 436 476 750 16 633 962 514 416 710 920 39 486 875 846 707 16 491 336 434 955 961
141 944 462 124 427 318 561 64 626 596 906 710 618 623 722 912 920 361 197 472 89 924 812 589 677 206 737 515 660 692 286 538 236 120 568 968 146 336 778 796 78 438 358 661 559 305 589 396 468 61 75 919 355 650 859 426 958 355 473 273 315 625 161 302 163 512 360 495 445 724 424 104 21 469 771 663
90 391
583 133 381 55 663 263 89 933 122 152 861 565 111 397 668 954 644 179 963 820 947 7 998 381 115 654 508 923 241 417 530 220 645 502 377 882 801 759 662 498 415 959 446 213 974 430 648 151 203 816 212 877 774 329 98 212 624 473 245 940 806 858 156 683 673 297 614 372 488 239 765 710 403 822 246 264 795 852 339 217 350 209 719 189 917 463 65 594 439 877
631 994 674 815 390 379 89 866 875 115 776 586 521 831 31 358 587 824 384 104 309 870 286 153 1 486 751 484 407 385 173 867 431 122 230 512 371 526 211 386 692 247 46 414 664 472 320 890 3 421 456 109 897 972 24 319 976 362 396 360 758 533 400 449 994 755 873 956 47 585 563 514 588 44 71 373 216 668 195 914 310 822 86 71 658 29 255 612 444 797
15 266
431 750 962 233 865 169 843 657 920 675 459 527 166 233 255
483 348 595 289 661 635 943 36 193 977 530 781 752 535 734
92 437
564 527 577 390 232 419 901 289 954 195 937 462 793 551 219 555 283 809 953 54 103 341 740 437 107 1 900 168 396 527 242 768 142 356 379 352 615 665 147 327 957 705 73 36 843 316 649 728 307 335 750 342 136 364 747 702 981 315 449 233 490 839 364 744 553 199 307 63 982 828 632 551 790 481 339 403 290 867 789 488 361 83 32 468 911 525 560 519 825 837 753 444
374 52 807 981 106 730 811 516 706 209 414 114 999 9 813 697 431 148 653 452 634 193 329 915 388 947 224 345 874 747 420 734 119 92 321 453 777 780 237 984 110 147 670 195 442 193 320 73 272 170 780 105 470 576 14 866 194 407 278 530 869 254 500 258 666 409 192 572 353 44 220 604 544 140 308 7 508 944 531 733 258 93 33 457 749 819 169 991 32 554 554 815
35 860
962 376 646 532 924 29 945 653 867 363 479 268 77 163 288 553 216 280 800 137 674 596 590 820 888 120 408 233 288 56 63 295 507 183 686
592 683 191 196 415 766 907 916 645 306 452 719 78 332 291 91 580 671 133 937 751 910 902 491 498 273 935 681 769 281 498 671 987 870 852
99 302
912 695 324 937 728 812 971 203 1 615 808 518 66 771 366 975 160 729 472 716 570 603 819 865 388 996 67 993 145 258 910 968 822 728 923 184 589 74 141 66 688 360 570 55 680 738 788 714 61 945 927 861 20 278 228 816 904 819 393 346 503 951 603 906 224 485 604 424 902 309 885 529 18 371 749 507 18 894 271 339 552 993 952 39 233 909 530 917 94 496 927 261 646 117 392 685 385 993 856
684 727 438 802 65 993 503 609 481 484 891 857 767 800 265 226 259 30 388 703 631 711 66 895 153 248 583 807 514 199 601 253 758 837 149 456 691 872 687 963 394 77 798 557 432 749 213 73 234 702 682 676 556 23 610 586 122 449 265 903 699 318 724 2 903 401 529 292 785 669 733 363 429 788 623 299 711 563 255 271 476 342 655 175 519 745 940 600 749 52 75 491 208 146 522 157 721 762 156
89 557
998 980 38 836 742 854 333 255 436 453 281 284 219 85 969 551 857 561 426 971 115 574 550 743 715 434 163 88 234 359 130 975 7 490 96 220 850 126 590 107 10 479 53 987 259 362 40 744 495 730 306 617 629 555 248 727 612 283 754 961 850 514 171 886 99 977 303 549 578 22 541 899 324 562 18 162 747 540 153 68 800 948 113 613 202 383 625 683 496
53 760 752 926 762 440 466 299 12 874 306 340 482 861 332 64 449 798 671 538 350 78 430 481 203 945 9 403 803 133 578 345 960 785 444 257 775 893 777 634 339 946 807 74 410 24 130 818 775 81 362 521 494 125 472 806 621 119 816 277 882 627 330 542 23 839 359 474 549 839 558 596 498 432 377 48 252 112 719 326 791 346 334 85 107 652 74 534 51
60 860
684 293 425 972 57 245 833 354 54 879 258 801 595 951 93 74 6 148 718 591 395 746 192 60 33 499 833 834 820 246 514 958 618 327 310 325 396 566 295 579 883 115 905 136 102 203 85 849 742 392 171 432 219 209 93 656 663 860 76 136
867 806 714 252 835 891 452 565 597 585 783 55 663 51 830 843 650 268 615 373 470 760 157 313 333 893 822 68 352 441 792 766 616 266 246 417 989 591 125 417 336 221 514 654 997 89 50 248 986 72 92 505 335 18 246 315 36 269 938 269
28 256
830 748 738 263 906 615 69 852 613 454 601 978 314 30 530 369 612 306 397 84 156 995 605 443 262 359 46 639
25 377 896 913 911 964 966 598 119 207 887 148 652 363 366 300 411 888 172 986 270 858 268 849 535 818 551 501
87 241
865 143 732 819 440 947 247 130 80 64 49 412 136 921 211 155 569 927 414 525 134 49 906 600 280 293 135 370 896 314 862 60 570 898 945 655 485 43 217 169 301 635 489 827 947 184 398 816 236 510 546 484 372 177 17 1000 436 459 343 415 361 343 450 127 97 92 225 520 794 351 899 447 850 78 938 644 358 985 809 910 185 696 196 252 947 493 267
196 267 601 545 572 470 786 674 508 964 659 54 326 297 221 294 621 57 202 762 611 640 49 375 643 174 430 687 571 48 283 12 41 759 716 107 409 291 421 697 271 972 826 91 95 796 251 968 466 250 530 594 400 196 49 406 438 921 8 467 110 755 231 106 547 624 508 746 592 341 627 602 11 598 218 570 882 126 388 537 44 922 496 369 259 883 369
73 467
846 269 736 426 823 240 265 340 218 906 963 851 137 11 463 714 937 63 432 380 980 202 637 490 391 557 659 516 265 823 646 150 195 226 507 840 768 687 541 2 897 252 947 685 644 286 126 960 879 380 737 245 498 807 31 159 894 670 284 445 833 714 145 928 666 580 334 403 655 308 196 562 157
619 820 644 335 996 330 370 4 818 67 306 615 165 510 687 384 547 806 372 863 525 324 246 812 50 219 593 838 400 796 239 806 695 544 183 414 615 118 240 805 863 322 185 387 376 108 898 817 800 756 920 71 81 111 443 914 228 601 757 960 754 981 713 362 667 367 639 207 76 482 741 170 627
31 103
233 361 916 951 468 611 731 871 986 405 803 61 886 697 415 510 958 910 559 227 82 463 307 398 136 292 414 217 900 848 887
824 292 159 934 522 418 813 595 782 218 248 795 799 36 827 831 700 201 522 431 436 856 578 410 151 267 713 445 442 929 965
70 620
193 916 666 384 398 571 855 691 432 225 781 595 31 185 438 472 914 197 972 481 185 885 185 563 871 600 766 438 68 963 98 162 463 144 81 710 198 509 393 190 273 155 138 888 496 558 920 732 619 160 700 148 342 323 345 909 747 42 413 613 372 135 672 776 303 537 6 777 719 14
572 817 86 478 246 303 227 957 927 255 557 597 142 910 830 937 156 181 74 148 436 202 252 686 571 29 853 621 171 682 489 758 216 50 434 912 349 498 809 827 16 108 548 922 254 536 199 271 999 710 991 183 45 841 223 913 283 892 876 980 183 614 469 94 694 877 502 235 569 124
33 551
684 792 201 204 773 309 269 336 340 267 823 229 981 84 86 180 223 471 667 654 574 810 44 657 159 527 933 542 797 813 108 332 218
880 629 374 405 443 199 695 673 662 671 988 806 322 250 160 833 144 282 525 924 131 910 863 260 103 629 657 479 286 24 818 261 320
94 879
514 780 647 570 884 400 495 730 216 936 553 174 182 821 308 646 312 142 804 676 311 236 447 135 809 404 835 741 505 219 162 651 403 603 397 145 800 315 852 677 95 32 148 766 641 958 377 420 638 53 255 303 345 277 600 139 548 416 575 22 898 260 562 266 817 43 638 270 70 218 770 832 120 561 731 21 460 723 515 85 745 574 56 446 635 668 555 923 135 151 383 693 506 334
251 520 347 706 779 314 7 497 429 890 233 723 880 404 345 829 2 298 812 330 410 435 633 162 597 293 324 429 930 392 957 692 558 909 306 557 264 401 526 302 797 908 876 685 218 279 681 23 441 633 43 186 201 111 287 914 688 36 736 398 984 663 353 142 327 768 384 988 401 529 387 981 199 342 543 831 245 385 407 722 317 708 279 257 217 224 450 867 574 133 728 45 749 480
25 591
79 836 686 532 494 367 775 442 264 599 35 220 391 46 554 921 88 69 197 436 301 346 895 823 284
676 483 786 39 888 836 505 360 278 44 948 836 14 640 404 940 689 474 749 422 41 149 806 7 421
59 691
26 806 664 959 669 100 416 68 146 713 622 789 764 679 319 481 376 47 568 977 617 884 756 538 680 608 573 409 185 675 241 549 735 440 206 306 12 114 823 638 11 876 214 830 906 946 293 786 474 269 729 494 204 986 813 563 379 580 257
902 553 419 174 257 213 67 560 321 118 879 942 822 755 92 722 734 904 103 127 980 906 665 74 925 199 14 898 625 567 234 730 370 152 796 541 101 213 186 223 866 37 417 167 327 235 6 782 173 345 624 99 869 775 599 247 672 147 182
47 793
76 263 903 665 611 410 910 744 99 738 430 968 736 793 732 69 497 848 730 213 650 706 49 391 566 849 365 277 715 210 790 683 236 458 193 499 828 64 25 678 978 663 459 647 389 459 736
417 714 797 93 473 933 76 865 145 615 979 808 173 34 737 568 487 625 518 141 215 178 913 784 177 983 378 396 657 173 196 887 918 458 940 251 985 172 605 844 428 326 341 345 522 220 970
99 585
324 318 956 34 611 863 692 261 884 328 878 177 548 131 728 958 611 129 870 306 865 939 645 701 442 256 260 209 14 393 352 992 222 273 705 705 438 180 815 344 897 226 224 724 574 315 41 673 21 813 847 384 514 71 184 653 107 168 399 141 857 559 179 671 738 567 455 81 501 325 428 70 232 180 375 858 553 268 543 288 265 335 545 527 893 220 761 343 992 38 151 41 296 517 449 594 119 314 853
794 8 604 487 107 435 794 40 25 100 432 478 660 197 993 215 143 132 731 277 48 891 329 858 359 667 154 947 72 794 900 213 630 276 66 613 62 152 367 717 27 657 948 433 90 877 258 264 412 970 747 165 802 837 651 730 494 706 993 251 953 15 653 456 299 617 618 886 443 422 323 206 149 18 187 555 819 755 273 522 225 597 294 375 971 300 668 405 989 333 567 203 373 694 664 773 842 198 58
