60
70 171
572 898 628 802 857 908 596 888 308 949 25 241 274 719 557 599 846 481 121 85 491 392 119 605 515 289 642 757 769 531 627 696 238 354 204 836 913 772 417 213 888 817 541 276 542 707 555 257 709 105 528 906 840 496 341 995 637 967 80 542 583 439 406 646 699 355 698 11 302 434
650 643 12 9 544 354 297 363 541 602 322 366 904 267 122 595 233 270 239 696 814 160 206 174 574 581 197 515 664 754 928 518 797 76 229 966 434 313 90 110 710 857 240 761 549 690 509 837 767 889 760 205 300 826 705 992 938 966 453 825 590 251 966 313 905 813 222 155 78 271
12 852
92 744 335 433 215 299 246 771 531 461 934 872
699 873 309 89 253 779 520 215 910 8 361 490
22 815
648 487 93 524 951 466 638 878 839 305 418 212 153 119 950 321 917 748 296 323 210 641
726 684 830 806 744 62 700 946 671 697 822 318 552 271 124 777 824 128 429 253 464 663
46 596
850 523 907 892 523 413 984 269 612 428 160 257 235 241 525 208 76 358 111 770 958 852 240 271 192 265 205 28 510 602 285 885 700 55 383 511 544 744 867 699 895 295 143 721 358 414
436 784 308 359 27 538 214 580 696 395 816 982 909 738 390 665 900 601 114 253 970 312 145 833 435 555 986 491 464 707 957 597 125 968 484 4 573 1 432 954 339 34 427 730 627 209
3 311
937 938 474
941 821 725
94 830
255 970 886 413 452 949 352 669 18 545 850 579 556 147 754 410 205 563 261 312 544 693 583 156 33 972 455 595 184 589 222 787 132 683 381 552 334 972 796 394 728 554 712 49 849 242 394 233 413 568 76 884 608 736 1000 136 209 617 111 21 488 839 229 640 986 203 199 250 755 958 987 96 241 979 961 669 857 748 210 876 939 323 41 842 181 724 333 594 432 951 739 539 539 385
606 6 920 59 180 970 977 919 351 532 244 108 620 137 614 220 821 251 985 40 551 600 122 75 509 723 768 537 320 591 708 186 150 726 754 900 286 180 944 568 12 581 292 881 410 42 771 660 595 18 479 121 111 55 452 657 697 44 202 172 187 128 666 737 609 862 934 955 602 203 669 574 734 640 239 873 401 472 365 280 494 377 478 131 794 185 798 510 78 840 51 18 333 901
68 934
990 28 613 143 488 325 850 870 555 152 686 834 675 565 611 935 918 163 533 109 980 457 782 274 891 50 114 474 47 867 285 668 359 390 625 669 911 21 678 63 791 545 462 865 468 246 845 732 532 739 110 41 32 440 856 975 876 497 224 892 255 405 285 480 764 348 593 24
266 298 551 597 432 490 402 687 729 847 959 806 197 585 733 942 987 734 297 274 888 619 714 896 860 683 109 200 881 407 613 521 372 222 495 360 654 271 893 565 326 550 673 864 303 164 381 795 883 663 276 296 94 164 888 241 868 432 983 864 686 255 545 962 381 709 150 411
55 696
259 558 911 283 747 272 8 463 81 427 794 712 962 950 950 303 548 825 215 3 775 320 515 278 970 30 899 738 74 981 278 883 997 663 571 710 260 348 577 199 137 73 57 639 800 827 64 263 432 125 118 947 38 38 877
431 466 626 2 441 742 9 350 486 541 401 46 730 294 774 96 515 118 643 43 497 609 368 957 195 194 861 852 823 261 540 711 191 779 994 268 875 704 768 69 168 759 314 508 861 517 331 306 252 14 635 41 457 952 896
58 760
52 177 187 644 15 876 668 500 93 589 576 265 428 931 756 632 917 977 294 351 92 829 232 864 894 913 218 645 724 819 675 386 350 114 489 466 629 546 425 699 716 229 770 114 768 888 583 997 647 959 368 798 834 879 988 983 925 296
28 176 36 289 441 734 355 637 231 991 90 996 914 942 764 498 637 314 494 88 693 530 801 180 361 761 207 637 442 286 713 737 456 168 227 85 686 793 912 610 854 713 447 242 572 214 338 927 914 656 300 105 324 515 546 289 789 972
99 16
297 908 140 18 466 758 463 310 603 154 598 490 26 363 67 470 918 272 393 578 99 47 147 761 744 16 272 530 856 747 535 990 277 682 72 958 917 437 323 613 581 664 592 765 428 298 168 723 548 572 607 382 255 910 54 531 194 730 866 306 452 77 655 285 818 674 788 447 693 735 910 399 629 597 308 418 566 442 1000 733 437 125 661 624 959 908 104 25 353 841 645 199 760 337 436 356 431 791 572
594 681 752 184 454 271 147 730 782 64 975 231 321 881 511 843 814 811 352 707 242 746 644 159 626 839 764 558 172 590 949 679 772 73 353 609 171 957 618 209 732 645 248 17 380 143 299 154 467 565 824 704 276 795 665 968 836 66 44 485 706 453 827 719 286 835 393 277 820 858 677 893 108 591 333 325 208 841 41 892 631 324 717 116 683 382 678 979 133 805 80 450 889 345 707 477 213 343 641
76 671
560 151 158 205 924 287 870 790 629 987 146 86 722 656 706 288 592 669 448 939 206 245 67 240 43 224 445 892 13 90 69 881 884 815 804 58 500 56 582 784 784 190 225 425 764 97 892 165 156 860 987 555 252 757 106 152 96 116 880 644 844 311 441 882 515 221 584 954 183 798 191 575 16 511 645 721
7 974 298 558 193 81 419 553 43 373 208 264 147 242 83 76 436 5 77 44 254 204 207 675 19 37 831 250 702 362 371 3 16 772 279 885 872 155 446 601 297 491 178 434 921 134 305 975 926 513 574 258 822 787 548 108 3 109 111 825 749 824 374 423 308 997 424 315 457 791 651 172 710 170 850 660
98 890
219 165 506 429 473 231 634 218 653 163 601 923 225 184 33 607 173 449 183 930 869 7 489 967 669 809 903 890 276 591 373 404 835 513 979 621 46 263 414 919 167 781 412 283 23 717 190 799 233 600 430 203 156 190 611 581 643 469 587 135 835 319 816 612 837 263 166 887 582 422 666 663 133 221 716 452 904 895 85 598 855 974 625 702 144 931 624 110 272 283 708 579 578 708 82 146 712 206
237 949 321 995 557 396 503 831 25 530 847 847 320 236 128 338 217 457 641 702 540 846 900 866 105 389 744 348 903 377 469 619 165 881 73 483 725 92 240 779 380 531 195 915 231 735 442 875 396 900 29 424 247 929 267 562 510 94 87 174 891 1000 655 912 848 699 372 308 755 450 985 716 479 389 976 807 243 592 697 57 513 868 481 77 682 53 508 581 541 615 358 697 130 821 767 26 917 90
99 994
119 679 619 314 888 430 57 239 898 259 114 38 300 777 77 980 542 244 737 126 37 749 931 665 284 311 961 870 759 394 921 442 849 215 996 625 702 277 160 626 762 46 121 832 767 89 958 864 865 543 587 207 257 332 139 807 345 941 341 77 620 7 392 865 992 946 643 949 585 287 570 759 611 967 356 830 647 769 672 246 413 295 525 873 179 774 366 860 148 735 327 679 992 368 926 646 983 485 757
222 572 923 28 666 684 751 78 98 969 176 887 97 149 471 453 897 794 152 448 76 182 618 721 20 738 356 115 651 87 336 702 773 45 725 819 397 385 130 962 171 573 115 195 506 588 100 125 216 881 787 49 779 258 524 267 907 238 628 269 380 166 408 647 306 970 885 149 262 576 193 126 4 910 137 481 799 189 899 252 979 12 158 553 412 62 215 292 127 34 728 639 661 307 78 995 227 532 544
18 7
42 429 735 467 515 774 216 823 583 551 880 764 154 376 767 691 227 122
89 237 664 410 720 326 758 299 934 576 283 201 919 828 661 697 765 746
30 165
988 392 113 190 643 413 265 394 27 891 491 898 484 766 599 927 272 357 351 695 684 769 881 277 211 611 183 566 742 914
705 958 629 520 20 569 845 615 885 697 716 727 38 860 539 563 458 134 333 799 47 70 235 452 250 825 934 883 438 510
38 728
678 334 485 670 899 130 277 744 927 585 874 955 458 762 639 93 627 279 986 615 117 949 587 987 853 521 932 272 712 1 431 462 203 96 354 550 193 50
740 574 151 22 172 504 114 848 229 756 862 689 954 103 302 290 115 731 215 923 362 490 371 426 859 834 461 611 424 552 12 585 993 419 12 14 408 714
86 989
533 286 711 108 892 155 234 31 53 212 943 450 705 28 217 198 892 672 993 993 922 620 867 741 371 406 206 603 557 329 784 701 301 571 539 404 232 658 881 615 761 255 265 490 100 456 800 58 594 912 508 188 678 708 977 414 729 921 382 396 965 959 535 184 986 818 320 587 257 175 135 776 100 918 34 771 644 920 168 200 853 953 541 808 71 908
914 662 832 748 52 214 742 452 512 954 222 535 907 387 332 843 699 46 984 959 975 210 694 655 260 472 611 121 422 626 602 740 205 428 182 802 876 427 201 666 653 905 887 587 174 588 105 671 128 814 400 162 808 254 434 909 141 601 203 674 838 489 804 851 300 377 801 413 941 705 244 479 171 967 292 578 422 741 755 519 703 952 883 527 550 592
36 234
309 364 616 382 220 401 168 371 569 983 923 905 323 957 933 761 661 535 629 465 53 101 481 153 245 920 880 963 519 231 576 202 577 327 67 928
365 440 343 456 67 214 882 417 158 834 440 753 638 910 680 753 418 437 4 197 881 143 103 439 948 10 481 420 133 224 598 511 178 37 515 177
93 828
390 118 689 486 512 511 412 390 362 131 451 283 755 210 177 241 869 854 401 56 267 191 982 805 726 674 222 295 863 988 34 519 195 569 555 30 303 88 621 318 55 239 851 53 381 633 681 474 723 247 750 64 911 992 216 564 680 906 147 155 503 791 92 6 697 917 250 732 557 5 359 689 422 174 661 212 340 804 629 989 658 632 943 829 867 830 4 881 48 331 280 382 599
237 461 851 805 701 932 564 382 531 184 402 125 769 463 675 284 545 887 761 743 42 777 430 449 549 596 3 852 109 360 642 452 766 293 250 540 306 99 833 636 211 328 438 20 340 225 653 866 542 24 601 76 501 774 656 592 569 157 826 505 978 373 900 220 462 945 62 933 588 818 389 442 239 274 957 981 267 324 182 281 142 540 130 445 904 780 883 514 602 790 854 865 230
68 706
559 351 665 275 188 788 26 765 387 782 125 558 287 748 285 819 745 680 963 52 623 915 512 276 861 633 862 568 552 178 135 124 855 10 166 972 457 792 236 385 514 805 532 545 875 681 449 795 739 770 375 749 624 363 453 5 634 161 256 790 573 897 465 907 727 22 135 754
988 278 699 667 674 933 677 328 853 990 901 885 776 550 72 430 496 671 321 796 989 428 142 374 558 952 987 308 968 874 17 179 98 25 695 54 230 927 607 696 208 579 595 255 910 254 86 827 103 209 938 33 501 323 828 120 999 984 690 404 661 636 895 551 259 95 575 751
60 742
170 545 4 32 428 333 67 780 674 542 495 244 492 385 245 602 229 60 792 641 783 116 869 59 835 107 771 495 479 101 872 687 697 582 269 335 480 779 638 333 664 310 5 623 666 215 952 732 415 72 430 316 393 358 25 189 15 389 946 685
675 539 596 891 190 644 78 789 506 845 409 363 864 81 358 859 897 855 19 701 380 278 688 614 918 882 19 62 44 685 440 515 228 74 570 181 539 275 451 551 812 939 972 968 910 723 4 15 996 733 563 606 676 13 94 725 928 13 434 614
6 824
328 362 882 520 876 252
104 809 816 883 494 72
17 210
922 639 10 858 478 81 30 981 105 903 246 94 117 583 837 64 56
232 764 411 447 300 946 827 774 455 163 133 337 412 439 661 605 583
61 342
896 398 834 601 944 670 700 165 580 46 852 979 656 232 957 993 952 474 727 173 501 767 77 846 718 609 451 604 608 150 298 858 822 812 567 4 549 916 329 148 609 768 311 630 982 183 416 476 761 667 693 936 71 319 929 145 455 362 696 716 110
189 405 56 990 928 608 310 463 339 59 767 600 397 876 684 509 753 472 197 123 862 348 426 406 818 99 743 717 231 679 332 499 506 113 741 629 66 368 994 520 723 798 684 585 818 709 944 249 348 337 264 43 412 917 481 120 982 801 912 1000 223
44 142
176 506 573 34 561 612 203 164 434 159 628 648 80 286 495 314 786 161 226 558 421 645 360 729 971 492 210 213 824 621 133 707 896 190 534 990 373 944 558 11 317 133 330 43
701 807 51 866 479 858 192 975 916 590 801 871 175 790 365 128 347 120 942 81 1 673 525 540 812 36 737 746 35 453 334 217 69 603 540 77 726 412 168 380 828 143 956 643
31 619
826 305 56 275 428 633 114 202 50 518 315 240 432 887 99 25 495 819 672 949 122 280 128 946 466 381 664 526 554 200 796
23 856 239 215 695 217 857 615 281 599 98 503 65 925 913 680 52 812 714 405 218 702 865 703 922 563 150 652 593 290 80
47 422
188 181 595 845 810 983 129 122 384 447 395 858 928 624 568 984 317 355 422 298 610 91 933 231 279 886 160 381 591 225 953 166 552 818 40 615 697 471 71 383 409 326 948 748 747 352 396
845 618 552 835 386 662 409 815 874 351 464 621 25 938 618 727 148 878 983 54 118 936 890 551 730 404 799 498 721 973 456 488 554 433 491 392 291 518 348 533 939 699 23 494 467 662 661
59 67
441 895 569 76 747 993 987 194 953 147 217 140 374 269 940 150 512 821 238 56 633 915 914 829 562 959 129 525 446 716 689 955 831 826 521 139 999 764 639 195 444 749 488 251 975 295 102 478 979 391 899 193 664 65 835 932 547 859 917
765 624 318 775 109 509 71 301 738 938 446 351 342 542 829 272 423 112 59 683 580 768 151 175 357 42 575 703 854 677 298 907 229 670 755 700 891 698 467 594 947 905 471 366 933 364 828 705 225 623 649 535 314 401 568 909 385 160 446
82 183
277 382 596 95 750 335 554 636 85 104 294 660 707 543 768 400 399 455 709 342 800 128 437 973 703 459 171 308 877 221 64 256 377 952 715 296 466 928 709 884 716 351 244 215 319 714 935 304 920 236 996 769 216 540 209 604 305 69 853 891 468 696 657 650 908 967 979 544 702 622 360 928 591 602 907 322 726 417 430 383 888 594
266 38 994 129 318 485 430 838 994 662 701 181 886 781 850 665 325 600 902 802 759 722 685 904 578 146 772 991 56 820 159 338 808 150 349 346 479 497 230 757 570 502 632 286 619 799 956 940 960 498 720 937 932 642 495 899 346 651 765 436 655 657 299 605 42 104 490 733 268 806 226 312 599 144 286 963 759 735 482 87 367 716
15 336
969 310 600 205 733 813 365 644 708 97 159 104 661 623 23
713 135 395 287 293 730 581 867 96 469 143 185 689 589 679
70 848
845 897 605 858 692 269 930 631 558 810 871 843 256 975 468 942 480 861 730 909 659 122 129 295 770 297 600 140 881 260 652 227 635 433 273 752 628 1000 776 108 622 940 75 744 555 788 80 251 495 96 434 476 643 726 136 579 302 997 93 450 474 797 69 963 303 238 15 372 451 576
192 450 740 894 714 421 787 781 932 628 29 768 662 649 534 434 856 322 862 234 913 316 361 866 234 250 779 655 516 456 435 237 253 566 133 755 908 305 312 539 333 495 512 59 474 811 618 475 10 317 623 341 340 447 76 259 266 770 542 802 501 344 100 440 132 730 473 967 497 364
83 699
310 457 133 802 563 771 304 75 851 999 364 396 56 619 267 23 57 67 27 888 687 495 583 64 502 327 337 710 599 495 870 212 838 383 522 780 356 499 372 149 919 830 390 192 138 323 812 327 732 577 858 730 453 89 563 446 474 57 147 239 685 591 841 382 202 222 395 188 391 222 834 951 834 500 20 853 847 813 477 369 235 779 893
269 722 732 572 85 226 238 891 501 800 469 273 41 43 241 940 115 755 702 472 538 480 856 578 227 828 403 35 719 765 312 797 288 855 778 66 829 549 778 180 514 282 595 295 301 426 775 372 150 456 711 853 593 626 261 646 597 51 769 710 499 4 117 117 190 697 77 383 782 553 326 925 960 120 854 624 422 781 88 427 874 240 991
70 640
989 974 676 518 682 409 587 580 955 126 246 46 716 99 599 422 791 449 14 865 302 426 756 305 545 837 453 133 134 788 91 934 833 332 786 3 998 407 26 798 677 396 331 976 529 784 301 910 279 925 94 152 672 578 228 344 929 299 766 229 17 160 834 914 65 920 116 706 12 677
5 799 413 673 942 201 627 42 638 105 458 948 774 341 133 466 285 118 35 204 660 341 389 564 767 415 981 649 543 976 714 714 199 495 393 741 347 895 793 543 205 886 337 358 453 121 727 941 351 637 843 222 881 280 894 801 270 36 867 353 611 55 550 848 96 832 882 509 283 739
87 380
44 536 838 784 219 100 428 870 598 641 921 882 302 470 826 269 739 732 250 495 817 17 964 502 31 964 159 456 672 373 80 55 653 602 217 612 769 722 571 627 707 272 378 562 311 935 666 364 352 126 924 555 738 780 349 996 410 786 263 605 298 405 654 519 71 642 792 565 839 614 214 280 370 138 367 942 971 14 175 81 536 620 220 608 123 908 153
882 720 598 524 501 951 931 512 242 187 153 567 246 869 334 511 515 930 913 840 651 702 664 570 358 324 662 712 804 357 649 820 604 790 779 497 462 857 384 788 907 968 935 256 582 542 690 869 638 178 578 112 341 226 5 569 329 473 498 429 602 212 120 321 701 280 933 882 51 831 912 212 736 566 700 714 257 750 184 3 745 102 625 351 995 730 573
38 150
32 229 328 676 729 828 671 940 316 210 909 202 917 412 927 581 418 459 902 299 508 378 603 495 339 270 539 402 650 625 803 263 557 417 159 758 991 505
352 262 867 688 919 250 91 561 374 408 598 330 95 622 863 378 456 975 821 546 377 881 500 48 435 54 517 624 315 354 785 147 407 35 987 673 205 722
64 485
627 82 463 623 163 377 954 598 527 218 930 886 379 516 861 810 32 23 839 170 182 171 775 673 288 90 991 292 835 215 573 789 873 405 124 428 105 873 128 395 51 623 933 306 572 240 317 356 389 559 437 329 943 547 396 50 594 516 16 800 876 863 392 358
710 858 466 286 433 839 768 991 140 572 37 752 187 467 445 672 710 776 201 551 670 662 380 904 476 668 494 765 707 309 287 198 911 547 557 591 870 978 163 77 587 640 386 45 726 653 626 361 423 806 329 504 711 654 183 143 421 57 184 404 472 993 730 328
37 755
506 543 24 407 878 254 315 483 653 130 171 741 465 733 560 833 728 46 530 371 299 519 35 419 917 764 398 9 319 309 49 760 537 56 348 912 397
740 90 798 13 525 465 581 451 856 222 165 582 180 1 310 370 446 579 952 81 707 957 797 750 328 302 601 128 335 729 297 89 560 11 47 767 318
29 204
600 529 621 223 550 789 30 372 517 730 992 470 762 22 698 260 343 812 189 503 345 13 345 382 151 941 683 538 745
668 689 728 448 867 390 217 629 153 253 978 534 210 780 6 211 217 970 117 191 828 935 590 299 314 111 520 397 144
62 297
359 61 990 958 744 74 180 472 214 255 394 545 827 354 303 396 438 460 291 255 480 958 1000 11 910 31 607 885 794 284 669 699 117 279 226 579 880 528 673 265 745 46 57 522 552 977 780 860 988 140 962 355 567 434 988 406 204 570 941 519 772 293
427 12 556 27 285 655 209 527 712 163 531 844 417 374 194 555 925 934 845 319 647 896 725 243 449 966 288 235 677 111 936 451 657 467 536 465 150 997 169 100 495 137 20 835 79 954 549 317 63 319 496 956 966 826 338 357 552 230 563 89 203 901
17 188
342 754 757 935 630 577 310 722 637 764 210 598 974 171 438 181 312
865 243 855 761 850 349 59 56 609 959 641 104 973 311 188 921 223
33 39
319 911 562 668 944 666 253 954 969 18 556 853 393 97 114 322 675 157 475 547 479 458 852 489 656 265 616 805 129 606 353 799 698
855 725 754 249 474 210 75 840 582 496 989 678 128 297 279 612 574 415 22 899 641 181 802 495 844 445 655 966 609 420 95 91 835
44 243
707 905 298 106 369 926 620 135 32 318 602 204 818 355 666 864 181 206 929 770 378 885 424 365 795 602 630 659 270 233 237 72 814 842 330 339 696 962 730 372 453 761 495 465
760 624 627 171 865 844 88 54 787 315 958 603 766 705 554 368 192 404 328 69 770 111 757 223 495 533 715 28 500 483 864 101 789 543 618 775 819 259 353 911 199 438 856 740
37 282
283 281 595 916 236 781 662 215 123 332 205 174 702 522 263 532 825 460 771 558 733 37 928 245 235 242 114 779 522 817 7 162 941 235 764 454 929
307 956 247 869 577 133 120 619 134 18 860 86 717 841 308 514 665 160 796 289 752 576 126 47 73 514 808 925 493 869 155 827 248 998 897 404 767
51 409
760 162 830 394 437 362 430 205 6 583 373 253 592 384 250 172 654 203 926 138 818 69 60 185 623 198 641 912 883 761 557 737 660 402 559 3 373 455 395 88 197 59 209 308 120 97 856 995 350 911 484
545 30 774 607 834 699 957 891 269 153 445 687 722 1000 792 23 141 8 584 155 497 12 505 429 679 321 629 99 725 542 777 917 239 294 520 12 850 451 896 401 922 7 583 458 288 124 483 666 813 190 179
78 912
416 236 277 97 828 474 200 75 691 434 708 997 382 752 648 176 50 351 654 48 765 120 422 808 751 275 335 407 389 174 189 274 657 241 918 979 367 603 975 940 643 764 867 408 75 464 677 413 585 50 492 116 81 547 412 361 675 43 845 663 265 129 682 106 495 17 288 33 859 122 995 399 206 29 660 646 703 168
690 17 94 474 617 131 971 6 287 187 211 439 791 23 748 215 13 2 253 880 593 168 173 365 823 104 74 532 14 122 284 177 602 74 823 941 1000 206 348 983 179 670 458 47 18 207 413 66 946 183 635 13 621 321 397 472 793 505 263 672 774 142 280 931 272 193 834 980 270 299 450 780 709 347 196 259 811 625
45 602
536 980 488 998 117 329 793 737 744 110 87 30 72 60 633 844 780 724 711 648 826 865 628 741 527 558 353 296 668 222 504 937 672 898 784 81 699 120 418 808 835 452 434 620 198
785 101 928 10 738 361 750 948 198 716 93 999 568 754 607 208 140 121 955 845 315 444 188 966 624 749 19 499 549 947 683 36 550 642 604 77 305 176 494 564 234 482 714 58 705
17 560
907 220 355 329 687 383 717 326 20 164 10 609 135 469 572 712 544
247 199 948 9 428 25 378 565 362 522 193 416 175 38 548 162 766
28 836
458 267 206 215 110 70 693 311 547 807 957 682 295 465 690 60 314 972 399 275 899 666 975 267 161 245 161 688
661 490 478 589 741 894 858 94 718 306 604 112 118 633 151 452 419 48 990 953 807 169 624 187 859 9 734 507
17 435
197 163 107 206 8 545 387 221 50 933 698 174 719 677 866 236 597
475 92 954 371 399 812 820 928 829 985 88 533 518 423 49 116 839
53 790
621 601 155 796 989 971 257 764 526 430 219 673 108 431 277 276 598 835 266 924 566 16 231 824 709 630 76 615 535 925 409 187 25 995 612 870 793 458 741 954 193 472 515 193 275 737 864 297 252 495 426 614 650
522 476 399 141 886 305 594 454 485 876 971 44 431 6 149 347 100 956 871 682 689 445 184 494 746 341 244 311 98 852 740 667 807 266 917 424 154 791 814 291 638 710 775 220 280 82 677 735 833 654 259 296 874
43 292
973 615 222 799 46 669 45 645 329 45 226 455 875 754 219 550 350 971 662 970 786 145 993 729 179 94 349 250 5 475 992 113 835 913 136 202 1 966 927 101 447 882 346
556 365 610 858 266 991 245 310 125 26 548 541 185 16 745 578 365 263 896 606 961 853 818 16 319 415 41 983 879 384 361 865 534 573 13 762 93 919 383 63 18 849 402
47 761
990 896 266 178 492 454 800 111 674 943 559 720 727 963 613 315 616 787 469 582 476 463 443 733 268 655 357 78 485 297 829 373 594 93 573 329 677 737 132 916 816 419 879 500 127 805 871
948 101 804 76 267 290 213 468 629 648 127 264 542 201 978 499 730 89 830 815 894 773 254 649 602 838 139 281 308 81 723 589 870 70 79 864 256 656 168 140 227 976 823 915 809 671 69
48 322
416 782 909 439 508 983 767 687 352 158 480 117 616 249 768 686 584 953 492 895 940 110 387 676 179 945 773 66 64 579 571 557 145 143 253 299 791 809 47 711 775 675 861 961 488 802 704 109
937 360 933 612 873 341 931 297 92 671 853 232 119 271 192 120 247 253 459 241 560 586 859 831 655 491 970 100 689 631 866 553 422 78 560 270 949 692 419 877 70 869 439 595 743 730 646 16
98 804
729 38 778 234 138 610 874 880 780 81 137 838 849 570 7 423 441 496 681 96 91 129 985 95 341 23 772 617 520 449 236 238 458 484 251 484 532 221 587 813 389 467 357 369 71 638 711 245 425 796 249 276 996 368 346 679 399 988 431 702 93 266 512 593 978 850 955 975 696 195 480 700 920 803 921 126 801 432 19 573 902 635 763 768 874 227 442 563 895 178 123 748 550 848 479 375 30 422
720 341 397 59 870 111 627 959 973 254 712 345 544 246 714 965 183 967 278 992 414 56 185 473 275 500 215 453 150 456 323 426 961 837 298 454 337 148 927 143 142 433 212 817 777 570 371 494 610 111 322 266 441 927 17 385 393 359 937 77 763 201 332 329 386 656 264 868 392 528 415 502 537 416 315 151 396 661 772 201 143 605 681 885 552 282 556 700 957 82 9 356 332 895 679 357 525 401
21 689
851 46 843 257 772 353 649 933 511 47 881 277 672 240 318 826 166 922 655 900 303
994 78 866 870 923 144 173 360 308 612 377 632 51 527 593 399 821 854 713 583 311
94 183
756 458 582 820 8 233 636 57 747 387 324 304 973 673 948 191 75 850 643 447 62 795 557 666 354 685 618 976 706 533 970 492 29 945 555 573 546 528 723 563 162 182 397 640 532 878 105 421 653 234 316 193 886 750 466 968 842 625 945 472 711 294 902 820 701 471 481 749 149 14 501 649 386 153 107 290 327 968 484 199 561 851 682 49 890 605 564 733 504 126 247 967 267 276
19 198 454 211 233 597 216 606 749 207 648 606 759 276 102 942 932 904 683 473 599 597 107 950 129 723 848 85 592 120 132 446 333 246 727 201 817 900 406 645 901 459 70 918 559 229 794 861 109 416 548 597 283 554 601 401 99 216 203 648 504 742 553 162 856 166 547 799 731 433 642 201 394 78 53 572 328 654 779 963 724 949 242 738 791 644 136 964 346 379 536 189 345 958
79 361
190 977 817 428 356 559 828 856 166 813 765 762 687 111 10 414 752 606 823 665 146 19 802 61 686 669 883 267 682 909 979 375 562 735 934 681 100 993 174 843 131 925 331 643 309 355 496 650 909 909 278 312 801 181 278 782 801 82 29 482 528 460 935 768 640 944 385 429 879 147 457 336 477 241 562 526 537 124 403
304 129 968 500 738 678 900 728 184 797 86 996 745 1000 7 419 162 27 442 599 547 488 528 876 694 365 696 265 697 216 520 460 507 193 615 603 231 513 243 67 724 247 999 132 359 37 870 564 272 158 565 316 403 866 663 95 670 944 405 743 86 976 987 742 663 669 245 303 649 696 905 944 652 478 146 49 167 198 871
68 988
272 879 688 886 801 984 693 445 863 906 93 768 624 741 532 915 484 267 903 868 25 894 524 899 336 392 918 436 504 535 351 253 197 204 567 646 881 243 412 369 417 759 757 576 48 228 678 206 848 252 641 230 409 934 409 550 192 147 900 704 481 350 268 585 559 682 545 436
34 563 521 592 351 894 206 887 4 137 884 929 757 193 77 880 908 457 493 299 316 277 511 922 816 419 855 764 730 383 610 987 238 494 660 286 205 361 781 41 311 462 125 12 666 476 99 930 805 276 134 442 852 166 548 338 305 713 909 718 998 31 662 977 244 201 209 726
75 245
941 681 762 952 703 217 730 535 471 467 562 882 884 859 57 60 142 976 632 21 894 298 412 394 756 941 589 507 343 729 891 458 520 89 909 984 341 284 117 350 807 346 857 51 418 271 480 378 795 355 566 106 419 355 445 41 623 160 606 399 606 25 232 48 605 1000 540 482 193 409 894 183 677 933 730
232 902 148 981 789 132 334 414 337 598 563 26 845 344 625 445 625 317 60 27 111 771 170 844 930 844 560 633 37 738 241 393 382 172 44 661 916 425 115 805 809 922 782 60 607 69 617 796 537 66 392 635 934 165 406 62 153 866 628 164 652 218 50 96 248 653 990 92 302 870 553 419 710 255 690
72 577
86 688 289 989 25 500 99 876 147 474 560 107 977 575 75 603 577 448 192 22 520 129 792 318 55 598 739 860 262 959 850 269 575 159 664 582 553 882 727 308 946 941 409 104 391 857 884 679 712 399 779 752 504 714 357 613 354 604 888 616 885 606 832 610 599 719 280 166 910 474 975 930
887 371 420 851 933 258 155 529 175 611 539 713 511 305 473 44 253 560 634 178 911 570 759 560 59 352 578 763 784 743 589 796 181 464 66 458 488 777 88 914 717 312 388 213 249 242 564 41 744 413 848 225 448 673 413 913 579 123 845 290 117 364 991 72 796 824 675 654 27 149 542 59
