60
37 682
794 909 426 667 802 640 15 587 876 354 447 826 247 256 305 304 480 862 46 118 382 546 926 497 203 262 569 210 797 271 942 844 582 268 22 105 950
486 960 456 837 171 410 355 279 537 478 325 253 50 406 668 911 303 820 828 45 516 374 315 200 32 437 702 916 105 76 896 520 253 344 769 620 101
10 647
669 506 718 715 484 648 150 698 348 954
390 83 502 64 427 784 431 486 207 524
38 264
530 273 183 249 564 25 525 85 989 398 684 736 232 160 420 413 582 837 238 949 608 574 824 299 519 134 995 701 752 886 456 42 650 156 180 89 53 491
931 443 673 220 657 939 149 249 925 443 374 174 940 512 192 99 760 636 139 995 961 99 401 619 144 21 540 399 55 82 564 147 214 513 534 721 49 629
8 130
642 724 369 67 204 509 580 44
735 452 517 128 126 400 126 150
35 871
292 78 187 87 468 497 409 690 979 502 785 547 965 789 143 905 13 911 61 528 560 176 682 77 967 542 778 319 664 998 838 399 538 188 683
738 183 936 393 708 95 425 491 741 517 230 600 945 967 907 254 19 709 519 776 586 229 611 560 679 887 443 806 280 751 273 706 390 735 95
79 704
402 487 693 480 810 955 487 673 800 444 278 19 362 206 329 512 616 342 773 389 934 858 276 161 655 672 729 316 843 656 66 511 201 854 331 159 192 840 605 658 170 945 471 147 12 980 187 446 621 900 69 603 472 920 292 191 680 934 971 215 438 325 353 693 96 850 585 471 572 792 862 426 455 343 807 786 973 729 376
785 363 337 39 511 18 617 384 565 151 819 900 497 244 423 230 920 53 52 902 848 892 678 787 798 553 863 649 222 374 21 472 87 396 505 285 33 61 158 438 840 177 889 95 262 414 325 135 145 173 285 231 425 667 962 252 721 31 333 620 165 636 360 48 599 20 913 811 880 171 586 164 588 847 641 589 927 633 414
20 12
707 470 197 114 484 959 215 619 422 200 175 52 312 36 733 377 227 340 902 406
215 326 131 40 814 8 755 238 118 626 190 865 899 567 591 172 765 106 160 179
90 880
455 586 710 133 987 295 970 747 893 807 818 320 732 892 663 315 206 7 579 617 525 894 977 696 495 818 171 304 731 655 131 176 93 437 103 365 160 865 472 619 7 374 473 423 941 838 770 218 957 971 143 895 75 780 135 931 8 808 757 400 614 306 872 547 221 744 745 945 630 86 314 896 850 470 464 271 535 985 19 582 987 231 959 934 28 75 696 55 890 235
720 624 529 21 149 19 930 840 932 438 956 312 24 179 894 90 567 392 502 247 218 265 448 854 929 585 286 919 159 276 620 39 212 551 676 655 513 704 521 906 404 181 367 926 796 528 166 384 872 710 147 533 286 460 580 192 449 824 350 758 149 611 887 213 543 204 158 524 581 543 70 600 113 624 704 78 416 101 706 482 706 37 775 38 854 18 319 221 151 695
72 384
268 640 57 64 842 477 97 816 509 226 465 281 620 755 120 555 734 608 62 650 429 887 592 909 375 392 677 500 160 392 947 323 637 587 580 35 7 400 1 525 548 686 74 528 766 873 316 979 85 208 877 751 696 13 102 113 88 734 802 649 991 234 907 203 536 506 16 81 510 718 293 154
324 42 23 730 293 906 659 570 303 681 239 245 491 806 394 687 223 712 312 48 670 686 747 267 582 104 547 501 775 764 313 979 286 390 29 195 1 661 463 368 938 311 46 628 100 235 729 472 93 684 600 2 385 735 491 976 350 310 632 686 940 370 778 698 95 224 249 621 506 201 459 894
20 185
224 688 315 892 701 813 557 689 501 93 887 348 2 295 118 129 312 803 168 489
616 905 759 322 279 726 830 112 265 171 278 803 672 197 599 206 379 173 453 634
51 64
369 485 850 455 20 661 438 102 364 703 642 689 538 647 152 470 990 760 900 733 322 713 13 13 737 425 142 571 84 43 70 764 213 903 333 220 259 313 610 499 887 629 589 160 498 247 512 404 87 557 575
489 389 321 603 995 613 818 999 599 360 148 221 28 656 910 139 433 706 259 656 489 810 989 670 751 541 362 691 2 617 322 139 795 939 381 52 217 986 524 692 521 737 13 68 792 392 24 894 794 372 79
53 644
488 100 847 999 690 982 87 712 234 591 514 340 64 56 933 247 292 235 128 730 4 3 197 638 466 782 195 336 61 638 855 211 772 376 912 432 462 975 156 992 729 625 499 219 556 531 51 457 747 444 381 723 612
322 476 242 471 368 101 13 83 500 629 44 597 422 153 452 123 686 152 93 714 929 40 718 184 575 129 870 648 162 713 702 335 547 869 967 987 951 694 405 275 312 114 653 867 77 866 750 311 227 473 912 622 623
38 159
665 953 722 221 252 294 415 396 155 901 208 261 940 79 491 76 516 471 744 898 352 565 298 430 546 456 261 596 1 514 709 10 718 314 479 655 330 216
625 721 460 468 149 376 720 270 367 522 754 956 996 839 260 867 997 563 990 202 644 487 890 824 432 21 652 420 907 810 179 398 859 237 559 356 883 21
99 550
59 64 722 724 364 852 507 382 390 661 825 611 466 716 178 539 465 17 674 787 203 397 220 570 56 107 31 73 614 148 73 335 671 585 101 981 546 600 181 39 564 20 549 564 115 115 277 731 185 896 60 815 288 24 520 510 475 768 206 657 635 790 983 114 542 536 494 972 502 916 853 983 29 282 980 144 162 485 770 642 418 683 616 642 679 373 520 90 307 246 949 73 819 289 602 102 859 201 543
861 169 115 407 414 16 714 305 239 398 83 174 670 218 623 226 625 774 158 766 78 122 762 938 703 983 153 591 496 543 199 766 430 333 957 245 676 172 978 601 824 219 849 462 454 846 309 636 575 139 131 518 751 20 644 962 650 148 579 687 905 85 247 374 88 1000 364 668 35 900 889 928 644 832 464 867 133 664 779 590 454 368 494 633 266 754 160 477 41 992 543 186 265 757 460 272 739 971 50
75 369
129 473 493 694 307 334 272 700 697 256 986 309 65 164 817 730 9 436 993 952 820 429 843 583 314 828 113 858 655 293 24 442 220 194 10 950 364 549 918 640 493 963 30 332 141 984 22 9 190 554 353 2 126 174 995 866 69 165 836 488 32 699 949 90 271 854 773 848 453 741 624 645 840 701 896
937 972 974 77 716 96 646 794 516 134 650 693 296 246 893 204 76 313 20 613 432 351 967 866 324 688 419 161 701 991 463 267 912 445 318 525 952 310 22 636 676 678 478 848 152 274 190 199 268 929 827 556 866 191 237 22 387 194 89 55 394 314 235 204 475 25 262 378 515 47 952 899 98 995 338
83 319
571 401 597 249 333 382 763 175 6 860 582 350 303 473 972 740 590 43 487 932 766 23 37 68 158 479 221 58 532 63 436 464 779 500 845 117 770 679 127 435 137 874 286 287 807 949 730 677 55 782 362 513 844 988 588 331 750 458 367 363 777 709 398 529 935 456 600 954 939 330 596 606 848 825 155 603 856 650 116 578 821 146 407
413 890 878 867 136 721 967 916 761 152 662 122 498 78 956 640 585 372 760 824 586 760 185 796 526 791 411 666 577 513 133 772 812 102 926 74 133 788 627 112 767 298 119 611 444 471 662 747 489 632 677 615 205 552 538 105 428 991 836 591 158 135 94 705 764 202 157 232 111 149 957 312 436 843 261 241 805 827 779 922 447 24 925
73 887
796 833 953 307 11 164 277 357 316 300 382 836 885 784 227 187 814 211 148 767 980 61 576 714 999 381 633 925 39 82 103 614 480 841 491 673 394 687 999 351 371 195 309 364 141 1 899 637 70 250 433 957 319 62 591 882 457 949 216 636 538 216 822 146 970 876 182 897 543 18 359 530 6
676 427 264 601 881 84 695 132 640 799 947 353 119 282 793 82 696 524 189 784 581 331 351 279 191 964 539 78 809 32 332 225 248 835 463 662 285 846 431 678 233 438 575 753 758 59 542 909 280 10 311 431 593 430 707 760 287 408 886 308 270 928 142 594 630 478 971 21 918 864 567 763 978
59 885
346 548 335 739 231 892 440 520 893 847 672 135 812 855 391 344 480 461 668 482 603 562 102 773 774 40 529 611 997 757 12 64 137 254 132 102 943 579 458 336 609 7 884 520 63 605 394 536 937 239 289 575 484 223 337 62 207 219 506
261 977 957 909 632 750 344 421 236 273 103 227 677 469 970 1000 596 368 582 407 513 267 122 312 814 772 208 444 947 658 384 908 952 944 592 941 413 34 675 955 529 895 734 879 728 258 548 232 831 57 723 856 863 34 30 988 774 671 101
72 641
388 426 214 791 740 418 729 358 364 866 603 741 706 482 74 231 959 254 699 83 778 349 758 795 744 800 701 316 453 590 9 730 838 231 75 687 115 200 40 115 575 184 826 446 14 485 469 352 964 199 324 937 61 107 62 928 87 111 822 659 146 887 942 189 197 671 755 297 895 382 751 925
200 322 411 293 491 41 480 228 881 818 48 821 499 351 415 254 674 523 128 106 362 584 333 113 457 928 123 905 601 802 664 740 257 631 934 233 58 26 303 587 927 91 821 891 403 609 741 662 561 625 670 619 645 134 79 899 773 233 236 765 135 377 6 72 867 187 895 922 469 1 688 109
87 243
313 379 346 997 93 464 93 675 440 459 816 790 636 915 177 786 791 452 366 386 222 535 929 751 551 447 567 353 885 991 819 138 46 25 160 392 660 735 323 209 471 347 953 245 462 715 737 247 38 465 304 204 892 985 388 345 884 726 918 269 27 351 955 330 598 86 556 897 576 236 783 917 387 70 297 249 540 705 798 842 305 283 468 649 27 64 135
833 810 794 437 468 968 718 311 595 581 810 784 583 829 632 325 196 575 936 350 828 671 302 902 860 650 975 50 795 631 151 263 421 83 377 338 521 845 577 639 351 593 569 748 647 257 478 465 295 345 328 895 303 182 666 200 399 242 654 497 200 736 842 524 868 642 357 293 646 510 752 541 656 317 573 615 525 188 773 224 387 157 346 553 452 767 387
74 223
46 246 671 634 887 245 693 268 497 151 366 79 66 727 656 365 367 218 317 931 922 898 809 976 188 158 328 802 612 556 325 289 520 936 937 403 567 298 649 79 191 833 214 583 838 551 366 525 532 900 92 182 481 822 495 45 418 321 720 110 786 507 632 318 671 252 950 610 678 224 246 96 80 769
289 628 496 876 104 167 105 562 366 185 938 74 16 921 954 671 547 153 605 625 553 146 604 857 936 181 374 217 380 846 523 262 694 870 745 473 677 992 223 571 814 342 136 455 676 641 680 134 237 723 446 122 867 748 189 709 136 559 649 375 662 364 597 355 471 911 961 801 836 318 120 958 301 262
7 343
978 708 762 92 43 122 571
962 407 294 249 297 795 739
97 50
597 629 220 665 606 250 133 782 413 924 291 501 254 378 431 95 149 224 121 164 759 544 662 812 806 791 85 916 504 782 988 221 56 644 973 720 912 711 379 558 145 691 293 821 315 39 975 592 322 725 487 243 797 903 984 362 150 17 638 68 103 999 151 446 5 898 993 217 101 498 180 885 883 612 233 518 322 9 866 389 938 503 204 781 104 794 103 134 618 111 79 697 861 634 653 722 635
325 452 331 568 693 72 252 525 586 637 781 776 265 38 286 889 353 609 851 6 888 877 894 570 284 348 563 274 218 633 433 810 824 658 798 370 821 573 706 57 519 49 415 469 543 873 206 127 669 828 541 820 390 788 317 744 139 831 596 772 756 679 639 591 506 427 547 573 539 219 50 636 201 225 938 847 446 678 833 268 34 131 26 247 632 741 784 218 268 101 478 543 636 285 145 64 169
94 660
689 624 501 847 396 760 711 400 898 399 125 223 929 873 140 48 290 307 602 834 430 27 226 649 156 988 907 634 181 173 179 610 483 287 438 410 775 468 330 685 58 750 685 245 304 825 18 420 349 918 949 468 540 319 482 732 900 536 270 130 191 179 547 804 613 783 457 999 942 985 771 620 675 855 879 553 100 720 177 62 255 369 56 913 392 163 350 155 448 446 776 280 399 183
3 763 598 48 697 520 322 661 836 359 915 674 120 819 563 868 547 794 147 797 843 854 722 48 481 351 944 287 826 7 354 532 505 13 905 82 942 692 559 289 517 383 169 123 20 424 913 797 944 760 788 13 762 587 368 354 815 509 802 934 67 607 131 534 731 924 383 16 600 274 80 636 585 41 191 93 163 596 287 964 914 807 31 241 621 132 449 706 747 241 176 321 614 441
84 454
18 894 527 3 96 468 442 494 737 750 497 247 667 117 531 127 578 344 382 974 834 836 454 749 392 944 130 492 199 169 305 499 97 610 81 584 178 563 964 694 170 547 201 714 412 722 99 152 337 64 370 141 243 14 810 399 268 780 475 577 427 35 631 267 447 898 359 858 843 155 197 783 871 767 87 824 989 170 357 272 221 987 143 678
51 315 447 518 7 746 314 118 270 568 473 620 397 614 453 255 537 630 952 624 315 772 900 541 824 953 593 738 534 98 345 180 573 226 448 79 548 8 926 316 338 661 565 756 58 368 418 221 122 346 656 480 819 117 744 162 483 219 649 988 644 834 957 412 457 418 477 894 55 654 707 849 49 862 657 824 798 694 230 919 702 607 417 991
75 840
613 461 764 501 835 320 343 14 826 269 242 889 446 836 317 121 19 968 237 682 94 162 67 679 869 670 758 81 432 868 28 757 973 76 110 282 536 587 516 732 30 107 226 191 24 18 757 896 680 315 652 935 988 17 155 952 582 840 105 38 48 83 752 3 941 725 55 930 491 990 175 458 620 291 282
739 829 818 943 870 108 268 389 4 971 803 451 344 443 946 327 832 656 334 120 46 284 516 86 872 576 760 735 39 375 949 110 195 136 297 480 604 546 450 158 597 778 814 173 417 693 380 152 758 606 353 283 765 359 670 586 930 146 568 106 694 901 131 651 101 520 830 786 590 335 752 146 754 735 109
9 37
635 401 873 150 780 172 116 323 197
614 24 495 767 895 304 900 337 830
19 742
695 273 369 301 912 181 664 984 281 89 393 66 527 664 946 31 436 101 346
388 523 852 323 551 472 386 359 109 782 991 568 268 764 375 221 392 100 330
13 12
658 190 850 817 68 743 98 491 105 449 392 945 412
457 724 388 485 237 585 530 484 437 367 120 917 683
64 664
561 318 39 849 890 621 434 41 658 378 219 280 894 140 848 251 129 771 805 24 703 827 292 415 814 42 664 852 516 928 598 294 356 808 768 624 847 606 623 681 333 110 434 100 280 763 830 881 263 473 528 68 263 478 537 975 137 760 76 143 124 697 986 387
883 973 70 907 137 635 396 616 761 421 203 427 5 659 539 493 890 292 471 206 729 932 540 228 620 695 411 176 179 865 314 839 24 166 559 969 884 864 366 432 527 972 19 623 840 795 223 53 330 581 346 194 712 588 409 113 355 875 782 576 119 808 805 238
75 698
113 461 310 607 848 525 892 940 523 990 659 171 406 535 330 405 608 358 153 738 665 198 478 898 531 428 796 197 611 401 923 71 164 179 954 856 464 649 486 872 36 122 368 546 766 871 252 868 22 585 111 963 187 452 429 899 71 650 154 396 241 906 95 29 142 513 833 451 982 493 903 663 880 631 394
640 53 914 778 51 6 15 120 532 443 417 884 806 574 921 571 252 547 592 70 509 287 114 817 890 991 671 18 125 741 286 675 987 286 779 624 563 411 861 636 894 669 698 273 77 381 258 707 8 505 239 982 172 248 933 152 661 312 510 933 192 954 195 28 562 640 10 551 486 963 621 36 403 20 261
90 577
334 137 986 840 398 958 378 963 934 154 228 995 141 909 756 970 532 641 69 480 619 349 656 910 547 507 403 12 12 830 358 475 87 103 319 79 419 315 828 897 89 662 699 539 991 106 505 935 386 693 301 869 23 275 726 877 547 745 28 158 809 177 352 270 400 812 404 74 936 320 186 195 271 165 98 660 457 135 691 844 600 115 915 305 79 962 338 14 796 807
915 873 822 615 768 812 844 885 576 35 111 307 574 72 686 349 81 84 156 65 244 567 83 676 337 644 600 425 556 39 800 654 461 954 409 22 190 350 723 571 739 707 259 125 889 621 568 105 547 132 288 993 513 552 755 207 636 531 938 220 92 890 695 376 519 482 523 439 650 247 528 986 663 26 817 864 192 296 369 555 150 472 812 427 109 57 591 511 692 439
36 872
998 807 938 757 118 788 631 33 64 403 806 182 902 491 818 855 679 628 68 281 410 969 4 365 932 988 788 327 722 260 675 486 394 779 688 460
693 315 269 911 987 567 718 235 858 769 283 365 937 701 769 695 299 778 878 377 583 322 804 594 145 357 347 709 983 204 102 151 998 228 921 821
84 854
260 229 113 42 259 708 208 817 448 480 990 409 314 678 263 569 698 909 586 917 242 155 617 190 980 90 373 670 971 139 833 229 333 728 550 491 952 852 652 28 300 724 832 600 171 194 91 434 524 96 891 644 184 169 527 442 491 782 898 418 859 32 936 556 591 757 609 511 847 982 698 149 162 641 920 310 156 731 629 874 601 430 549 819
608 900 203 321 339 775 229 822 308 321 425 677 310 428 556 715 494 964 549 905 706 794 329 676 772 229 703 63 838 815 17 775 896 617 213 514 683 714 522 101 408 803 930 456 367 262 944 920 709 247 50 2 410 856 265 369 142 885 587 675 943 841 144 664 324 636 181 809 433 961 603 127 872 23 565 342 623 103 848 476 980 308 599 154
36 906
414 337 196 246 522 266 505 250 869 522 784 979 472 674 761 282 293 844 15 100 943 53 701 921 850 675 849 162 56 735 75 862 311 934 371 556
158 438 25 446 451 634 386 402 343 117 361 992 640 624 160 451 410 978 293 810 305 819 276 911 113 909 567 723 450 9 75 168 652 738 287 640
90 347
719 64 184 529 501 175 490 424 957 558 177 347 855 383 282 317 507 909 923 677 422 441 697 393 655 326 846 640 298 758 477 401 981 911 291 877 342 107 778 895 121 253 711 288 315 551 906 51 119 415 358 222 994 465 960 560 858 666 123 161 490 335 575 7 526 959 99 765 218 374 44 911 844 530 140 30 784 616 505 425 205 275 3 785 189 439 663 914 737 244
811 341 860 270 70 53 141 958 428 627 170 752 996 619 11 494 674 390 617 261 13 868 102 581 379 636 486 456 916 475 672 546 266 138 420 619 618 55 550 330 147 358 521 207 714 55 176 358 816 965 158 171 333 550 8 886 601 858 499 430 18 520 342 947 379 639 446 565 690 538 905 587 552 421 822 433 723 116 168 422 260 46 13 358 346 506 801 128 781 655
23 869
105 232 121 715 747 101 8 194 285 343 617 162 510 812 6 667 41 793 221 438 294 283 103
342 256 969 75 880 84 998 932 893 76 189 873 594 910 156 839 322 472 241 932 916 280 556
77 284
941 66 190 462 415 564 190 720 657 638 468 561 137 303 737 105 890 126 176 25 197 744 499 807 853 307 321 479 680 611 302 879 804 299 832 952 160 847 568 982 995 462 456 749 256 49 559 791 917 288 438 516 608 24 721 188 394 618 102 671 383 269 878 214 529 270 921 530 144 430 571 526 469 728 305 282 20
382 985 158 512 739 174 523 829 16 920 842 888 550 4 678 616 492 237 280 238 594 709 610 207 870 921 189 287 450 48 598 453 136 466 658 708 213 189 790 755 113 39 710 232 493 788 181 397 367 788 478 665 731 16 583 413 536 136 4 322 789 624 481 752 223 281 590 597 982 96 652 671 801 497 455 548 482
33 878
362 2 719 656 896 758 113 289 162 276 351 439 416 604 210 415 929 533 906 811 953 709 661 358 794 96 520 21 947 788 500 805 991
284 25 282 272 924 138 180 627 937 13 808 865 102 382 907 790 619 969 896 245 572 637 18 649 580 535 410 666 120 155 66 451 507
36 300
361 478 945 355 524 756 835 952 48 566 723 98 876 203 886 438 5 23 43 332 608 92 325 834 660 139 836 70 115 407 796 410 315 86 29 279
914 873 246 838 515 825 190 747 607 925 820 215 354 702 708 491 492 422 289 412 290 357 754 90 831 229 454 478 70 767 356 535 475 485 138 287
42 137
467 747 49 862 820 517 1 706 207 33 402 724 795 911 331 45 602 257 464 758 270 615 134 309 615 865 607 593 661 197 405 376 147 217 826 976 944 904 544 305 575 851
468 96 581 264 291 49 676 418 55 342 967 264 541 181 938 853 555 381 556 925 202 712 783 135 746 478 688 815 233 705 386 863 517 782 829 856 608 440 981 448 70 137
31 431
487 260 283 841 735 15 422 835 989 327 421 190 447 261 784 66 148 425 819 252 606 196 715 353 895 31 584 263 164 60 857
826 377 211 331 290 383 201 926 607 770 983 239 930 763 699 398 265 438 413 760 293 393 408 986 858 533 48 511 828 467 793
10 32
894 805 833 519 983 206 706 906 701 133
703 328 240 3 530 37 630 683 371 853
47 435
700 480 524 684 220 911 808 185 452 381 430 244 969 956 144 562 361 632 807 219 505 390 890 444 563 765 483 757 205 512 60 239 834 215 802 421 205 110 537 524 812 710 573 765 237 819 529
423 680 479 127 594 89 986 280 735 689 108 56 879 10 655 834 536 143 247 941 691 482 781 867 964 547 893 886 709 927 994 704 142 335 298 445 422 989 702 242 262 504 238 597 919 221 79
27 406
566 176 692 717 166 681 347 687 699 995 822 391 199 104 106 627 252 15 571 966 895 713 401 96 12 260 482
50 646 56 328 836 497 813 440 530 194 567 200 918 49 748 900 1 786 652 690 482 857 305 224 763 655 442
5 109
860 809 853 9 473
45 942 581 547 518
44 317
535 335 742 143 363 191 783 295 141 620 744 100 767 820 469 80 464 781 781 270 916 929 645 675 985 669 768 342 940 177 250 108 359 836 665 971 140 958 377 5 702 48 456 578
522 923 533 416 742 892 263 808 548 891 76 839 541 664 699 391 925 658 941 525 599 623 42 150 181 349 582 419 28 787 783 674 624 946 298 731 448 94 244 246 970 642 915 12
89 871
767 174 148 311 935 195 555 135 325 325 675 505 272 721 74 313 87 112 47 620 635 917 126 354 704 583 725 956 494 994 97 46 105 695 593 445 232 158 458 696 581 623 534 73 961 25 976 849 593 397 33 766 353 987 316 593 638 271 21 757 878 845 898 252 780 380 612 163 878 686 128 780 250 842 279 61 347 481 284 87 449 164 737 658 869 672 497 396 698
563 850 353 996 781 436 813 322 605 16 716 540 762 668 959 690 11 925 886 236 847 347 976 430 149 281 673 408 391 456 987 674 224 995 516 536 459 451 964 949 52 77 807 930 642 45 871 491 970 61 882 524 472 3 405 815 712 665 104 253 70 476 366 663 119 877 369 281 438 237 843 1 141 245 479 723 645 423 173 431 363 562 505 149 565 251 249 743 540
63 41
92 168 26 323 749 120 370 362 391 432 839 160 68 558 934 264 54 410 217 676 188 83 154 918 247 259 816 241 75 442 994 14 774 37 301 525 482 553 694 770 459 624 142 327 348 509 624 705 349 160 158 42 88 273 218 434 562 81 796 390 503 7 990
510 355 694 862 871 351 669 88 543 816 153 955 354 428 889 148 205 710 980 264 490 22 608 441 152 112 923 670 856 124 66 499 405 334 632 995 84 182 966 532 457 579 670 331 417 6 80 794 632 543 138 76 362 282 911 24 844 630 900 761 164 306 15
81 359
985 30 22 153 785 209 859 981 170 577 769 835 730 233 34 672 752 399 712 243 703 14 899 692 28 438 917 541 213 970 336 732 867 618 323 273 817 42 509 293 765 385 663 132 190 489 314 335 626 972 218 933 464 5 146 202 68 483 295 407 512 410 602 751 797 843 965 75 739 981 251 1 695 820 546 962 752 554 724 688 971
156 206 765 461 997 523 472 366 450 217 27 377 992 872 628 511 820 660 688 579 699 389 430 170 738 2 5 777 25 725 742 166 520 985 812 709 565 50 845 598 609 136 851 826 533 169 533 981 885 610 225 884 455 704 422 181 924 802 370 854 240 468 207 895 988 108 631 709 88 547 533 5 536 263 506 943 959 791 803 298 984
48 165
435 478 493 465 648 946 117 11 653 417 641 290 265 537 616 206 812 315 612 736 284 119 183 55 240 506 688 838 233 192 138 902 688 254 822 114 543 589 270 752 314 528 489 505 871 904 275 239
228 343 514 298 684 843 48 639 264 854 92 65 589 668 508 362 212 444 267 567 497 740 404 362 796 237 599 762 183 228 314 296 297 224 273 157 64 228 623 594 794 329 281 627 748 246 690 31
32 90
373 761 680 566 321 76 392 938 623 181 927 729 7 10 540 97 680 221 772 353 663 904 579 333 961 260 364 994 858 705 627 125
493 586 403 144 358 842 368 750 670 534 101 328 96 120 890 572 383 29 692 596 488 689 184 27 476 790 426 613 993 412 616 748
22 182
776 172 685 722 550 789 307 331 25 416 794 944 863 754 62 989 158 844 907 624 2 354
696 191 694 289 660 524 148 519 185 551 381 815 251 769 33 950 999 380 509 220 993 664
39 856
982 435 283 401 294 492 217 524 425 521 14 390 326 158 649 647 441 929 899 395 984 381 124 217 669 932 250 191 771 224 69 221 149 634 418 758 391 479 224
334 152 270 272 671 161 442 849 757 622 511 155 310 644 236 341 84 166 261 161 52 904 61 414 488 609 537 694 324 584 716 75 583 514 524 476 297 838 370
83 515
775 798 31 26 67 68 973 778 647 491 170 457 714 345 488 120 620 127 123 190 955 831 142 646 643 611 679 532 977 709 273 447 936 579 102 894 570 87 975 550 661 709 405 846 771 547 182 269 990 47 282 863 902 969 638 130 61 948 560 810 147 995 764 878 657 915 604 365 435 872 877 540 284 68 918 790 634 249 380 739 49 621 339
526 201 692 438 392 662 759 87 263 795 357 156 623 653 771 166 332 332 859 996 6 546 199 880 209 918 420 37 315 501 486 93 205 739 412 950 772 522 305 947 324 69 481 591 156 896 884 497 817 698 55 692 564 731 11 922 282 479 513 532 62 19 125 753 774 76 502 546 363 183 604 315 41 714 577 347 711 596 501 627 955 306 161
40 542
30 446 335 38 942 660 907 216 935 40 854 973 761 796 797 906 520 113 429 879 913 218 350 228 339 651 815 781 875 964 234 59 780 77 851 313 71 333 473 617
342 308 979 46 245 636 515 245 682 862 794 888 494 987 2 780 783 338 201 227 713 387 141 865 657 11 534 378 330 601 158 454 363 623 585 889 224 414 351 223
6 725
938 530 361 794 19 213
789 630 245 12 458 295
5 679
385 497 78 56 278
979 610 105 698 798
93 860
26 187 407 83 632 685 679 393 694 59 996 143 490 344 572 309 74 867 337 39 870 399 547 392 36 923 253 453 36 420 236 426 729 943 186 943 253 639 314 497 777 513 363 256 248 932 412 353 228 706 679 400 919 297 293 73 93 923 945 754 86 122 703 979 857 650 501 230 352 797 191 959 351 13 493 492 430 76 844 526 474 573 608 604 720 580 81 573 668 549 788 172 272
352 321 435 517 957 720 136 344 898 14 144 184 25 229 657 568 862 702 340 818 682 134 519 234 798 138 168 658 818 159 99 759 996 824 49 650 251 739 425 951 497 260 243 887 249 968 128 313 658 225 323 292 5 970 291 947 220 900 183 67 308 452 828 26 764 382 86 539 564 741 302 635 77 855 247 526 648 459 77 249 806 574 194 169 326 900 184 512 592 187 957 443 205
68 509
374 310 176 840 97 128 580 649 120 3 948 897 837 358 320 789 328 867 823 755 119 910 826 895 436 632 158 833 301 66 36 922 449 308 690 827 476 151 822 805 448 583 596 745 899 787 640 493 609 482 416 130 476 769 694 711 531 425 871 34 562 672 450 284 983 293 965 656
165 709 383 663 476 807 699 697 243 694 952 265 889 599 889 28 428 431 868 178 101 765 600 13 925 213 816 868 944 960 473 411 507 337 472 863 257 128 422 351 269 485 865 473 681 678 950 278 620 85 780 338 261 236 961 887 275 585 652 737 75 598 295 958 677 337 230 43
