30
4 905
872 599 133 350
276 694 664 955
4 846
899 147 596 616
753 349 331 94
66 549
484 75 172 810 390 411 605 479 161 47 222 327 749 742 645 456 251 235 584 491 19 934 511 327 77 967 536 599 88 290 322 322 794 469 64 292 906 659 178 144 890 19 576 573 646 991 878 371 162 554 574 891 46 215 138 203 924 198 371 316 675 857 900 849 561 114
698 984 86 197 593 731 876 164 628 192 934 164 149 968 677 440 982 423 304 86 730 368 955 356 992 576 665 625 342 379 97 93 400 45 568 575 239 218 888 369 222 205 535 374 493 561 294 606 328 882 763 183 8 471 495 24 865 572 915 268 54 527 649 930 780 901
16 265
977 143 247 451 769 606 779 360 83 408 634 337 31 315 872 925
742 50 740 793 690 376 781 298 528 710 849 195 605 513 850 163
11 167
601 997 307 176 702 48 206 710 236 350 621
365 987 715 760 897 521 916 896 419 664 846
69 3
152 840 492 103 624 361 69 276 306 393 294 633 514 990 809 212 848 51 756 693 194 767 245 555 853 299 743 602 590 673 420 351 20 849 368 910 461 19 833 285 230 759 435 131 92 103 879 700 571 362 580 336 575 518 160 678 341 707 694 195 276 582 971 817 479 173 140 801 895
522 252 113 828 756 297 906 499 913 483 51 821 878 571 563 900 707 859 600 824 612 603 482 720 753 867 917 884 635 188 662 880 792 425 941 45 240 664 713 348 798 877 983 781 310 931 103 926 13 236 138 756 587 375 727 430 919 660 699 59 143 612 143 416 413 716 889 415 268
87 134
228 898 998 397 789 114 165 698 460 683 322 972 226 299 417 285 160 803 738 374 475 140 943 571 637 609 215 26 455 848 465 705 791 429 543 127 173 984 979 212 205 59 155 12 591 346 121 212 560 149 699 959 863 635 343 927 767 705 666 678 373 568 925 960 294 82 923 837 255 258 423 730 622 255 229 439 853 855 664 597 523 660 447 496 545 655 879
561 861 442 501 870 152 325 65 884 915 257 338 852 494 846 353 927 153 395 483 633 903 987 735 790 48 686 619 555 159 392 584 915 897 180 852 164 672 400 132 555 515 179 219 967 172 877 979 842 25 423 930 13 308 491 757 407 814 432 493 937 22 773 614 142 64 653 695 482 504 283 747 916 644 480 984 1000 108 68 910 737 63 457 27 340 700 212
20 2
21 599 726 448 814 646 770 503 45 121 397 837 769 619 548 549 967 547 117 147
321 968 237 441 565 306 477 961 423 882 104 839 754 635 700 694 121 291 109 20
61 488
586 903 242 245 664 974 305 559 4 122 482 981 397 162 30 172 313 675 847 662 443 45 248 118 84 840 379 710 781 141 253 256 111 582 849 219 499 119 487 601 432 794 850 272 326 542 952 855 849 868 694 650 615 188 525 493 153 69 304 14 508
591 930 628 521 235 192 499 896 371 142 101 767 572 571 283 582 514 689 791 231 885 290 674 1 557 914 623 968 142 48 914 612 726 723 355 466 983 87 361 556 397 420 802 363 99 372 543 305 302 304 618 865 104 666 202 848 779 896 42 222 595
59 516
522 866 802 510 291 567 564 475 913 409 200 22 997 276 358 580 593 501 315 589 433 347 424 284 328 506 512 871 512 306 707 153 760 374 59 311 769 386 660 803 330 863 970 233 413 413 53 721 375 345 54 250 779 909 344 296 543 701 233
184 558 226 835 954 276 94 717 669 571 794 424 346 486 85 440 991 265 291 138 536 360 39 1000 392 403 176 215 317 715 869 716 434 883 466 612 594 685 481 719 291 800 761 444 871 521 178 830 302 244 727 440 813 43 351 314 662 290 630
71 420
597 545 118 382 966 256 531 859 850 653 240 950 86 302 361 886 73 964 280 344 895 160 423 997 781 222 866 584 111 840 431 405 661 240 200 305 846 683 415 484 24 835 66 848 745 194 437 421 234 698 670 776 727 841 500 68 384 585 764 635 694 650 493 738 994 679 40 619 370 696 850
97 349 142 845 987 236 415 74 234 363 817 599 400 785 959 741 413 405 313 843 8 347 797 569 109 523 565 951 347 81 689 294 948 134 10 753 698 436 998 188 634 522 249 194 226 719 295 158 285 103 587 871 321 711 176 514 613 91 675 496 618 547 736 848 458 14 425 401 755 216 618
85 513
977 978 36 218 399 683 969 733 321 769 755 133 721 324 440 268 383 794 920 327 399 457 677 823 342 545 863 30 364 545 667 376 741 866 665 899 921 984 462 849 425 662 99 827 710 641 669 343 934 48 159 794 101 410 91 399 198 987 738 861 16 364 257 685 638 126 761 44 133 315 544 356 70 758 192 965 437 200 342 335 942 677 50 397 853
717 955 511 770 889 887 273 357 784 698 234 959 596 6 575 685 236 912 316 997 374 987 906 297 618 249 711 940 495 543 902 360 6 493 691 958 549 380 415 786 400 108 605 738 259 498 402 560 366 721 147 559 410 202 895 91 735 254 731 965 4 759 407 925 578 630 487 839 175 642 974 486 278 970 167 323 610 37 706 440 301 990 453 610 522
15 502
815 38 712 765 24 769 583 48 150 400 59 830 854 271 451
338 644 102 286 408 196 452 638 721 144 564 505 430 922 325
90 416
544 625 706 326 818 284 972 164 695 122 93 609 961 293 320 418 761 976 348 168 87 560 990 495 685 245 139 134 285 185 639 310 220 183 205 61 486 375 383 128 351 369 97 596 719 755 972 681 82 468 384 605 30 627 641 784 620 29 798 125 329 438 698 41 483 8 716 912 6 662 702 445 73 419 556 697 886 66 232 85 38 517 918 705 750 711 132 778 682 722
111 365 348 864 571 421 616 440 700 821 746 613 547 975 185 479 636 458 33 292 556 383 335 920 42 481 324 691 864 127 19 86 496 921 891 168 775 410 154 512 478 19 479 748 5 398 86 75 322 550 401 254 61 495 185 941 610 111 45 369 247 13 918 48 334 220 205 893 969 481 105 232 183 565 132 34 718 544 55 33 913 839 796 562 1000 502 896 246 266 266
28 70
627 36 105 321 913 794 737 163 647 613 420 843 204 676 722 812 917 486 252 796 643 923 298 195 654 231 673 953
931 96 977 487 855 787 89 376 34 629 328 870 498 978 260 252 462 49 846 615 355 525 170 273 123 539 727 634
29 206
557 4 816 422 784 224 983 497 238 158 442 334 851 955 875 455 98 875 681 979 412 526 804 151 415 88 560 662 385
241 741 775 965 138 770 941 88 837 117 949 304 637 966 218 897 504 958 53 720 218 670 216 461 379 475 740 807 715
29 932
116 209 340 986 738 784 818 354 403 587 344 860 235 422 3 287 606 497 227 96 462 827 137 671 792 67 837 230 448
977 360 632 476 719 912 637 652 731 337 305 430 264 282 664 966 111 216 318 27 100 170 173 171 251 632 88 746 750
46 451
699 778 924 158 809 72 521 726 345 272 90 631 438 943 876 532 952 109 507 189 561 866 479 839 647 974 996 889 795 47 415 791 880 274 460 474 785 468 532 148 944 244 716 789 305 578
549 406 972 760 245 381 775 962 993 417 451 6 800 60 157 177 639 636 162 489 366 664 669 583 477 476 314 179 833 529 229 120 445 986 996 932 625 407 888 905 439 746 269 607 324 134
64 917
496 871 813 387 282 514 703 33 583 453 119 178 166 968 22 589 422 719 419 726 894 180 320 66 660 222 849 918 449 554 313 916 726 853 24 566 766 794 925 537 509 400 726 173 755 927 473 56 591 396 304 411 93 523 683 806 371 212 479 66 227 872 816 852
777 765 513 431 805 134 370 397 924 228 106 163 145 524 362 66 64 643 512 861 791 278 934 51 433 84 370 480 30 112 994 964 784 682 179 344 319 774 786 240 140 889 917 925 179 697 531 131 205 938 511 495 681 146 875 801 429 151 522 307 290 693 949 214
30 474
145 226 771 269 26 117 522 483 882 469 479 629 927 232 410 649 500 781 210 760 401 693 758 476 707 142 75 136 105 391
96 322 826 628 191 178 637 810 32 907 752 668 442 296 921 620 704 119 366 406 559 541 322 990 110 423 708 181 486 848
41 813
594 591 967 602 127 348 881 715 483 436 460 94 568 990 28 190 111 965 421 408 271 527 817 134 919 636 158 366 122 175 42 340 422 802 162 509 726 861 703 197 885
63 392 581 79 138 193 994 189 609 701 358 531 446 734 916 334 301 596 998 865 408 392 771 537 325 446 140 957 421 529 352 401 525 512 583 211 400 531 61 144 417
94 191
464 3 858 317 422 216 511 448 681 278 271 239 805 373 648 38 485 849 632 392 310 698 438 771 517 98 197 849 926 790 478 459 588 371 343 277 752 783 39 793 347 342 90 520 913 532 53 968 619 40 519 190 335 999 188 371 948 854 724 198 517 826 817 747 464 407 80 149 227 315 747 100 37 118 295 258 125 92 799 205 631 311 87 75 104 251 430 21 10 275 584 857 785 418
683 504 529 320 836 518 937 207 973 115 810 310 417 923 189 332 506 23 990 991 640 927 927 459 6 863 390 568 980 316 850 854 303 990 634 723 211 723 102 953 277 813 533 151 415 430 593 730 467 663 313 642 866 983 877 541 675 718 428 334 768 142 22 444 75 212 5 588 374 145 554 570 319 276 510 582 269 83 168 465 46 664 337 435 737 646 779 425 868 775 726 94 990 344
58 478
925 182 294 113 466 438 257 379 77 212 620 546 18 814 4 941 639 815 981 312 41 607 545 123 339 502 82 45 33 852 317 550 167 69 484 884 934 226 925 622 385 894 714 236 731 513 204 105 448 950 456 623 230 969 204 299 754 504
662 531 632 854 28 311 433 317 88 687 19 430 653 208 812 317 388 528 653 519 802 515 87 511 190 249 39 280 332 814 217 662 628 991 431 815 22 839 309 30 777 436 369 740 685 870 817 204 316 223 430 331 186 175 765 963 818 839
58 893
125 558 98 728 891 448 592 973 164 86 170 303 373 274 373 804 262 622 96 941 859 397 704 354 504 306 622 934 116 75 719 309 101 309 92 694 883 15 917 349 376 657 435 588 706 392 240 298 600 727 978 223 298 78 744 581 859 166
153 406 371 490 999 16 762 798 101 999 643 409 433 417 83 888 565 510 965 764 64 901 438 458 931 466 522 623 275 190 111 8 79 739 695 350 644 54 19 66 777 88 64 327 265 4 239 926 420 724 474 399 354 53 914 635 365 29
100 626
59 158 634 526 772 918 442 620 200 710 634 411 204 202 139 200 937 851 927 96 962 97 587 150 389 480 648 880 534 314 861 680 883 493 165 84 504 279 205 799 786 990 959 663 846 875 879 45 734 278 100 153 197 820 127 481 564 333 201 560 769 921 162 692 110 902 482 469 196 742 243 118 255 629 106 401 45 489 328 912 302 205 508 444 418 357 472 259 382 41 290 27 280 50 987 299 348 326 611 934
99 1000 763 946 321 457 313 783 59 517 65 795 685 576 458 417 95 7 742 126 607 807 555 641 25 702 777 81 221 14 306 855 610 501 520 439 289 925 466 330 170 834 826 909 248 745 588 849 925 534 510 932 916 64 146 780 403 667 394 682 894 216 241 621 963 480 100 430 864 455 503 466 852 97 55 60 420 425 778 695 115 997 315 868 716 886 635 262 458 413 522 556 748 477 109 504 986 940 399 76
70 693
581 618 263 763 438 109 533 4 516 655 944 333 34 708 371 163 895 224 738 673 873 750 843 161 211 982 690 82 882 211 135 112 64 361 232 93 975 968 642 946 906 935 567 207 696 384 629 405 922 968 968 987 476 627 916 729 44 336 130 660 229 315 481 727 160 292 698 25 624 642
609 892 4 916 852 946 913 917 678 97 403 270 37 370 937 240 191 397 521 146 348 710 16 265 455 422 958 275 125 159 629 836 531 273 743 617 544 394 957 573 387 554 608 550 697 932 293 475 306 399 497 973 479 70 113 125 179 920 537 126 174 264 350 280 350 390 729 453 922 463
23 577
723 183 187 490 663 904 15 949 217 981 850 900 142 308 635 971 849 791 200 57 785 445 507
660 423 495 115 479 323 354 991 20 341 341 625 734 449 718 268 859 34 82 730 753 938 38
36 330
583 416 146 520 628 23 601 433 905 816 655 411 61 428 868 268 767 697 687 205 136 319 530 420 339 906 866 452 82 897 603 12 937 58 128 712
561 599 909 470 164 159 692 437 543 918 402 173 817 269 596 790 281 339 867 932 389 666 749 412 327 527 221 188 828 963 369 771 38 873 763 180
19 131
238 505 168 431 531 334 119 520 854 243 198 703 649 465 374 569 955 308 45
506 344 211 489 890 634 846 767 90 455 137 671 713 481 975 414 868 301 237
14 814
999 680 362 874 427 492 286 435 329 813 616 494 178 681
786 586 151 692 707 87 361 750 165 190 821 842 780 809
