89
94 153
68 576 180 702 758 190 610 167 970 642 142 957 46 458 610 776 126 901 305 412 814 796 567 488 99 695 995 145 942 77 771 738 722 679 622 599 563 715 315 683 109 476 87 883 315 924 940 922 820 288 397 577 400 107 599 25 464 217 791 175 685 833 260 277 914 854 307 672 646 491 291 736 798 728 760 300 223 456 657 725 922 827 480 714 447 572 84 708 891 937 759 584 289 164
588 689 554 501 738 369 707 744 169 934 640 565 220 924 339 575 811 727 199 975 286 764 74 852 164 917 585 766 533 380 724 640 226 930 325 562 30 96 310 670 914 249 449 802 481 520 934 951 861 296 802 135 21 670 330 495 496 280 506 748 985 300 710 405 288 669 32 450 414 954 697 720 66 557 665 969 737 503 323 573 484 75 245 281 999 113 757 625 349 248 53 22 724 992
62 237
343 223 947 543 408 433 899 875 344 47 160 522 850 836 149 333 886 461 565 473 460 630 681 751 387 51 479 29 112 681 701 23 592 82 582 859 429 231 710 651 170 906 973 516 880 472 383 14 17 531 92 842 825 74 3 873 264 735 768 857 348 617
549 929 660 416 85 176 900 976 73 994 50 146 97 848 203 91 154 756 668 710 214 665 230 617 161 317 153 313 512 277 217 511 540 338 120 986 193 801 889 109 631 984 345 140 869 782 35 43 401 839 927 997 643 800 537 646 75 830 177 798 772 743
39 106
662 684 848 590 905 928 439 665 248 141 724 205 359 103 377 520 713 138 785 344 91 861 273 268 54 784 988 490 930 314 327 217 452 56 557 326 765 609 898
709 18 707 525 254 314 476 509 567 355 911 109 563 614 166 141 318 368 36 346 676 388 64 364 841 306 205 833 51 994 779 42 942 84 276 256 50 757 88
69 784
930 468 256 856 173 46 320 958 817 333 529 122 367 452 559 759 72 962 40 156 863 165 678 996 434 803 507 925 695 122 684 24 969 796 315 313 679 893 144 25 437 619 408 623 622 19 28 101 165 186 895 933 631 265 640 334 297 913 261 572 781 67 663 689 460 765 40 832 905
588 891 283 354 247 226 605 334 646 706 378 905 874 580 548 532 529 530 544 469 174 882 940 458 962 893 790 10 994 902 912 668 787 303 308 942 760 536 350 778 241 331 44 866 108 465 422 748 201 667 260 204 687 74 337 626 937 457 898 264 808 7 291 104 528 633 641 543 820
21 538
323 129 924 99 415 640 844 171 933 800 188 975 535 919 176 931 744 782 692 576 716
346 642 113 11 698 204 162 885 394 81 353 691 737 206 70 449 585 818 134 467 443
78 808
941 507 117 941 261 91 789 821 393 76 3 950 458 33 771 144 362 144 215 308 539 77 410 363 631 286 186 525 44 273 846 530 462 425 433 159 651 563 779 89 749 262 847 125 456 267 156 462 406 803 544 849 970 800 78 230 957 342 164 434 177 427 247 153 187 200 405 716 948 190 656 847 3 909 993 381 426 94
758 576 591 240 637 938 505 967 122 845 25 641 819 736 475 890 489 127 54 766 749 998 148 785 462 402 642 22 600 980 19 625 95 713 578 955 185 768 748 29 852 604 478 924 862 710 781 992 561 424 970 92 897 502 497 403 797 775 123 739 182 296 92 757 987 561 762 759 90 801 532 711 257 834 286 788 988 477
2 852
744 658
798 180
15 340
306 697 489 430 95 11 204 849 398 93 936 335 411 300 480
413 49 128 168 80 960 498 16 644 691 20 189 46 17 436
71 79
662 514 737 626 270 938 950 210 504 36 655 290 616 463 764 488 716 580 694 672 193 643 702 188 470 669 835 299 198 269 776 614 228 765 504 157 539 574 659 561 387 783 736 274 956 996 939 166 95 782 542 247 192 56 552 283 816 768 935 881 243 950 108 871 136 56 418 520 362 609 326
219 860 175 861 911 140 190 632 537 515 108 204 806 127 391 523 808 597 915 152 32 129 279 693 660 956 397 118 582 660 560 192 161 426 998 691 944 435 590 554 301 57 335 938 494 271 91 686 590 95 67 726 287 938 73 99 717 228 542 79 376 143 46 533 561 459 840 708 442 69 506
71 828
872 366 976 118 473 424 728 908 233 74 863 460 210 368 575 554 308 562 675 445 749 926 566 112 914 409 823 159 85 940 8 279 653 183 598 20 729 708 312 325 287 398 393 102 807 134 306 739 302 999 23 976 50 711 948 784 737 926 123 698 31 599 43 657 681 598 897 872 264 600 332
241 768 548 331 701 725 81 205 162 449 710 701 115 741 289 934 358 967 625 162 45 147 23 815 404 520 825 140 783 268 886 601 603 525 597 333 645 721 585 223 532 213 727 371 663 236 601 704 559 572 27 109 872 331 82 433 271 295 591 967 569 67 903 610 745 51 240 656 80 527 284
97 620
375 820 417 297 463 977 388 506 583 226 339 356 265 754 596 22 154 824 898 563 984 45 551 936 843 784 435 993 889 12 65 856 968 631 750 351 459 661 16 915 694 629 160 459 325 877 814 706 283 104 510 835 294 838 189 502 55 914 129 36 624 88 913 690 710 793 478 677 119 996 632 358 469 501 639 684 116 31 101 393 632 79 320 628 564 284 888 951 481 318 303 21 10 631 974 767 128
408 250 241 350 53 928 927 232 262 62 662 283 589 281 199 882 669 856 88 986 721 162 244 955 715 759 39 971 791 767 889 566 934 485 15 574 20 370 671 488 331 699 16 764 362 372 582 857 985 8 565 491 591 764 178 580 832 713 758 930 985 333 560 588 886 576 693 511 370 62 324 1 389 722 311 848 143 52 79 293 797 276 560 951 731 523 704 786 329 309 84 610 230 65 286 685 796
32 975
255 23 732 118 28 638 67 152 879 224 846 107 596 956 848 251 340 998 400 725 646 52 342 365 822 429 21 286 72 93 142 950
858 200 35 515 799 850 830 798 107 744 914 396 900 450 239 774 385 345 762 354 838 566 928 778 350 668 227 791 325 957 427 262
24 268
147 859 709 605 696 878 727 743 691 864 379 303 174 360 397 516 475 792 91 438 354 964 965 479
399 417 560 543 212 698 644 430 984 390 754 367 243 18 882 72 627 828 730 572 462 474 417 946
35 525
531 231 567 654 708 427 987 86 393 483 283 841 421 545 595 590 586 371 619 995 616 668 70 177 98 391 189 500 921 383 586 207 189 77 155
305 495 366 622 163 238 913 943 993 161 742 878 989 366 491 974 432 949 463 630 120 238 410 197 79 367 712 793 683 841 672 993 607 187 322
91 91
193 647 842 876 482 132 242 857 921 133 852 805 694 785 513 597 227 547 127 54 668 99 602 566 478 303 111 826 590 825 134 111 94 99 744 744 35 109 84 938 164 999 749 941 151 950 900 189 801 873 204 514 532 798 438 718 726 329 205 363 408 51 556 994 526 142 872 501 760 303 975 32 930 619 266 81 649 823 532 92 226 414 324 435 301 737 26 912 131 151 317
145 475 239 865 513 125 837 419 793 52 473 152 986 475 805 496 912 542 365 854 97 30 590 97 847 518 814 976 934 819 922 404 992 262 383 802 498 308 483 818 462 605 577 224 787 647 258 273 8 877 824 502 965 456 344 300 581 511 230 524 722 860 907 82 50 334 734 934 520 358 348 445 383 509 965 332 361 481 410 801 899 921 77 934 70 65 941 601 961 738 905
90 646
721 898 626 287 521 186 758 609 741 821 724 545 541 235 810 518 728 610 58 132 901 247 870 784 497 314 469 397 382 229 699 790 189 324 118 540 763 87 688 830 714 443 847 237 250 211 467 372 328 296 146 967 978 830 90 779 783 698 556 746 847 342 42 13 168 72 267 65 249 209 234 980 291 152 68 926 802 58 766 996 424 229 717 298 214 812 283 736 759 112
896 172 867 974 478 443 306 643 330 930 53 738 187 16 702 877 373 945 267 369 968 415 153 6 8 830 623 745 676 873 288 624 286 256 310 56 389 865 750 668 542 853 845 532 346 125 910 346 848 73 16 438 282 694 134 483 672 659 897 366 365 697 650 197 649 861 775 310 725 601 713 54 895 234 683 599 694 791 93 935 305 252 487 469 108 235 682 543 985 592
24 68
698 316 197 198 63 639 987 947 852 160 420 797 529 926 581 164 578 75 443 845 170 377 387 283
436 932 802 170 274 74 473 407 633 772 564 777 934 906 700 261 774 824 842 605 402 56 157 525
56 633
151 611 230 824 811 112 626 405 40 260 66 243 62 974 606 700 751 928 370 15 635 505 759 937 232 98 25 420 708 803 600 781 160 659 91 778 342 989 843 746 49 970 246 651 950 594 431 558 365 593 113 236 504 577 544 412
991 316 248 129 187 368 634 83 28 715 632 415 823 329 70 363 892 460 46 885 244 664 285 928 555 154 834 884 461 627 372 277 135 100 839 191 648 570 430 301 942 84 253 316 940 566 75 699 729 724 305 406 717 115 889 927
55 785
851 382 495 953 387 622 707 675 636 346 460 556 293 101 151 593 223 522 370 986 593 559 719 859 25 244 300 246 610 913 511 900 369 484 539 52 705 631 993 935 662 747 249 495 700 261 441 121 345 36 776 28 92 395 572
726 192 522 834 13 387 773 474 718 269 866 682 833 162 636 306 682 325 422 642 564 274 412 221 295 46 84 859 161 572 117 13 365 468 628 55 250 447 188 466 702 908 932 943 972 352 33 530 427 123 75 173 646 110 705
85 273
154 82 986 332 818 872 525 777 728 196 405 791 69 820 905 352 943 633 135 608 489 613 752 509 522 404 794 192 8 493 33 282 282 718 6 850 661 186 121 997 642 239 804 953 852 72 825 298 717 315 404 699 31 601 670 548 95 236 484 513 753 781 233 614 973 776 57 974 680 146 140 932 415 786 973 636 384 953 736 804 134 51 964 512 594
717 835 406 985 583 399 310 596 395 999 132 138 743 153 293 243 311 990 860 951 793 701 511 526 251 228 313 219 791 71 550 984 409 757 22 701 344 730 264 38 883 608 305 356 860 876 769 312 570 155 377 325 715 119 809 92 722 73 59 974 569 294 910 513 929 35 307 969 634 482 653 220 794 679 316 936 281 56 855 175 81 742 383 485 586
6 186
35 377 260 920 226 961
68 502 818 198 712 775
56 637
198 580 280 1 409 650 497 966 817 498 455 274 323 485 982 157 335 705 601 528 567 786 485 347 101 372 360 417 217 883 930 382 761 945 632 805 446 505 927 994 214 950 19 347 256 721 283 417 20 923 857 910 659 350 633 677
578 807 278 698 998 645 900 797 537 93 605 603 933 481 978 775 931 468 372 182 166 826 93 700 408 929 289 181 88 981 624 762 161 671 848 430 136 772 569 235 290 800 900 370 950 260 5 551 778 265 860 406 554 351 527 699
85 457
912 735 440 972 44 291 566 397 565 728 986 921 193 657 883 241 586 695 258 77 124 755 251 819 215 146 177 790 54 344 416 452 435 383 366 799 426 503 887 460 591 344 524 138 761 491 806 971 880 534 934 247 564 351 406 524 540 917 504 928 240 514 485 893 53 955 910 805 748 444 511 733 140 288 647 891 437 224 851 487 119 953 198 991 483
18 752 828 4 479 234 159 3 773 263 351 815 570 775 178 915 800 257 441 142 910 393 48 610 17 251 386 281 403 39 918 69 954 56 136 621 476 457 770 840 216 291 558 522 440 413 504 761 159 722 990 609 45 33 892 178 621 324 85 668 128 466 259 820 691 2 328 574 989 750 667 722 830 774 893 499 671 529 355 62 870 748 502 127 20
59 885
56 932 756 307 574 100 540 885 616 478 271 829 65 545 224 526 937 416 556 968 994 929 69 466 121 260 398 356 907 829 260 910 747 650 791 742 448 28 479 519 815 160 549 484 114 301 278 296 138 201 334 24 101 189 333 263 297 824 753
334 897 809 346 818 862 16 19 420 465 745 299 421 229 69 686 502 210 538 999 59 726 520 583 797 529 478 924 661 292 691 570 451 946 223 162 601 643 569 745 56 737 473 472 820 199 195 276 634 659 463 175 719 286 968 224 233 638 454
49 321
630 17 277 881 346 856 419 290 996 400 349 728 162 541 637 139 550 346 339 173 667 574 690 916 876 293 523 107 531 643 637 340 104 846 962 246 906 446 600 663 423 578 151 509 481 905 719 79 248
804 269 622 788 4 83 33 581 681 784 917 972 672 912 603 400 619 72 922 883 897 729 279 708 127 644 550 697 627 854 828 566 688 808 15 950 199 439 217 480 175 42 663 514 681 611 1 374 761
79 601
935 845 143 915 186 601 34 843 604 872 759 83 22 463 793 100 295 278 941 817 243 252 647 460 101 396 52 801 836 735 438 503 767 887 481 171 504 350 323 868 629 474 551 88 760 991 864 303 240 839 762 543 222 933 550 388 400 194 908 506 87 862 833 801 866 89 380 930 604 619 634 661 296 537 886 610 243 670 609
627 625 330 436 292 489 543 355 404 92 284 631 899 875 140 931 955 849 934 601 154 432 262 54 717 342 877 772 318 951 621 546 789 744 157 621 926 160 972 252 599 172 542 854 272 858 828 555 156 822 564 441 777 858 349 586 217 298 296 997 591 66 920 688 22 851 658 736 105 724 958 382 116 825 677 671 448 709 434
53 460
557 786 223 926 205 758 864 630 291 777 671 562 777 980 125 530 599 166 427 366 556 874 967 895 48 114 708 405 371 874 682 426 963 299 172 312 46 955 906 749 860 572 355 373 437 622 888 937 394 266 534 557 14
72 692 82 868 715 518 178 406 225 725 13 745 208 142 302 361 572 806 735 598 19 677 234 199 384 908 516 641 660 963 734 343 723 260 653 610 377 776 392 941 514 300 525 311 358 257 637 550 850 241 802 629 186
2 413
492 580
324 384
84 346
36 8 483 41 468 452 412 124 478 774 248 262 601 621 269 53 859 160 722 606 688 316 252 707 192 936 874 541 367 447 36 641 993 667 730 855 666 183 427 529 651 442 167 183 536 794 724 439 749 394 398 536 294 423 41 481 829 318 922 856 612 986 529 922 723 322 956 407 685 689 762 557 396 762 2 186 845 712 723 534 753 349 895 702
384 327 142 92 841 242 141 884 870 1000 784 209 893 355 240 423 49 379 212 541 875 77 701 600 831 560 308 255 88 787 691 982 581 445 82 296 256 454 749 191 62 922 672 485 838 42 125 584 160 335 309 196 213 59 523 747 893 278 293 995 171 248 54 329 714 712 481 839 73 773 417 678 257 117 363 202 940 638 470 9 220 887 447 905
28 154
376 404 659 458 307 665 638 394 166 579 923 67 362 49 431 123 858 892 432 376 114 513 28 877 184 989 476 604
139 557 319 484 315 902 396 651 153 307 846 562 658 265 309 39 641 36 275 753 245 490 148 541 268 729 638 396
24 847
342 32 552 62 467 321 822 206 263 168 923 20 552 680 412 452 226 203 574 617 157 43 453 182
805 261 771 25 642 74 901 419 225 285 745 668 870 615 842 439 313 522 342 411 632 760 383 771
38 97
777 80 588 338 428 162 540 272 612 957 891 178 71 567 203 154 43 293 914 927 469 991 134 316 692 149 809 963 256 90 81 126 147 913 18 307 344 914
192 5 626 636 354 185 392 97 377 517 556 772 124 821 541 703 352 416 51 308 258 238 566 70 868 206 153 941 838 801 184 68 640 652 114 792 343 856
54 177
835 558 562 353 945 779 32 857 664 844 717 522 679 407 481 240 27 660 671 500 741 104 225 557 10 457 421 590 254 382 815 261 382 342 67 44 132 535 449 792 79 349 683 502 883 285 670 298 902 219 56 264 575 500
746 698 762 633 738 342 634 737 641 401 219 413 761 10 229 145 697 204 840 224 258 860 13 868 418 741 485 196 819 334 919 156 172 841 956 330 318 351 991 736 571 114 907 393 724 216 228 818 405 764 409 803 709 747
72 812
170 236 6 714 704 362 983 402 64 168 26 5 255 91 212 132 924 171 591 501 575 879 84 677 802 721 462 28 684 614 501 529 495 132 422 544 517 482 351 579 295 580 567 745 382 449 641 168 788 910 270 902 598 664 19 16 59 404 680 154 787 477 350 439 232 666 479 353 984 281 885 302
443 102 158 637 720 505 861 168 827 911 514 410 318 554 742 633 170 383 791 237 321 197 648 354 378 501 623 879 405 331 136 61 817 319 984 613 419 442 355 807 268 532 632 798 826 547 960 335 917 237 501 377 789 356 997 722 530 679 118 292 352 437 371 460 511 700 384 429 656 610 400 385
78 703
160 853 431 709 619 632 337 51 555 344 567 279 314 500 239 178 446 966 166 716 682 423 84 51 396 585 450 865 226 614 590 404 323 977 525 155 767 991 892 448 288 904 589 304 205 935 91 286 8 301 295 461 489 63 737 67 659 510 440 497 988 937 482 366 23 849 839 668 607 886 583 404 464 97 192 643 785 294
748 838 140 358 491 116 990 476 778 481 648 891 220 151 765 348 592 651 228 979 668 539 944 30 287 809 761 106 719 642 930 560 815 231 469 361 808 434 824 52 699 923 370 522 413 700 819 859 330 779 86 529 845 387 992 222 937 683 894 17 80 475 812 59 221 79 658 960 153 357 581 501 666 26 668 372 336 471
41 791
92 784 636 72 668 508 724 309 571 152 575 536 541 6 236 868 854 499 507 591 657 946 550 537 652 548 671 639 160 927 603 713 703 101 219 256 516 37 848 886 618
275 786 780 444 614 127 317 322 134 889 494 105 789 845 326 174 996 979 820 207 20 341 630 200 690 821 369 306 19 927 521 75 581 521 404 679 922 109 192 69 438
71 544
596 14 178 994 530 626 731 220 311 110 551 363 528 723 791 59 270 597 248 524 573 776 301 680 627 363 235 500 952 953 689 561 566 749 239 41 142 295 653 170 234 594 343 229 819 81 679 336 294 900 126 791 49 355 935 131 296 686 801 408 799 515 354 409 48 240 919 709 521 669 927
351 596 105 452 226 491 452 107 170 382 614 928 91 862 659 207 305 583 185 91 975 386 253 460 495 578 590 113 250 133 227 957 435 584 597 832 633 735 573 450 171 139 426 577 159 323 381 518 320 67 111 188 891 844 257 359 388 141 982 940 537 139 619 433 198 21 574 173 733 906 206
63 91
676 999 812 369 264 917 301 436 513 679 329 557 309 446 695 214 576 326 593 360 556 925 339 906 302 748 669 381 716 348 519 523 542 774 128 840 99 578 374 783 184 999 611 414 423 444 609 92 109 108 656 922 781 186 58 984 66 401 966 183 797 285 690
651 835 82 163 837 757 474 862 517 606 817 760 702 850 818 798 617 83 19 731 294 127 812 80 220 803 60 10 829 824 640 706 990 933 443 938 459 851 697 266 153 877 337 339 608 958 275 646 352 674 765 692 713 320 891 849 440 19 271 247 788 645 79
52 631
190 679 155 668 86 375 510 998 990 991 789 281 11 38 927 249 741 871 20 799 762 394 351 844 450 390 489 740 405 158 331 266 81 692 877 744 880 610 258 158 760 162 223 126 224 918 932 264 220 552 657 264
461 81 278 686 955 950 724 768 979 971 452 110 55 658 609 483 573 670 312 2 328 807 741 210 528 925 841 194 528 612 260 233 219 473 709 452 510 827 9 577 780 436 65 322 477 529 10 310 921 966 850 692
98 24
421 794 817 369 897 826 605 411 602 916 529 852 160 748 708 334 404 519 190 237 816 437 306 26 898 342 299 413 489 677 96 949 889 487 1000 397 565 486 296 822 833 647 432 501 167 662 943 817 624 19 849 675 805 615 56 512 812 414 897 776 61 353 533 425 276 535 13 314 87 355 264 945 877 74 965 942 316 783 53 848 757 679 275 306 595 485 621 339 464 791 331 831 814 992 35 276 376 644
518 849 441 793 3 206 562 536 658 958 406 802 983 935 56 27 833 232 952 844 150 963 823 24 636 228 661 470 16 652 582 979 66 233 590 33 839 43 148 489 722 135 651 779 274 310 339 761 935 716 198 48 824 783 251 770 722 912 362 111 755 554 684 527 25 153 917 500 373 940 433 781 259 453 916 321 681 649 799 456 946 608 458 469 567 733 707 906 738 514 821 478 77 816 174 223 511 139
19 251
181 637 668 84 12 508 133 544 150 945 598 517 555 291 306 177 540 73 871
483 969 743 156 196 318 344 874 908 231 95 665 199 468 657 120 845 933 88
60 986
730 284 260 848 681 356 967 306 224 137 983 316 12 15 481 995 544 248 566 947 34 151 992 52 555 956 272 150 929 142 586 425 717 823 254 391 79 968 551 712 132 255 169 402 888 615 681 475 124 940 960 184 830 596 149 482 47 867 292 621
997 164 180 77 437 42 472 49 162 726 386 881 793 528 170 606 926 443 948 162 57 714 616 712 651 711 746 399 504 522 649 386 425 504 676 710 963 228 51 430 619 966 634 889 282 975 927 762 157 784 576 540 114 16 717 962 426 866 245 160
69 78
590 213 864 250 505 274 722 506 570 54 85 833 383 969 264 3 59 882 37 299 719 281 288 599 286 98 317 274 487 790 239 989 228 698 961 581 176 502 893 29 199 707 843 39 936 924 894 575 834 785 85 218 21 537 510 887 291 981 992 448 787 618 783 192 865 346 332 188 916
198 357 986 472 64 136 218 648 519 242 340 943 251 530 449 716 813 276 215 47 306 110 554 880 330 575 722 176 125 249 547 275 371 264 452 232 775 644 605 66 714 706 779 796 620 317 918 314 460 629 567 634 218 21 439 307 390 370 959 555 957 987 294 715 277 575 557 500 95
99 248
960 627 643 261 195 118 808 802 367 729 638 101 569 908 642 176 259 424 2 201 586 910 299 247 183 631 830 753 692 273 888 257 31 879 589 655 519 299 212 211 60 949 470 841 946 56 144 747 761 454 183 574 659 72 1000 907 895 46 538 417 185 530 539 116 945 627 150 976 459 443 887 400 507 872 423 506 818 139 351 532 669 808 324 846 182 367 873 73 114 484 700 733 65 577 653 418 947 650 247
981 512 626 959 152 770 62 797 813 977 217 768 895 496 959 367 397 776 71 655 670 874 537 236 989 60 525 303 525 114 272 880 265 975 543 185 443 884 807 301 974 721 171 268 198 508 421 433 368 437 96 466 797 28 282 588 217 291 630 464 242 780 40 627 759 854 645 969 580 253 534 708 49 781 93 551 855 357 763 454 426 153 805 273 998 140 107 763 428 344 335 821 789 732 521 179 189 224 445
94 439
166 89 977 158 347 729 276 108 331 158 270 618 55 668 487 952 564 233 137 842 662 200 528 841 996 881 616 223 665 345 514 308 138 962 741 820 339 281 47 351 972 249 437 89 287 418 807 242 897 677 850 903 342 475 317 782 247 542 11 519 493 631 762 206 244 877 57 610 525 357 735 79 604 708 310 772 829 897 474 929 94 129 982 616 764 699 219 529 108 509 29 249 462 705
707 576 627 422 419 773 867 957 47 694 701 935 234 237 589 211 929 778 585 614 156 457 146 253 376 766 767 709 339 999 885 50 164 798 925 868 547 833 597 167 642 77 235 246 37 251 972 6 138 949 973 20 875 739 208 530 71 998 394 352 502 699 887 378 891 235 412 501 350 960 778 496 441 848 918 706 507 181 708 89 174 690 95 161 135 780 882 258 98 495 469 703 266 203
15 946
349 684 564 322 160 846 19 318 522 787 85 650 954 146 99
299 341 245 421 924 910 536 113 22 291 147 318 484 874 602
39 180
670 110 308 896 933 274 951 284 63 796 903 941 829 98 319 427 219 187 876 51 398 899 462 185 586 854 794 346 887 737 909 937 478 73 726 733 467 288 873
201 911 876 162 970 965 643 478 744 928 956 710 77 699 766 642 764 702 999 890 330 821 220 474 696 442 885 251 38 780 509 929 905 751 107 412 201 761 946
94 986
950 825 438 897 228 929 606 892 179 442 313 658 42 820 462 244 902 906 312 386 794 37 909 791 907 712 252 398 671 533 544 67 913 629 193 808 643 189 217 705 807 819 328 202 132 198 462 456 651 475 398 89 856 563 479 268 474 824 405 433 122 724 775 976 573 368 259 603 298 941 924 744 176 532 947 770 165 293 976 419 456 221 916 537 381 505 673 693 708 453 697 531 10 629
980 713 189 856 626 768 85 245 210 673 510 380 384 221 893 438 683 511 432 905 364 843 343 978 890 481 309 61 986 892 694 902 944 155 340 252 402 186 734 886 465 240 46 315 849 319 716 918 395 920 616 689 152 398 842 51 9 318 902 263 582 272 21 709 10 176 746 697 243 482 717 974 793 510 152 888 392 813 869 874 916 508 441 856 347 425 313 775 583 431 174 144 648 799
6 782
517 108 688 230 893 941
614 450 995 494 752 708
99 756
982 370 49 986 460 964 415 103 809 857 718 693 624 672 89 178 985 97 143 883 70 928 97 708 947 135 406 532 236 439 983 942 440 102 462 87 239 316 257 920 454 505 860 73 864 721 430 676 839 543 708 343 510 535 612 803 104 369 776 986 800 575 80 783 689 649 428 233 899 814 859 812 580 541 122 642 941 278 927 716 589 297 630 625 352 121 66 190 975 866 701 981 284 800 851 979 897 367 814
859 211 286 961 180 12 777 752 271 737 247 505 966 40 918 158 438 854 881 446 222 708 446 365 763 138 150 166 240 978 991 869 879 753 707 415 128 6 239 839 420 158 999 186 690 822 390 504 25 362 967 979 473 390 761 518 401 60 103 314 469 719 243 253 205 930 22 206 439 517 238 798 438 510 375 77 78 157 100 51 372 418 260 181 651 69 865 156 845 642 186 457 542 144 674 25 759 159 977
24 797
53 44 105 901 382 234 470 795 497 712 222 233 36 105 438 334 764 738 39 942 545 818 521 139
923 270 818 919 503 943 573 612 81 227 818 567 935 58 557 791 705 192 924 122 307 771 937 14
52 338
335 96 776 611 284 341 810 651 957 336 32 926 520 264 85 777 524 336 71 947 868 518 499 647 477 208 301 665 204 764 562 330 649 470 428 718 694 120 772 852 914 540 790 631 439 723 271 626 162 409 297 950
193 167 747 447 695 327 499 931 430 512 544 476 366 254 226 64 176 719 119 235 957 783 696 326 998 587 682 404 231 32 535 611 554 522 521 455 30 711 921 674 738 56 210 332 719 193 234 934 840 249 52 844
85 311
647 491 125 118 885 619 977 671 556 226 268 65 56 806 175 17 466 120 489 723 982 47 367 839 569 335 849 524 334 752 305 630 978 802 934 322 376 78 601 923 470 726 780 515 470 145 630 167 65 246 909 303 288 214 788 805 973 104 891 39 399 836 656 329 929 216 24 534 464 887 541 462 470 921 562 893 754 944 989 781 508 669 818 761 328
334 110 993 849 181 374 125 776 333 476 44 397 868 768 150 547 97 35 520 948 434 198 636 842 418 106 993 980 566 319 819 762 350 671 764 75 947 564 632 611 375 294 358 268 918 206 407 164 637 750 352 130 648 306 614 531 307 818 517 587 19 236 588 463 804 490 851 963 30 246 567 98 106 968 262 256 298 625 188 975 482 695 739 70 22
32 98
48 50 346 28 30 384 819 367 799 979 856 501 633 672 898 695 394 322 828 730 161 950 768 51 979 889 299 321 25 996 302 364
777 65 613 561 435 34 471 618 650 646 950 25 837 307 988 497 610 691 77 849 821 120 147 952 77 768 467 668 159 331 415 160
83 5
725 519 806 213 658 123 388 998 870 141 293 468 791 188 683 541 719 512 443 543 887 416 185 972 222 184 3 703 472 630 460 989 115 520 845 998 427 897 279 262 687 982 502 318 759 254 747 310 349 12 503 201 421 451 225 35 801 21 947 535 290 581 257 51 157 432 872 273 988 779 433 547 340 119 20 241 428 37 593 620 93 730 374
89 941 52 479 983 666 178 980 582 595 118 807 772 634 881 882 320 388 931 212 401 653 281 74 405 636 191 358 590 578 678 605 449 590 708 238 69 363 309 742 897 100 773 537 436 688 522 267 428 804 696 968 240 935 742 852 274 52 733 581 225 13 557 938 665 499 581 880 225 196 974 524 482 817 82 111 160 827 153 861 324 551 32
35 64
29 643 7 832 820 305 548 173 783 822 699 171 191 938 304 264 997 125 334 22 680 794 290 627 529 589 489 652 152 840 53 519 384 563 68
442 239 867 367 240 611 722 409 705 712 581 537 21 829 593 969 827 248 12 383 646 332 266 231 817 820 138 145 610 179 642 378 513 976 630
49 53
112 24 948 663 582 694 378 737 189 843 663 39 934 388 334 105 975 746 830 992 151 360 320 92 541 631 669 650 963 534 315 681 828 683 151 379 270 223 283 457 427 509 494 677 748 337 507 772 2
926 102 822 845 188 907 591 686 651 129 628 532 398 257 942 880 277 408 309 476 320 862 307 345 724 48 626 319 754 897 776 599 111 24 501 619 296 723 205 968 883 511 768 639 838 259 506 150 396
30 423
249 334 986 584 53 636 312 221 921 507 997 375 819 142 334 573 97 238 920 663 681 9 986 763 182 448 775 124 655 318
122 393 350 707 661 435 338 473 18 926 919 464 237 384 307 796 960 228 8 713 755 908 681 680 638 847 112 514 658 413
96 275
808 287 538 948 257 79 360 651 478 810 446 215 864 355 842 868 20 777 638 106 436 97 206 130 923 165 490 772 721 874 457 78 345 251 616 518 529 228 658 462 99 178 455 654 874 727 325 371 595 769 291 823 796 173 956 8 188 574 420 181 615 986 234 77 326 378 214 469 787 449 838 744 148 454 27 409 727 115 442 546 78 953 644 1 483 692 106 899 573 811 26 747 539 130 797 483
355 560 755 341 242 203 434 897 449 457 987 435 237 443 812 914 805 851 107 449 668 25 693 762 239 823 579 65 436 658 520 938 824 695 891 196 257 353 572 651 107 561 825 201 235 667 491 692 473 648 92 420 188 768 938 497 497 782 465 842 381 662 114 938 237 824 171 434 718 633 819 914 125 884 441 16 723 273 243 530 551 255 906 402 481 333 610 498 730 639 72 451 110 957 295 853
75 943
361 691 837 209 183 560 318 260 118 183 67 295 408 71 16 696 836 728 294 85 556 714 686 718 894 523 573 672 144 489 865 57 633 280 966 713 154 402 56 5 951 880 176 225 290 867 652 193 449 218 472 676 402 683 172 814 804 130 595 335 808 652 201 834 248 1000 449 963 419 113 937 988 294 732 583
715 594 412 286 802 532 885 367 527 564 817 524 30 794 856 157 251 332 687 985 282 326 551 592 855 467 354 435 21 683 27 603 814 68 200 821 980 397 445 227 891 431 595 837 985 822 901 101 300 478 355 873 361 19 355 305 476 179 114 892 105 143 581 787 978 828 633 442 797 33 926 245 890 263 669
80 175
123 131 376 482 480 976 675 513 637 230 993 268 479 798 565 58 998 401 435 385 673 376 523 156 237 927 389 296 268 653 883 859 288 957 802 903 843 538 80 919 618 302 78 407 248 273 451 887 216 409 165 937 381 373 105 14 758 844 337 232 242 236 17 622 814 600 94 936 556 155 616 259 997 624 866 873 711 505 211 296
682 862 223 974 482 931 513 964 908 340 265 325 72 652 381 175 23 343 72 325 801 194 751 117 323 143 332 34 567 297 51 817 167 853 394 23 731 734 547 925 46 505 162 255 23 10 570 433 398 520 373 369 671 775 566 623 272 104 956 580 515 896 836 124 864 833 591 4 181 121 75 370 350 832 132 343 978 165 665 926
85 396
237 550 558 217 725 278 360 969 922 286 16 489 205 313 729 876 7 823 886 863 805 269 647 140 847 755 128 74 9 639 434 515 704 230 131 895 821 236 28 293 102 726 243 37 921 742 614 565 275 879 794 939 396 430 984 292 466 542 456 125 20 670 29 598 944 957 552 555 730 229 470 52 246 535 64 940 966 723 1 391 924 651 798 913 128
204 2 646 843 230 274 423 359 693 38 757 921 754 839 61 992 738 12 253 923 858 449 232 486 650 738 142 830 180 957 325 552 931 241 622 105 150 301 670 239 71 119 941 278 825 180 855 212 843 634 842 2 278 893 678 925 114 474 423 756 943 288 437 862 653 668 303 631 260 264 335 246 238 293 269 540 319 697 576 667 533 494 795 385 500
69 587
188 884 186 215 764 26 655 820 28 98 101 18 562 849 24 678 685 247 308 213 881 724 753 517 793 847 314 944 503 584 475 870 214 548 243 980 534 846 606 70 12 248 104 11 786 355 91 882 560 411 793 969 314 580 186 258 401 708 184 961 815 265 559 938 972 908 933 672 185
837 784 802 343 232 669 985 203 996 253 753 337 999 275 971 364 400 888 693 655 387 906 619 938 633 6 295 304 49 849 583 389 130 181 190 817 268 843 658 595 811 1000 106 114 172 587 603 941 914 208 406 129 939 204 896 642 964 335 838 160 238 698 25 524 170 89 376 999 329
13 896
58 365 788 263 246 532 409 658 615 675 478 633 832
208 693 352 554 273 4 940 314 766 328 266 377 705
58 406
73 544 568 236 581 990 720 162 327 193 867 784 10 337 934 967 554 671 519 18 939 167 445 942 67 779 450 835 74 999 583 900 292 993 164 486 609 634 325 931 524 327 257 234 619 962 367 371 840 656 645 952 649 68 651 755 210 5
58 303 299 815 589 256 162 436 445 382 503 573 558 197 419 986 99 467 53 893 233 783 869 262 594 749 333 541 718 63 696 10 692 964 998 398 939 102 915 443 423 465 883 52 460 673 751 292 170 358 825 302 344 560 704 997 844 949
8 534
67 656 339 784 164 706 280 500
112 496 34 528 457 42 665 78
39 883
702 192 162 215 903 960 868 103 493 33 376 433 460 571 125 236 624 142 963 707 141 102 5 631 683 81 310 403 557 116 79 905 931 419 243 97 406 465 759
630 69 20 563 474 795 729 883 716 629 988 469 18 871 574 408 638 763 998 823 554 89 510 772 329 900 506 530 158 452 506 382 775 191 549 817 508 445 640
58 846
812 825 248 387 455 481 539 288 73 343 751 394 931 525 141 74 438 1000 1000 188 372 306 478 361 306 173 473 884 526 12 858 352 977 232 913 200 93 751 845 396 292 614 669 14 320 747 178 515 854 74 769 273 787 921 145 591 140 959
755 785 501 342 995 910 925 936 157 722 66 993 815 774 715 215 774 395 515 837 103 333 845 657 25 714 699 826 350 548 116 39 412 218 996 464 766 820 876 546 154 855 847 994 21 850 979 773 431 637 671 685 617 762 837 426 720 957
10 213
883 646 510 944 808 412 206 10 600 910
377 230 956 68 964 306 87 636 940 264
31 535
898 485 814 155 431 801 762 564 970 297 988 697 822 197 867 689 350 652 360 788 977 931 964 478 517 186 244 660 565 835 367
267 960 988 298 694 185 425 909 359 651 796 504 184 158 944 942 554 699 744 821 792 382 443 823 6 566 133 706 443 720 211
57 400
513 868 680 105 847 455 794 999 171 110 816 35 904 785 54 60 910 237 362 772 209 543 989 955 427 518 888 480 571 210 882 872 788 4 776 837 855 470 428 552 20 101 887 527 929 987 10 111 892 234 681 193 38 549 410 48 985
811 451 506 530 848 440 76 897 225 835 127 510 147 407 60 437 668 544 428 923 262 957 919 706 196 722 515 689 23 770 504 818 541 88 587 684 396 269 346 715 989 485 34 765 579 999 684 558 952 229 578 841 305 290 479 625 926
88 918
73 854 862 315 504 156 559 372 126 799 215 128 880 632 137 972 38 244 93 39 839 215 740 577 869 879 334 51 702 821 15 659 805 887 674 186 748 262 959 896 981 2 147 100 906 443 541 223 646 868 636 949 253 236 196 742 23 540 734 820 476 41 268 52 318 255 197 44 809 271 462 492 306 310 601 427 323 360 452 343 587 973 735 7 123 204 166 627
891 561 392 72 85 873 123 530 802 288 871 193 278 921 971 581 851 156 238 320 141 605 177 742 815 826 802 38 252 885 883 558 346 409 587 714 662 672 195 443 57 691 483 458 486 870 850 204 943 386 417 855 398 1000 471 924 508 679 830 438 269 827 679 909 506 107 502 825 792 320 359 459 506 83 478 938 217 351 483 746 156 219 460 47 267 98 487 171
76 708
49 783 781 791 484 946 957 62 537 770 544 792 437 225 547 757 235 313 542 209 670 813 877 56 175 208 267 187 149 295 143 865 741 486 914 64 677 104 579 134 991 646 803 358 204 366 602 56 649 318 541 341 437 593 119 170 836 339 911 205 608 193 135 659 666 327 582 279 814 44 715 91 95 755 643 244
791 178 487 235 377 27 77 411 331 529 144 774 333 631 854 751 358 676 548 701 245 550 801 534 524 353 237 92 262 56 474 746 641 458 55 553 37 637 271 626 773 656 279 751 528 475 368 382 787 262 312 687 560 205 449 853 686 528 488 735 704 313 422 137 775 636 794 19 725 464 321 390 92 852 902 186
74 482
80 855 339 705 336 706 238 624 531 570 283 373 774 875 332 626 299 501 512 179 892 876 409 93 830 986 683 46 630 507 448 870 816 393 849 911 873 9 769 343 761 83 99 647 654 90 469 620 625 902 686 208 574 497 777 194 747 950 44 784 674 707 855 672 150 520 955 810 860 105 254 943 529 675
291 283 975 68 900 503 279 689 399 440 735 771 679 258 241 817 85 981 260 129 341 93 814 950 93 426 870 913 264 509 220 165 378 956 88 76 332 455 246 919 765 223 33 992 658 633 474 941 156 371 623 445 16 405 925 580 368 630 601 329 120 308 906 690 124 621 6 948 305 175 393 180 963 586
30 432
673 321 418 389 570 323 538 17 853 901 11 197 927 41 156 903 502 380 345 869 742 648 34 334 991 990 339 897 771 1
903 644 619 787 15 896 935 299 937 398 266 189 376 370 349 721 265 368 43 467 232 403 229 613 861 454 631 228 14 424
12 767
90 577 713 434 111 175 632 119 716 293 434 466
506 331 311 297 984 395 774 916 957 160 9 254
84 29
913 4 994 928 285 715 99 430 219 969 850 509 954 18 228 476 751 149 60 4 656 299 621 782 567 473 709 702 306 831 397 923 767 300 175 509 914 247 355 469 201 10 783 920 933 273 813 998 680 811 471 604 826 381 142 514 281 113 882 461 283 809 688 865 230 574 581 638 930 80 562 524 679 694 731 788 962 212 693 843 768 728 234 772
801 190 127 903 405 569 757 870 815 48 253 712 170 669 544 689 411 776 965 636 232 315 458 70 138 667 569 605 598 499 518 344 995 890 569 445 391 764 354 713 786 934 711 2 848 208 361 361 554 92 262 733 808 786 572 138 765 166 584 927 654 859 185 458 541 370 584 166 233 839 350 549 975 445 875 557 480 109 627 316 335 717 965 10
64 801
775 215 33 896 342 270 827 256 473 254 822 871 691 807 53 55 487 83 944 634 851 245 706 190 565 535 668 792 124 324 45 971 71 405 217 506 886 278 931 832 244 903 645 870 534 97 585 902 187 871 845 334 386 373 896 268 811 698 670 603 971 149 968 281
644 828 535 163 272 864 161 369 70 59 610 603 140 667 708 178 532 852 285 610 925 847 599 643 269 484 491 983 49 284 671 857 247 110 330 972 959 585 800 634 717 269 866 714 362 826 6 559 659 355 215 652 510 278 193 687 936 300 796 965 852 991 948 220
5 594
568 949 719 472 116
984 723 661 636 913
70 163
225 625 580 677 279 837 238 822 47 973 251 522 635 262 779 631 273 127 791 472 779 687 340 91 983 578 981 976 475 504 170 476 735 662 247 135 11 507 643 619 479 664 717 469 94 690 924 536 81 586 297 743 592 742 667 288 583 690 235 90 285 402 319 739 290 910 743 765 661 44
571 661 238 79 809 56 978 59 189 602 827 300 911 361 976 811 933 423 251 559 201 719 499 835 822 335 81 347 964 481 809 104 943 782 318 240 983 23 55 123 234 400 746 821 522 447 927 982 156 642 683 919 64 441 1 230 146 151 253 256 350 610 276 486 290 840 64 80 205 39
21 734
709 614 370 636 734 746 1 444 666 49 21 986 463 262 621 920 768 297 440 810 966
962 900 804 365 960 989 439 606 281 412 87 466 804 742 53 680 755 366 996 537 230
19 177
174 967 865 881 22 780 379 956 546 171 988 32 388 174 14 10 851 27 943
444 137 420 790 544 495 554 682 926 503 406 39 527 343 540 503 181 728 477
61 374
274 245 973 926 697 681 62 977 596 647 884 161 575 97 508 71 582 199 613 592 245 627 973 173 213 909 714 748 360 366 391 636 776 390 86 404 836 88 109 530 576 753 209 187 181 46 887 44 304 684 375 888 405 296 784 121 716 488 385 640 422
102 393 442 381 697 564 334 43 249 709 683 546 321 183 598 298 283 324 539 438 519 878 704 498 865 629 293 531 689 489 105 234 587 807 56 308 693 722 161 666 21 39 978 855 596 534 325 514 493 537 549 918 240 306 857 46 716 240 86 744 969
61 41
343 811 402 322 956 122 585 958 639 982 110 840 709 386 847 167 174 749 574 252 982 444 665 371 730 939 35 579 244 201 739 877 310 453 495 445 204 915 780 445 580 992 8 303 106 188 578 230 370 143 146 691 734 914 312 37 390 825 680 54 132
295 904 242 251 632 886 447 758 907 291 810 448 506 913 781 453 501 160 743 326 859 974 11 111 282 33 889 472 460 543 586 379 162 848 58 467 997 602 645 109 899 52 48 684 240 87 722 806 997 830 466 200 435 686 700 98 636 174 804 405 785
42 915
71 383 250 925 278 559 432 26 687 69 878 576 479 706 72 727 295 307 905 221 198 539 943 650 524 84 81 840 4 297 943 453 789 228 557 120 347 509 616 520 244 447
459 299 423 339 659 204 834 674 662 629 103 309 996 995 691 656 429 983 696 392 1 164 418 146 626 531 606 872 789 892 283 221 240 150 106 312 417 51 743 717 111 425
18 212
695 415 256 458 92 132 829 19 171 147 983 668 229 646 740 604 170 483
302 804 178 492 472 518 627 833 531 597 269 862 892 621 558 288 586 540
61 209
824 615 745 451 435 795 83 141 68 499 654 873 444 357 739 60 566 163 722 556 501 513 309 558 537 450 843 627 293 63 614 653 305 68 222 250 15 269 525 671 143 152 91 442 732 357 588 744 105 302 811 597 42 245 391 980 702 325 744 226 120
563 391 96 870 742 806 433 80 155 793 864 82 473 345 658 451 52 423 135 494 7 843 218 839 345 826 9 506 286 645 240 634 701 455 518 85 142 235 169 517 17 974 848 473 258 228 376 840 42 260 738 767 909 479 900 199 99 553 9 237 645
1 504
701
233
3 967
367 380 938
704 201 445
