22
25 11
803 231 408 889 494 473 771 760 184 889 664 412 249 173 769 492 870 486 864 18 418 590 638 12 707
92 328 873 132 945 592 371 526 800 790 541 245 619 486 644 402 675 828 573 229 215 864 246 798 431
95 93
85 867 619 231 508 377 214 189 724 385 726 891 802 871 969 781 665 736 807 334 376 325 660 185 199 602 753 539 376 924 102 828 403 642 170 3 183 395 8 954 906 479 873 770 55 305 152 203 869 666 965 190 437 75 753 205 726 239 21 314 90 471 582 554 14 643 807 343 146 238 354 443 374 511 466 665 495 646 855 201 922 683 610 346 101 839 318 264 442 641 584 557 866 91 239
778 204 43 265 929 647 861 581 939 180 130 620 534 683 907 709 233 587 518 292 208 272 939 648 403 653 19 331 445 520 949 361 287 474 819 186 299 927 43 287 712 527 176 318 303 436 968 698 430 587 731 863 327 387 671 68 435 656 428 912 627 218 285 158 421 283 255 286 282 46 840 337 180 792 416 859 927 56 687 823 293 233 498 725 15 471 163 527 598 190 429 374 916 71 767
52 787
777 768 673 302 269 655 723 280 667 520 852 835 977 122 123 432 49 865 459 699 596 112 612 682 984 793 409 911 909 179 884 256 765 65 354 382 972 524 970 834 157 748 774 436 896 954 653 720 466 314 291 61
69 61 315 257 310 701 731 296 592 74 346 66 664 549 254 737 621 605 275 686 60 642 438 85 118 798 307 468 457 37 837 732 4 409 717 640 535 879 347 233 172 561 195 618 305 606 951 803 705 575 224 279
1 724
223
300
13 465
396 558 709 322 109 479 552 484 650 747 500 192 76
896 406 736 589 320 763 386 485 603 909 876 895 678
51 925
473 46 142 631 252 53 997 781 549 54 858 680 823 144 348 554 676 653 498 176 96 46 319 256 669 550 888 849 398 170 35 397 295 346 536 875 777 997 482 355 218 402 687 80 891 917 385 796 12 38 299
626 912 927 176 887 798 366 177 498 149 752 398 133 237 169 423 573 411 457 852 528 74 340 359 876 103 146 92 311 444 545 905 233 509 602 944 273 848 761 300 163 807 883 400 155 828 567 73 112 354 300
43 923
955 84 152 493 283 625 54 19 514 423 479 246 246 97 228 16 482 266 388 683 921 503 614 270 71 212 692 399 789 687 638 467 531 22 950 214 306 997 323 337 956 805 822
579 647 438 311 287 896 903 533 834 494 609 982 459 408 895 108 469 520 707 534 130 687 742 230 870 303 112 222 767 471 51 365 924 954 397 175 215 441 203 805 400 957 436
44 115
874 632 595 411 955 709 181 261 320 606 241 966 102 88 738 767 186 557 677 286 440 713 440 392 822 293 185 527 397 963 999 373 284 95 771 755 88 656 588 862 276 713 646 722
951 116 735 327 711 32 572 457 760 712 324 17 516 994 65 127 675 745 487 994 50 406 596 70 460 217 297 355 976 376 494 536 192 717 62 468 734 360 806 280 908 469 780 820
56 627
112 119 484 697 44 553 507 117 386 93 707 179 685 352 940 368 562 250 840 929 672 344 293 761 105 686 564 367 814 428 785 896 226 435 650 385 677 478 156 997 648 677 137 564 324 165 811 966 237 216 309 222 534 851 309 240
762 40 223 308 471 690 506 637 393 691 591 693 451 224 531 279 228 325 902 596 985 946 8 923 510 568 553 326 271 612 314 974 355 832 396 554 51 359 211 67 229 679 398 189 170 516 319 660 580 215 345 334 217 639 375 767
56 254
489 856 343 205 503 480 469 742 881 51 980 476 730 246 422 380 425 982 610 376 831 155 659 691 386 888 688 406 322 64 292 93 922 352 255 922 236 4 372 582 67 505 794 319 633 1 700 607 72 5 734 630 728 251 637 404
191 955 340 217 366 8 877 195 752 774 645 910 323 589 764 380 768 921 384 79 267 848 777 159 705 271 684 567 264 753 91 397 157 150 777 395 228 739 356 720 113 911 595 264 606 537 648 442 305 417 928 986 453 202 671 416
63 595
808 34 439 121 200 150 522 873 384 648 293 324 826 224 613 129 268 209 741 82 871 281 7 157 620 954 877 486 304 428 253 390 992 807 731 519 199 525 493 86 121 794 277 517 302 976 197 910 573 842 182 747 18 861 638 591 765 997 502 32 787 569 624
643 782 762 555 549 623 978 923 997 902 914 993 52 110 914 607 192 355 955 697 526 290 567 425 602 54 299 320 561 199 196 184 608 508 135 530 841 464 205 50 309 404 143 739 781 816 446 130 676 980 206 531 29 31 61 423 811 399 384 690 442 317 250
65 16
228 555 217 799 762 932 757 591 353 648 920 762 312 83 58 16 162 277 284 379 99 414 218 336 816 571 179 15 751 799 904 575 849 324 904 692 429 991 461 928 214 529 719 472 274 102 32 822 143 154 903 898 222 270 105 459 461 653 905 364 50 11 575 223 705
956 982 327 183 445 380 660 578 193 662 396 136 579 169 365 844 304 701 785 791 259 879 65 641 83 148 210 19 167 16 774 823 366 68 577 109 854 285 884 487 643 928 381 68 665 549 688 653 760 255 452 343 147 786 942 640 103 371 223 710 630 209 817 571 826
36 906
136 860 776 870 365 699 135 900 889 163 550 94 984 945 139 985 164 605 661 466 833 870 363 394 440 484 597 441 920 771 518 837 761 351 631 101
491 860 851 394 317 168 655 683 25 419 266 6 580 693 140 248 47 71 209 861 818 519 807 469 769 122 683 867 28 530 973 631 690 141 442 690
79 620
976 445 800 644 500 782 375 494 78 580 630 656 166 498 108 494 483 358 579 171 836 467 991 9 30 198 981 970 683 572 828 119 343 656 413 642 627 837 200 454 354 830 73 392 600 711 651 137 218 993 256 116 24 6 32 89 959 555 702 210 306 666 31 367 115 196 650 844 748 817 979 300 9 444 178 354 304 625 614
137 202 735 300 552 244 561 383 233 841 974 183 252 332 849 712 349 501 280 823 201 162 81 422 415 151 134 868 1 960 168 596 180 827 621 466 314 157 148 487 496 509 853 615 370 357 393 282 465 642 948 237 186 813 923 806 789 796 679 528 975 430 506 324 134 596 700 94 685 167 672 755 492 545 440 170 269 1000 468
7 945
532 854 345 329 328 781 519
356 499 778 139 444 637 859
57 762
493 101 570 725 82 785 20 38 461 566 659 60 785 840 611 328 950 540 64 961 569 394 419 367 724 252 959 313 283 263 628 406 356 851 578 953 141 480 533 89 108 181 842 977 897 872 962 361 866 81 887 299 198 740 538 560 220
158 889 448 528 575 323 570 39 269 41 705 549 31 721 337 200 327 396 431 14 502 160 22 394 299 479 133 291 190 8 620 107 655 173 917 808 746 431 593 997 628 959 298 671 679 844 354 898 826 183 491 9 438 109 812 953 261
86 995
872 627 304 234 543 59 734 509 786 857 140 306 246 968 822 801 698 676 359 329 290 425 532 425 883 356 206 655 394 285 658 65 88 785 939 928 818 734 636 247 64 130 606 563 522 744 275 301 426 46 946 228 369 267 743 884 155 9 71 155 431 547 769 754 874 539 177 160 976 879 420 378 802 395 819 107 370 104 25 678 847 18 969 242 486 140
779 353 333 7 439 832 922 239 954 865 690 299 406 731 988 548 354 535 637 255 88 825 123 163 360 810 307 914 15 904 270 875 498 707 463 387 836 924 747 130 731 50 464 358 120 731 482 920 611 576 100 264 591 348 679 221 346 73 656 574 772 772 838 176 290 929 750 763 328 740 143 546 674 216 68 845 356 705 151 46 503 46 804 869 24 209
24 69
190 909 758 311 849 60 541 239 705 312 541 26 571 945 875 339 963 864 827 965 86 802 395 929
202 16 84 381 317 328 133 857 528 156 857 206 59 628 988 612 244 527 2 468 806 100 296 398
48 537
653 653 449 808 385 23 275 827 546 544 818 591 83 11 994 186 88 195 613 613 793 228 188 729 518 642 76 317 437 244 700 594 959 583 578 852 733 123 602 459 52 653 162 307 540 722 526 943
130 466 701 831 7 41 966 193 397 156 611 606 639 812 558 209 959 578 351 252 432 761 391 880 897 669 490 708 276 95 781 990 658 659 465 19 657 632 133 179 130 687 9 39 297 978 140 91
12 114
349 811 811 98 596 137 550 355 581 540 276 181
852 873 861 293 387 55 567 152 689 893 531 300
9 191
942 185 722 379 722 155 875 720 197
751 477 118 374 867 256 775 623 672
26 297
552 219 472 825 464 53 471 413 570 138 313 662 512 100 883 483 463 474 19 770 9 235 704 315 936 910
502 582 813 702 568 402 68 953 806 305 716 804 90 576 467 886 301 822 863 501 548 973 1000 443 63 969
