33
23 602
470 20 327 499 751 42 943 328 964 983 104 909 15 20 156 111 336 233 533 404 127 963 694
121 217 663 373 220 918 383 220 203 467 388 367 209 968 576 984 995 235 819 186 855 175 95
10 212
391 933 788 816 732 238 962 649 456 765
592 801 64 60 928 740 241 767 925 823
2 776
743 751
694 997
13 592
985 212 360 907 625 803 775 19 665 14 462 377 53
130 724 792 962 808 745 291 114 524 605 243 792 140
79 490
927 298 748 999 899 93 294 379 145 804 309 717 866 54 576 810 149 114 907 820 367 15 641 611 382 690 989 314 189 275 171 933 381 761 541 141 422 525 879 417 637 648 897 34 203 335 536 394 311 646 555 453 78 88 966 659 413 995 196 900 397 272 549 828 782 28 906 559 757 337 580 924 537 455 485 120 606 341 726
674 22 435 89 175 812 138 825 175 227 96 649 585 238 705 164 921 748 841 377 629 836 322 688 738 674 103 280 990 106 215 728 836 81 204 671 603 264 7 24 97 114 98 513 442 697 696 46 481 88 787 505 9 854 555 233 851 666 97 836 857 20 237 15 943 89 639 58 986 697 754 496 444 187 634 985 902 546 956
14 894
943 341 907 954 47 118 721 701 184 783 323 66 412 53
258 300 65 7 145 912 279 720 312 208 81 489 364 16
53 137
854 243 504 58 198 215 721 322 487 846 799 999 492 884 44 357 540 321 38 983 827 400 235 429 665 263 389 349 145 748 507 809 341 966 879 86 358 592 294 591 553 859 454 645 16 876 733 893 690 754 665 480 592
179 628 10 572 488 942 570 295 352 323 142 653 618 520 384 589 719 218 943 333 311 175 581 13 546 996 518 181 144 188 856 324 468 406 610 856 843 20 14 305 932 619 253 338 891 335 4 173 544 215 832 925 386
44 90
420 781 953 42 639 391 956 406 775 659 321 436 14 578 410 423 492 412 244 963 870 762 957 306 478 866 698 431 657 458 288 148 852 179 851 297 780 600 459 214 200 824 90 236
34 181 918 356 883 304 958 196 818 716 750 590 267 474 163 158 950 960 624 179 676 27 189 186 903 943 934 341 888 260 760 541 521 323 658 49 622 349 221 296 400 714 80 302
87 534
868 100 456 695 242 339 798 155 355 177 683 499 481 21 738 664 494 26 145 973 358 625 546 533 514 586 498 461 737 829 26 952 277 402 16 942 293 737 748 396 866 448 957 851 752 418 679 456 105 926 651 387 823 469 517 701 878 545 959 494 169 97 867 618 505 552 248 240 425 377 34 272 791 370 726 741 814 93 507 480 125 389 169 843 618 67 110
294 20 875 463 298 340 432 359 218 803 768 298 100 631 636 241 2 165 280 581 481 793 582 972 695 825 732 875 579 328 702 331 336 520 766 507 117 840 557 72 639 961 574 996 729 261 357 645 718 203 133 127 223 470 934 662 276 683 964 958 101 463 329 556 923 129 923 383 246 766 186 844 721 126 636 507 544 481 189 585 3 302 605 207 19 438 523
63 853
820 500 355 20 887 485 300 388 292 781 898 675 531 596 928 298 292 948 564 796 844 130 733 4 562 636 883 580 255 940 7 217 940 32 377 646 57 233 303 48 79 241 478 988 65 86 883 662 971 11 431 623 52 869 811 715 88 750 728 645 584 540 200
115 682 971 975 242 676 632 142 952 524 625 386 992 953 753 629 624 396 394 617 852 53 306 961 936 281 600 9 712 993 844 483 68 124 253 589 371 703 906 470 831 299 832 521 576 339 617 340 991 550 896 384 15 693 558 511 712 830 439 405 790 471 288
33 522
33 788 98 959 767 488 320 566 243 145 877 520 639 440 882 783 183 580 502 930 944 373 163 188 625 526 468 233 698 254 909 589 119
799 966 535 936 78 737 796 111 491 209 125 496 79 159 481 177 996 664 141 304 802 183 679 788 695 38 689 305 331 565 867 713 565
34 951
320 471 752 9 430 25 972 684 684 152 459 826 866 538 169 341 390 129 955 684 697 159 389 61 590 247 89 265 281 86 345 451 236 600
26 519 654 645 122 271 785 885 582 257 435 14 786 143 829 3 87 96 631 611 258 553 999 149 170 48 606 461 337 743 136 393 193 816
66 590
600 583 642 115 42 840 897 168 953 639 599 852 855 544 597 975 376 262 524 809 767 55 72 410 759 918 914 112 914 93 534 422 554 462 634 206 188 818 136 102 641 437 673 174 888 729 891 459 814 239 201 236 193 170 376 933 577 601 35 810 870 307 199 593 29 694
900 230 697 1000 682 430 860 84 908 273 983 544 53 85 166 569 771 142 562 335 346 329 544 650 317 71 541 240 288 410 105 896 655 408 510 942 465 931 396 389 996 954 993 395 501 608 665 614 910 165 908 952 968 799 997 925 554 170 828 241 33 266 678 370 138 872
15 532
666 858 966 148 483 748 427 287 278 393 994 760 279 517 666
297 155 351 160 733 999 247 20 72 796 926 21 369 579 635
14 724
321 745 51 805 821 500 602 714 481 731 360 22 967 529
80 910 994 106 218 865 163 186 259 842 220 937 263 611
57 735
555 297 688 989 603 974 493 243 335 457 423 50 29 598 682 291 741 719 958 928 818 517 676 320 467 646 930 357 12 794 443 837 688 294 289 182 174 950 84 111 554 184 706 199 666 278 306 466 936 675 964 9 47 113 553 968 357
590 298 25 330 652 316 527 16 138 872 959 730 305 152 951 208 226 706 634 178 333 565 802 973 988 305 269 401 207 209 700 963 974 825 205 825 457 446 61 532 35 84 478 567 269 206 2 609 450 738 281 261 669 328 612 131 999
14 436
972 309 808 889 328 485 6 429 479 476 727 130 268 619
559 662 868 473 36 566 819 209 834 14 386 868 588 720
73 967
225 111 403 340 834 667 772 435 608 230 159 410 577 398 556 103 154 183 48 51 127 574 128 775 824 495 662 972 297 896 603 526 173 542 716 475 568 916 172 262 109 56 718 619 45 391 146 467 2 603 485 98 513 203 110 971 494 683 64 292 547 583 556 42 504 647 618 470 704 975 237 497 505
995 94 823 875 557 40 752 541 157 919 3 918 560 282 372 288 96 603 175 637 555 887 890 450 230 693 284 123 680 104 933 760 521 360 497 710 347 712 720 663 778 540 133 171 979 405 698 639 196 519 601 43 639 645 942 705 563 121 969 323 609 456 857 580 639 40 861 553 294 657 828 866 628
32 847
250 163 402 255 980 990 27 224 944 549 631 308 972 141 495 247 539 898 160 720 227 858 323 849 972 558 454 392 115 103 192 490
589 606 902 264 333 965 531 442 408 727 849 855 328 122 957 204 222 377 456 843 127 755 794 421 184 309 799 363 665 474 192 959
20 789
926 803 798 560 857 840 935 546 284 636 513 880 117 852 785 307 419 973 70 141
333 387 445 523 693 160 712 438 806 280 461 302 41 119 783 693 168 482 82 554
15 133
745 786 669 730 35 198 792 18 813 195 948 917 717 127 476
952 613 512 811 442 204 845 152 285 936 916 135 790 968 830
40 824
381 544 810 4 122 443 791 978 654 144 192 731 136 709 133 581 749 44 6 46 591 476 216 523 537 41 457 662 16 93 562 401 631 33 662 903 418 60 288 29
337 875 796 196 838 698 38 312 159 204 891 631 534 643 842 998 782 116 20 210 628 307 599 251 887 67 320 899 873 949 556 415 589 843 421 686 970 13 395 441
32 343
796 586 95 253 779 419 456 881 989 589 767 167 806 525 359 772 956 325 555 950 736 882 166 388 863 315 772 907 969 152 159 16
220 781 398 432 681 259 548 378 285 493 541 381 799 111 91 992 94 554 731 260 264 647 188 361 49 668 280 388 468 20 41 722
92 200
781 557 832 463 698 6 149 84 371 21 896 26 658 418 235 808 48 260 825 404 692 889 19 514 901 707 963 929 466 226 284 866 794 600 592 726 516 932 931 431 441 99 18 126 425 542 85 231 251 153 415 369 351 834 494 967 714 9 802 701 700 418 847 525 591 950 103 692 833 298 843 200 791 306 379 114 86 226 397 815 933 462 805 954 432 875 145 988 494 268 60 631
103 844 377 74 576 493 756 876 512 575 209 442 668 478 168 93 275 218 871 895 983 192 900 604 15 731 744 302 819 626 357 769 984 715 750 475 261 57 838 969 755 800 508 194 277 434 917 416 931 899 498 195 48 994 436 854 873 782 875 620 747 510 879 116 80 334 911 331 845 521 958 638 590 679 126 313 89 474 172 705 733 658 947 215 382 795 228 775 617 17 732 448
61 1
392 410 313 50 412 551 506 316 172 642 61 486 988 571 369 87 913 584 31 156 680 29 161 300 657 946 21 137 401 329 79 383 633 942 592 549 68 63 731 38 293 775 146 18 735 277 224 246 485 765 265 44 54 479 339 390 398 100 754 777 833
684 856 360 133 728 609 236 945 650 8 786 907 732 971 652 242 467 662 179 264 662 110 584 586 648 294 848 622 101 826 412 272 264 221 462 864 389 137 96 497 291 329 291 672 367 300 876 863 918 354 161 51 505 657 717 211 1 221 798 456 51
9 126
802 139 963 10 788 618 546 369 382
538 30 739 879 750 944 536 871 260
60 208
236 233 747 77 597 943 653 531 359 733 36 425 677 397 239 774 448 349 106 237 507 525 908 674 687 960 130 264 234 333 709 637 834 996 587 951 320 532 434 683 71 307 130 732 516 367 296 647 336 885 519 348 166 513 150 260 449 554 249 65
480 575 870 399 564 331 344 834 448 175 502 770 729 431 371 418 482 278 696 416 597 516 130 195 988 778 219 765 811 326 242 221 942 739 747 188 839 310 356 355 101 390 28 492 839 429 273 797 392 324 744 886 904 954 703 202 469 896 361 869
82 178
376 655 365 303 402 753 470 483 574 860 731 465 179 19 867 322 330 166 723 768 31 668 970 208 872 23 42 958 94 278 307 863 51 314 866 594 546 568 689 391 178 953 516 912 823 401 866 657 370 819 806 143 842 884 632 593 254 808 465 577 611 905 352 7 912 145 401 739 371 585 755 241 93 178 664 340 374 758 921 880 224 574
562 731 329 317 968 416 311 867 702 284 453 830 333 647 590 850 290 324 951 347 358 934 252 838 47 481 761 594 406 265 191 1 604 208 988 235 296 155 79 944 540 430 982 422 123 273 483 403 338 730 52 277 87 642 664 791 59 223 477 118 459 583 797 518 572 280 219 257 572 265 510 634 538 265 764 846 672 711 949 885 650 486
95 282
562 238 623 240 877 611 730 828 342 22 259 178 877 986 728 830 60 319 754 782 215 605 842 817 278 275 953 762 946 384 449 170 572 846 13 330 416 817 602 749 42 896 770 162 900 464 832 528 717 992 630 670 279 687 134 379 574 374 10 751 238 51 45 255 7 764 50 888 476 776 384 617 923 257 912 369 782 572 525 948 672 516 926 59 871 433 932 711 549 252 601 478 564 347 534
501 211 93 686 425 715 358 256 267 397 89 36 323 920 511 533 113 449 305 907 686 944 537 701 63 114 310 414 715 828 479 754 43 250 475 888 751 932 869 431 922 194 222 860 912 244 55 353 119 1000 258 288 705 134 854 605 626 371 30 520 168 976 912 419 697 741 109 704 630 680 779 485 960 671 490 869 705 248 114 261 722 620 620 62 35 32 689 423 398 214 489 622 966 424 169
85 282
268 405 124 149 490 29 599 228 349 584 775 10 59 347 102 701 667 671 670 659 735 687 297 920 624 244 511 719 703 171 980 210 872 997 124 937 64 706 994 765 940 127 891 926 679 633 663 63 560 135 985 968 750 864 311 589 327 219 597 836 480 274 397 460 185 148 647 478 581 673 795 414 910 457 608 538 386 27 583 433 632 600 345 690 222
165 321 560 341 793 596 733 144 442 547 960 432 349 754 37 377 495 10 742 516 875 825 591 852 926 610 691 212 312 309 120 987 126 62 320 676 103 706 921 170 186 20 876 501 771 175 980 445 464 153 54 297 809 533 733 654 298 993 898 933 132 518 791 560 384 999 676 907 355 192 354 126 546 703 668 201 246 370 967 639 457 160 762 619 540
31 725
505 703 329 465 223 189 845 973 714 165 663 838 950 335 389 698 74 250 287 99 196 72 742 635 241 993 299 863 302 525 750
106 671 249 986 939 940 729 595 220 762 306 829 450 683 460 842 450 617 481 535 413 308 468 155 33 328 470 53 554 257 697
24 893
893 759 875 884 386 215 497 217 180 674 455 949 935 938 641 648 620 550 523 225 81 172 456 51
95 377 425 988 24 19 483 767 109 287 192 645 373 707 619 149 868 313 33 137 10 719 110 165
42 519
535 555 744 137 702 406 883 451 531 295 227 42 341 471 11 991 66 628 668 14 20 438 977 676 16 653 662 880 103 749 626 179 307 605 756 415 948 82 126 207 901 359
195 63 454 946 716 3 168 828 570 36 260 620 390 216 183 883 643 549 587 806 698 837 473 751 638 911 523 588 606 112 946 58 621 271 829 462 132 899 118 7 949 206
