16
41 315
803 43 889 896 957 400 978 574 58 390 652 480 591 141 756 571 325 28 497 155 831 266 83 374 553 110 945 309 697 552 554 138 713 197 624 131 531 669 835 467 627
599 954 268 457 669 290 93 454 136 949 972 460 988 928 688 137 166 696 129 452 998 862 232 817 704 879 20 769 548 113 668 143 709 796 560 951 813 730 772 910 416
45 17
824 914 881 94 830 453 407 836 336 643 726 208 628 831 669 867 940 190 501 552 721 666 966 408 258 474 134 795 226 131 94 882 508 29 916 711 380 270 102 678 716 806 849 695 819
826 769 932 296 993 756 891 294 301 134 44 3 782 521 836 285 903 655 949 982 37 845 107 79 959 350 101 170 941 137 290 819 301 714 168 923 103 14 832 822 251 791 412 280 537
43 529
651 27 382 440 960 794 208 895 903 754 182 137 435 707 764 874 263 551 12 231 695 504 351 947 588 370 914 127 408 553 660 725 725 867 453 235 922 663 214 504 690 588 775
518 716 434 266 272 649 516 474 965 327 223 538 636 953 586 226 296 621 857 786 539 830 677 948 554 358 897 650 423 164 784 434 600 250 783 189 54 258 706 255 665 123 446
56 313
922 283 956 34 397 762 49 471 943 111 355 133 343 245 489 276 882 692 796 748 992 957 69 555 223 100 780 90 945 721 873 848 159 669 130 40 690 605 144 159 453 38 763 637 921 653 159 615 516 40 208 903 751 867 183 646
409 369 391 950 292 752 545 471 191 621 210 9 52 482 976 403 203 579 220 485 834 363 515 224 129 497 732 1000 648 940 501 427 46 909 502 370 139 709 660 429 237 1 642 423 876 54 990 870 10 695 756 670 338 750 629 155
26 460
343 481 164 708 842 435 94 600 273 582 195 499 219 258 910 515 918 341 188 489 910 842 465 675 819 607
165 193 157 153 693 849 241 252 184 409 585 41 224 291 908 75 966 59 963 431 356 340 702 665 680 260
8 650
332 326 18 77 587 579 540 173
398 563 955 695 894 688 47 545
6 849
8 49 294 400 572 996
511 549 339 51 839 346
48 327
244 795 458 931 799 369 5 461 962 583 552 921 858 703 46 824 953 817 248 5 24 639 973 545 332 746 89 367 128 53 517 367 648 255 666 455 255 507 13 161 672 697 724 138 145 881 993 571
964 217 762 628 321 72 929 61 413 811 482 621 397 891 913 529 538 141 764 453 724 544 51 215 156 807 1000 952 8 461 812 816 528 588 335 179 850 327 828 101 656 103 546 736 217 274 364 852
90 329
258 836 139 28 636 11 404 206 120 20 143 274 825 78 704 236 717 333 428 266 138 810 353 669 14 118 937 77 987 957 819 510 570 270 241 115 497 50 667 397 800 666 283 595 297 295 182 246 952 373 370 250 285 451 995 208 429 861 307 467 131 662 757 270 617 184 857 474 734 377 398 401 783 887 414 682 641 424 856 252 931 105 109 571 207 505 178 936 573 342
393 507 541 992 8 608 349 433 837 277 555 877 412 298 694 962 501 958 481 615 231 426 88 806 476 845 153 616 669 931 737 41 110 164 547 334 117 506 884 270 658 900 479 111 211 196 797 418 392 957 657 654 248 36 817 261 969 58 190 464 729 348 474 624 149 947 521 631 387 25 970 353 295 566 562 812 236 725 972 904 480 798 620 337 825 17 139 4 726 124
21 966
506 149 893 629 443 63 347 679 457 777 968 894 234 332 470 530 716 235 748 857 667
847 729 912 279 675 8 792 185 192 607 78 659 89 251 491 375 502 677 752 859 301
42 885
870 859 497 295 891 552 873 510 584 702 942 871 527 128 591 78 545 257 903 76 876 114 705 434 310 517 730 999 22 876 296 330 790 832 322 589 499 677 735 894 390 438
38 900 768 767 57 543 711 53 830 660 746 967 633 704 121 985 291 939 273 795 533 66 5 235 711 677 872 673 317 257 946 971 140 668 81 423 203 248 161 229 281 887
56 501
522 430 281 177 449 736 537 468 934 515 230 444 525 85 660 671 592 314 158 382 614 587 521 31 494 57 187 997 384 349 27 521 119 516 892 547 513 564 835 954 871 763 906 994 318 366 910 846 296 444 16 637 394 404 903 834
648 902 452 292 197 662 182 905 796 444 36 102 742 130 400 830 914 174 498 955 338 7 251 299 694 738 863 117 966 306 486 143 716 574 535 787 144 443 324 120 418 50 611 389 822 489 283 133 199 383 422 281 472 691 276 785
8 305
436 1 830 720 967 837 738 22
695 207 89 433 533 627 335 867
87 639
780 13 503 611 97 762 80 410 731 702 808 752 705 8 683 698 443 550 708 321 428 926 317 541 515 222 950 248 473 745 51 735 528 103 145 372 405 157 282 865 473 77 756 801 230 903 214 591 182 83 40 130 505 179 204 926 235 771 396 582 216 36 89 216 452 216 165 962 570 886 225 591 950 233 915 964 899 691 476 275 599 447 953 353 382 480 537
232 233 903 556 107 163 862 513 14 391 949 819 788 418 93 745 652 102 44 684 860 844 908 751 790 11 801 678 870 625 899 324 287 13 54 53 900 53 558 252 381 436 61 255 625 789 254 559 635 236 110 487 972 949 253 440 986 442 98 253 515 361 977 708 944 183 555 281 22 371 685 674 173 274 676 521 739 182 199 281 458 169 576 14 138 764 528
75 640
925 238 331 666 621 150 907 706 150 217 940 209 968 274 534 597 610 390 711 348 561 75 337 2 307 198 954 819 269 911 664 430 997 342 712 866 300 711 178 780 375 523 588 245 321 868 578 913 717 219 982 156 959 80 452 937 462 832 470 954 877 96 266 179 138 624 140 963 918 256 379 213 545 459 231
376 630 787 879 878 401 762 846 889 795 537 514 908 99 832 751 287 449 999 202 682 463 7 133 714 57 979 486 723 258 381 160 686 770 544 744 284 742 206 874 470 339 209 882 221 668 155 511 700 508 708 984 301 986 332 434 250 563 467 703 987 791 672 669 489 719 359 227 533 956 506 561 833 10 724
94 95
598 932 566 84 202 91 196 164 942 301 766 812 19 853 14 689 96 697 701 113 725 516 449 91 827 28 872 404 756 738 203 521 657 927 787 933 241 28 558 580 270 589 657 176 555 870 488 596 736 703 286 87 797 638 807 625 72 498 309 140 638 279 905 430 575 445 682 10 189 144 871 5 225 446 747 325 459 477 826 708 919 866 779 318 821 826 734 655 88 710 174 133 560 72
411 903 352 651 396 369 664 22 408 122 504 905 560 116 532 189 205 510 450 430 831 1000 559 553 411 910 952 791 726 296 162 926 780 743 602 274 791 867 703 543 154 143 875 187 462 2 111 523 979 115 869 528 926 231 385 319 92 22 30 760 906 238 479 348 546 529 673 306 347 624 722 876 152 182 366 288 760 525 134 784 294 675 434 869 9 296 809 520 593 853 211 842 300 517
