84
78 268
31 324 756 878 854 400 988 774 436 957 134 54 155 467 959 238 47 473 478 80 523 278 17 921 381 148 272 635 156 547 448 802 357 75 258 413 584 765 333 27 165 896 89 145 926 469 168 35 347 538 684 25 915 919 125 788 593 885 34 941 327 14 543 230 304 766 178 676 725 282 275 359 315 930 464 581 640 612
193 592 254 852 560 663 341 686 701 202 69 119 748 993 835 313 422 151 928 428 275 469 227 27 255 523 586 50 64 119 325 788 543 610 436 129 691 730 960 893 544 202 629 262 27 243 190 307 419 294 205 260 860 891 538 614 81 587 258 941 926 920 394 208 537 692 139 735 492 200 748 432 113 406 852 911 636 743
40 966
449 851 874 417 728 304 674 34 19 680 636 911 129 575 421 25 229 883 844 654 611 995 161 291 977 13 678 119 709 731 751 45 526 453 403 259 220 316 454 258
11 258 749 426 261 553 445 973 671 342 426 535 906 988 600 152 188 734 132 757 199 264 745 331 927 696 671 937 29 501 699 949 707 955 16 902 325 12 475 941
20 383
946 295 930 59 207 222 686 477 432 263 483 192 856 308 546 79 634 934 632 133
949 561 770 319 381 113 638 217 134 827 443 413 863 182 854 489 91 427 777 832
72 111
974 201 63 194 673 994 731 784 940 317 866 431 509 455 853 558 701 457 819 537 567 300 45 456 131 60 339 830 231 208 446 423 694 471 820 210 42 432 515 416 457 485 24 485 446 374 16 665 327 718 504 178 262 330 704 735 163 348 56 786 517 606 966 612 983 170 177 634 839 10 322 112
640 669 808 348 247 944 285 660 750 455 244 476 110 691 350 347 754 107 556 891 614 934 269 654 646 776 440 18 245 954 619 619 727 286 544 940 353 18 794 523 84 193 971 939 658 602 341 566 188 140 464 971 763 690 608 732 316 878 56 56 434 461 588 638 156 795 103 390 800 926 951 621
99 566
362 81 817 752 12 508 272 485 280 184 463 443 691 41 614 936 412 828 525 393 844 434 896 551 143 604 960 593 950 833 133 804 122 727 922 17 993 356 608 764 103 303 774 234 793 822 911 911 629 609 408 920 914 714 820 471 886 897 44 739 699 352 585 990 182 369 499 70 423 816 429 295 410 762 99 746 749 516 518 481 288 361 223 900 744 665 247 313 282 521 776 215 281 859 935 684 598 936 838
982 458 368 144 69 379 636 784 954 218 255 900 706 388 901 853 664 14 387 883 315 225 384 101 84 517 935 373 201 582 868 600 130 102 210 228 344 869 7 792 534 928 960 417 142 133 340 620 948 506 183 197 676 625 411 104 976 220 125 117 693 292 36 819 698 50 635 244 835 23 992 235 161 101 888 656 93 553 381 170 24 807 883 791 799 895 163 502 336 673 636 927 64 29 631 456 441 722 624
41 851
608 385 6 726 695 357 866 882 478 970 683 550 308 410 666 536 554 258 40 989 476 237 311 526 512 238 544 564 752 194 944 81 74 285 688 752 363 364 652 921 145
735 301 648 364 114 140 626 146 923 433 863 305 65 975 616 834 615 957 237 444 944 436 841 629 493 940 710 331 103 290 73 581 260 107 426 291 847 907 779 542 289
70 401
526 623 205 568 485 302 329 255 545 195 149 410 710 495 874 412 297 928 390 69 871 196 169 336 265 808 952 339 394 808 670 580 907 861 955 481 137 499 169 984 130 762 981 379 489 726 589 149 788 288 105 263 728 923 936 153 841 819 128 661 185 68 34 152 514 474 36 965 867 951
305 716 929 812 207 586 378 62 604 356 742 323 159 319 620 165 821 162 969 758 499 371 988 832 964 85 786 496 603 523 160 470 829 105 517 731 67 7 570 321 992 607 991 472 312 84 931 668 344 775 509 363 433 859 983 66 130 574 832 657 176 404 255 478 506 727 158 726 315 769
68 253
475 638 513 743 246 177 323 543 413 71 670 60 700 30 915 587 152 861 786 597 42 712 417 213 127 459 877 81 520 55 537 101 982 398 373 718 402 711 354 614 485 985 636 223 413 416 522 266 612 646 277 886 417 261 721 808 374 984 493 988 274 255 690 198 396 175 964 874
761 419 357 810 977 166 943 833 914 552 453 388 941 479 447 86 339 417 274 445 47 970 913 419 5 860 24 471 238 68 422 757 19 212 360 713 331 196 576 134 729 714 647 913 269 797 999 368 659 880 269 90 816 214 867 207 716 176 417 497 625 271 948 671 729 536 827 80
24 68
339 933 532 176 572 380 124 702 694 825 996 605 211 301 83 754 390 152 515 674 696 679 936 158
949 424 35 522 529 375 917 225 981 514 975 526 288 984 957 365 723 60 691 96 674 652 399 729
36 184
862 631 940 252 578 996 132 216 104 150 642 362 783 788 210 618 902 387 144 272 635 369 649 480 807 950 248 280 500 530 290 906 306 546 735 160
687 203 708 330 24 469 317 400 784 355 967 917 43 715 476 26 400 936 751 345 888 864 656 67 256 65 937 134 760 749 583 608 632 315 881 678
20 790
317 938 355 958 305 587 476 774 314 46 884 343 119 129 334 451 673 380 447 990
404 802 687 456 868 467 291 350 592 66 235 552 930 31 413 624 861 265 798 827
94 802
303 604 659 119 912 91 386 74 495 637 113 288 827 456 492 309 746 537 189 325 326 461 532 81 68 439 59 997 370 519 107 156 47 968 992 831 622 830 908 756 117 981 84 247 480 905 941 289 802 597 403 880 307 503 661 1 604 189 964 500 456 306 387 667 445 470 945 482 402 601 931 875 995 304 163 445 688 156 684 375 445 967 713 386 468 167 373 173 825 625 74 634 986 110
380 66 873 726 506 123 693 486 800 452 877 669 159 547 329 520 355 239 688 181 753 47 157 527 570 294 112 22 783 356 665 906 793 89 346 149 637 787 615 274 797 840 797 471 611 882 738 496 124 307 258 825 261 102 165 941 589 94 899 918 701 752 182 837 335 389 449 205 294 579 637 957 374 843 668 388 572 119 982 793 80 575 845 511 548 573 591 511 26 990 68 804 695 925
42 709
509 699 42 164 130 542 305 55 215 525 86 967 455 372 590 805 823 362 462 542 196 317 177 338 671 699 476 985 744 489 626 950 198 239 493 315 622 572 337 212 303 836
504 626 402 651 172 56 72 842 755 579 492 465 135 998 840 557 124 387 272 865 765 422 244 303 683 592 405 870 379 913 590 148 365 956 400 862 77 949 23 47 800 475
11 339
427 253 165 519 174 576 178 710 124 860 184
577 759 943 752 104 744 79 906 140 942 280
94 260
244 983 594 848 826 645 752 467 856 668 117 846 122 615 704 974 457 287 827 920 724 990 874 808 343 615 284 950 482 232 316 201 797 237 996 967 771 357 857 526 529 651 562 221 496 658 372 725 582 398 92 564 240 748 847 39 101 507 392 211 445 152 133 98 809 360 252 341 543 634 318 490 898 541 503 507 554 539 870 517 325 30 323 295 335 337 912 396 593 868 861 635 437 696
999 987 673 138 69 659 380 221 271 157 263 699 828 154 12 659 20 786 462 341 830 467 108 476 297 753 285 560 36 289 945 744 265 359 882 921 404 183 990 705 756 535 749 971 390 204 979 805 158 887 235 80 736 999 251 925 266 323 25 935 265 2 825 394 180 860 824 386 200 529 953 916 737 423 84 291 776 777 847 799 718 384 412 489 635 335 94 82 233 385 721 960 363 85
95 803
683 505 315 192 789 240 632 581 690 774 707 84 438 546 249 787 389 938 117 854 809 210 196 487 827 241 621 866 714 44 979 782 614 68 199 978 832 830 363 601 762 928 156 46 721 661 824 973 713 791 532 588 933 346 643 587 781 859 392 262 743 409 689 490 977 88 682 676 227 299 466 83 753 889 227 738 802 193 510 75 425 417 892 292 118 512 731 991 423 311 530 256 388 639 614
40 311 436 290 634 920 577 7 915 412 365 197 595 393 490 360 793 19 477 788 443 685 744 964 760 894 310 83 17 146 697 164 164 256 740 131 685 133 675 298 546 234 764 767 39 902 983 869 967 456 74 58 496 593 130 488 920 317 291 540 831 554 624 917 371 124 757 530 94 523 945 774 80 980 776 611 634 62 491 678 876 500 906 328 568 625 564 822 211 791 97 165 715 389 315
46 500
944 373 979 605 817 412 991 356 500 669 46 964 938 373 324 966 209 465 347 295 31 108 472 993 514 113 751 194 564 390 556 63 720 447 313 690 319 273 431 213 967 572 51 786 761 864
735 732 147 881 114 812 744 222 163 402 719 340 586 496 305 215 508 744 34 473 362 340 596 6 610 302 221 146 115 617 642 794 680 201 779 87 497 684 204 924 191 212 132 246 36 395
31 371
110 969 40 537 627 537 646 862 894 739 866 994 565 184 648 980 716 727 273 703 627 561 173 853 969 133 861 496 681 776 25
994 798 213 209 937 930 444 23 670 810 893 888 326 969 575 321 880 97 402 26 487 708 421 626 244 459 587 952 100 973 257
66 4
931 339 252 168 602 245 103 993 206 458 878 821 494 781 10 387 179 980 237 334 539 179 866 225 608 840 333 644 784 141 31 486 846 711 818 722 252 806 761 322 432 257 619 470 828 307 982 654 708 718 82 562 979 777 780 160 265 12 611 406 972 184 829 263 939 310
492 871 907 151 272 258 975 353 997 310 318 635 433 995 930 22 448 792 58 986 112 150 712 362 56 679 91 162 162 326 57 861 467 635 31 417 848 692 276 323 815 711 810 927 648 801 494 842 171 995 693 751 370 559 46 779 531 357 291 322 6 476 718 819 846 721
31 170
83 107 17 488 686 929 721 639 230 733 763 209 429 256 747 736 499 209 552 229 930 993 272 367 2 76 955 67 383 645 913
818 232 434 919 62 163 630 866 930 128 515 432 672 531 513 738 85 477 527 777 304 14 154 953 749 570 960 679 547 754 495
20 683
614 872 765 436 323 765 22 518 33 33 482 984 610 233 740 706 336 690 351 273
850 991 4 533 391 812 935 151 840 760 86 498 712 943 628 513 988 309 687 593
24 748
805 846 975 951 714 62 456 231 30 843 768 983 554 381 570 943 112 279 558 274 564 537 291 126
939 844 382 886 562 793 725 191 83 467 336 627 401 21 37 426 811 584 53 166 659 125 895 18
25 288
718 467 502 539 31 332 527 777 701 123 155 471 445 793 682 610 554 465 16 571 127 866 889 468 297
248 196 649 831 990 463 17 785 995 229 376 455 856 748 639 26 862 171 997 782 846 266 105 849 792
51 647
479 938 622 999 183 240 426 619 354 489 265 764 166 725 445 53 142 484 807 832 767 988 219 908 155 521 505 499 177 721 809 265 985 251 829 215 33 144 544 136 324 368 997 249 252 362 671 766 766 609 5
536 432 438 242 145 102 887 250 440 440 233 528 984 556 181 678 931 90 947 92 942 295 220 752 981 861 282 763 180 940 849 155 216 748 295 757 490 848 956 342 507 12 658 431 605 160 223 338 618 606 614
28 471
1000 50 849 114 498 618 179 871 482 632 538 748 618 998 211 880 359 56 76 387 960 943 410 465 531 673 624 867
935 83 731 111 162 707 208 668 221 578 995 698 267 512 571 33 68 212 786 759 780 467 551 873 647 952 988 580
93 282
812 317 770 513 992 897 26 813 795 989 471 304 557 25 394 419 411 714 35 590 421 210 764 326 971 254 947 90 913 897 706 638 988 727 847 141 499 883 45 436 484 330 579 29 956 732 777 463 373 362 524 813 422 224 495 23 661 566 310 965 57 195 348 99 880 6 636 975 390 407 920 830 540 103 487 485 198 917 340 18 940 24 314 974 602 942 127 206 230 398 578 342 723
47 776 929 441 848 317 33 994 490 113 952 43 276 387 22 641 813 951 73 419 152 905 584 718 867 961 322 786 772 368 840 114 480 611 979 61 523 258 765 191 186 391 609 186 102 146 878 327 47 831 440 905 795 632 796 321 739 202 762 155 554 660 836 905 854 672 118 860 340 71 688 401 979 979 993 329 194 646 873 528 708 360 53 424 63 462 889 727 9 741 183 956 756
96 168
930 524 768 99 726 664 172 792 986 597 698 981 506 932 80 821 319 280 91 50 543 70 113 729 137 509 163 551 465 495 858 46 398 7 251 241 718 28 286 956 179 436 930 120 796 505 755 766 126 149 973 893 162 683 227 25 740 897 140 360 636 843 113 608 4 537 615 764 726 677 459 518 115 611 415 87 231 88 106 502 248 583 708 661 684 30 372 338 637 580 311 1 375 108 305 307
111 374 352 410 624 500 52 788 73 839 51 797 507 372 337 278 977 806 192 870 551 66 940 526 254 474 304 626 899 351 776 597 828 556 649 536 11 637 895 447 396 930 761 587 303 698 364 710 517 783 174 391 501 872 376 177 855 283 217 68 30 989 369 649 412 398 727 688 1000 767 404 881 418 933 101 91 749 234 741 848 668 658 964 958 631 80 168 956 694 351 443 386 707 48 426 866
17 718
740 397 391 274 28 628 71 410 163 498 851 788 760 781 738 108 662
406 739 8 612 256 446 337 965 666 100 59 456 563 853 807 461 964
84 394
996 445 80 674 218 478 540 308 148 11 519 370 15 489 309 349 501 520 900 177 600 1000 798 916 951 570 773 104 473 169 395 624 83 41 653 890 553 640 753 52 682 483 733 604 544 252 357 485 806 772 58 663 14 3 730 349 813 198 780 33 163 336 688 152 82 782 587 539 801 673 528 711 191 914 344 349 652 712 587 871 486 766 616 845
181 90 879 62 553 386 107 684 269 257 263 766 897 582 18 149 412 871 680 550 865 929 904 84 33 190 560 286 830 215 157 10 62 565 290 135 287 390 301 914 268 591 248 528 645 967 70 847 775 547 125 591 680 932 146 906 560 682 918 310 672 174 928 308 609 271 778 546 358 797 833 108 480 847 493 207 888 39 894 290 851 94 80 572
40 883
272 597 13 346 181 710 199 373 288 505 871 511 146 334 132 912 182 768 43 691 812 580 740 233 226 294 607 660 246 809 369 292 316 361 736 722 751 169 523 420
804 497 689 274 639 20 414 150 745 263 751 921 526 539 346 606 683 829 288 678 864 765 881 488 610 262 77 602 888 750 274 740 18 42 437 792 308 168 187 576
7 455
459 76 833 797 129 380 657
805 167 704 646 801 853 674
56 192
558 18 412 614 548 257 979 791 864 322 11 752 447 711 904 620 772 181 126 57 242 93 436 921 192 30 758 495 739 591 672 263 66 134 442 674 174 651 53 459 64 30 691 54 690 200 568 119 696 161 98 459 12 37 231 892
74 443 476 852 48 117 725 85 607 461 268 460 325 490 848 233 592 971 130 15 905 323 199 902 529 984 688 460 244 494 748 621 441 727 634 977 478 668 329 589 753 159 176 373 211 698 602 570 787 120 57 834 862 767 322 919
9 580
468 583 890 504 691 772 908 213 481
56 745 411 864 19 183 440 794 292
53 549
356 455 120 673 90 885 398 451 536 122 16 748 756 331 424 569 730 18 6 623 417 21 204 34 317 920 205 972 796 636 52 659 517 319 910 450 879 63 329 947 37 406 74 291 318 562 191 56 503 872 257 700 858
402 78 653 938 424 164 340 492 533 527 382 331 713 517 109 861 65 436 695 435 501 43 368 553 761 37 777 594 43 183 670 959 76 867 914 27 722 380 804 364 326 280 948 478 350 296 41 402 225 777 926 790 577
82 497
829 17 287 431 211 657 975 485 943 69 848 951 665 161 148 826 727 34 426 109 633 511 240 192 602 786 425 734 948 521 569 271 636 527 880 307 717 541 342 336 646 626 714 575 89 413 686 953 73 96 427 60 564 278 573 64 523 830 575 152 734 170 133 548 816 439 65 618 826 271 1000 147 285 642 682 301 250 221 339 764 501 295
527 513 29 179 285 18 839 245 652 885 14 689 864 372 371 36 804 427 761 501 104 300 898 329 69 86 676 318 909 268 51 3 890 20 228 337 922 24 594 859 973 350 379 759 330 356 132 839 216 113 626 181 500 665 322 678 338 143 217 500 234 976 335 799 846 865 644 534 478 421 100 996 435 269 617 525 459 931 709 635 849 375
3 168
175 189 612
666 389 251
21 616
218 819 120 309 567 209 672 708 840 818 303 570 451 760 911 736 772 198 879 996 270
351 169 961 853 481 802 918 156 655 366 944 109 804 550 527 989 991 355 680 877 704
61 524
902 908 288 649 981 273 963 330 338 416 632 450 154 263 714 616 320 280 157 39 878 840 737 108 429 979 114 709 950 478 977 757 70 834 698 878 101 681 10 490 905 69 996 68 677 266 684 424 332 545 779 944 753 226 597 950 503 107 607 875 46
259 126 309 413 685 971 242 617 156 996 279 518 782 46 4 274 303 797 774 626 829 820 427 421 504 59 338 581 617 868 297 472 356 2 858 198 722 789 14 254 248 314 560 799 722 24 159 571 972 922 701 531 986 856 18 523 815 316 549 731 821
91 284
266 873 389 100 530 124 931 446 920 108 827 879 931 291 399 541 548 862 289 118 904 373 505 813 88 922 42 913 470 971 30 294 86 872 632 667 316 396 377 267 796 202 533 231 786 528 770 76 269 561 121 812 14 436 540 152 954 811 205 418 421 987 665 46 989 611 266 395 190 772 976 25 134 593 489 273 726 1 496 688 144 700 378 632 676 455 503 165 163 949 633
615 209 173 957 121 221 356 248 125 510 739 133 462 883 672 117 529 851 432 898 326 131 444 786 405 101 359 299 337 797 734 443 407 418 625 150 381 764 914 533 431 827 592 568 389 690 66 102 989 458 862 320 162 46 292 970 512 186 166 415 149 553 119 54 136 248 61 237 29 336 51 869 335 884 944 868 200 920 432 402 111 209 785 331 407 156 769 943 44 605 582
92 538
562 867 833 868 230 743 164 274 293 810 741 689 40 924 455 155 59 106 383 629 912 156 973 739 471 354 12 50 363 752 294 560 344 287 528 396 857 872 663 668 607 240 238 824 394 134 298 789 752 310 433 652 2 861 544 330 585 898 738 523 635 488 162 451 662 939 731 480 734 959 561 937 185 511 287 679 163 759 639 100 267 70 556 140 8 116 540 828 616 951 549 983
153 578 979 664 759 959 956 731 991 815 554 980 448 444 817 386 583 623 835 436 287 333 605 669 302 577 693 60 655 870 569 977 646 644 949 41 38 856 178 929 713 823 48 23 616 950 2 981 669 395 505 48 94 231 998 872 815 424 854 8 386 665 699 856 872 535 941 355 459 671 209 980 157 560 935 318 250 553 547 987 455 94 233 775 953 710 870 555 666 20 94 211
14 306
491 223 110 943 364 859 140 110 805 910 478 952 193 443
839 671 137 196 842 768 564 855 919 375 22 371 449 698
30 749
727 543 748 85 928 712 189 709 823 39 240 400 691 915 264 52 990 140 885 112 912 822 157 94 317 980 631 107 318 49
822 119 377 388 87 268 999 254 722 345 798 229 170 187 677 428 486 830 326 60 47 147 356 812 532 825 746 884 817 29
39 663
292 47 875 282 408 482 94 894 409 850 461 217 45 3 531 485 199 486 388 450 593 207 35 653 553 23 288 283 681 289 140 534 789 895 633 187 209 403 270
438 370 779 356 185 406 731 91 973 530 637 884 106 681 836 984 488 903 227 942 357 46 626 245 266 765 701 781 518 435 150 535 241 226 9 317 998 986 837
82 560
256 238 832 322 124 562 869 235 972 891 717 323 571 56 348 194 24 347 352 378 191 598 274 141 554 648 450 832 245 188 34 853 184 321 589 118 752 993 660 460 175 447 729 315 61 591 115 997 392 997 4 302 50 460 931 631 46 659 86 343 102 813 533 35 685 775 221 386 229 778 709 696 344 110 530 592 441 555 279 676 786 935
239 201 439 925 404 895 54 808 161 294 502 873 538 520 136 148 919 249 446 992 805 282 749 946 968 393 307 598 845 553 170 328 252 755 80 801 765 269 905 256 816 353 927 359 524 782 491 955 78 152 852 965 241 822 424 546 323 631 947 33 66 520 860 262 878 655 55 764 332 194 386 296 542 986 147 101 602 176 920 627 159 919
21 915
569 455 452 491 317 127 112 407 14 873 404 387 742 39 331 741 624 419 866 96 208
901 568 866 746 702 881 955 358 496 108 929 326 396 700 4 408 704 876 913 805 143
72 978
231 845 805 447 389 543 104 934 735 410 982 724 738 924 592 478 535 124 582 608 821 294 584 914 28 919 69 857 332 237 394 732 715 162 365 590 951 479 76 814 670 310 664 650 651 961 198 27 656 851 161 274 115 317 75 781 875 985 747 755 939 140 101 718 794 99 879 135 960 90 764 640
347 924 30 543 283 952 922 378 90 430 636 317 674 286 315 5 701 993 8 836 476 480 158 690 360 696 529 590 874 370 19 328 241 70 783 142 494 735 481 627 715 800 718 413 352 334 415 858 280 621 826 918 83 363 663 318 808 918 245 259 896 933 6 290 847 808 658 196 803 948 638 426
10 471
919 61 955 759 784 108 675 410 816 686
586 36 384 581 121 812 555 937 574 492
19 327
43 701 697 693 742 319 883 950 416 139 953 193 516 247 664 524 701 986 48
461 537 147 995 922 111 707 330 447 986 153 484 683 786 666 804 28 329 71
32 765
348 878 705 60 450 910 598 706 809 299 697 353 738 918 87 382 450 500 79 629 295 95 36 225 714 470 241 587 427 378 566 633
306 174 207 943 30 598 24 262 6 478 278 915 525 235 212 863 843 420 345 433 599 149 653 127 199 231 340 749 662 237 952 469
58 889
316 882 455 131 407 819 128 155 951 373 635 456 378 40 554 25 170 642 272 525 757 344 351 339 434 439 477 48 980 852 648 527 915 466 596 84 369 924 146 942 320 37 617 949 234 352 476 569 504 951 298 881 508 666 741 108 224 187
135 873 195 391 898 594 200 784 805 861 165 60 920 450 12 665 538 689 156 346 406 201 860 655 667 672 804 506 439 421 527 909 495 984 970 75 117 276 255 859 820 878 779 448 82 6 612 42 417 581 423 473 408 531 782 678 374 774
88 170
253 882 482 848 555 327 311 221 73 266 545 207 545 929 728 264 747 4 569 1000 665 961 264 891 441 116 587 436 715 315 43 976 892 410 862 577 935 629 940 110 742 641 728 131 508 695 902 409 749 625 754 200 693 932 317 310 466 930 827 797 769 831 39 409 892 75 490 550 960 662 689 818 871 29 79 737 249 390 475 981 638 51 479 699 872 68 454 440
113 563 827 32 337 743 814 907 870 55 145 939 635 118 511 254 704 124 298 242 628 435 551 829 819 942 763 256 603 753 396 222 889 922 9 403 776 10 654 69 202 45 354 740 372 945 359 698 38 923 119 728 573 845 395 1 48 360 246 29 140 489 744 48 354 457 50 388 835 909 589 539 416 237 110 819 817 174 595 745 778 314 659 133 775 976 641 266
83 675
289 408 448 688 306 116 154 737 410 774 224 471 561 474 123 603 620 826 397 342 381 287 48 511 134 404 432 177 645 189 689 177 354 938 458 990 293 132 330 687 919 400 341 566 585 471 561 551 27 177 555 138 381 908 604 817 603 430 452 764 876 40 723 405 278 65 989 101 218 750 138 428 781 274 617 419 235 376 939 797 539 452 807
219 535 524 353 923 588 962 201 280 3 852 844 545 71 738 544 147 494 879 899 237 887 585 137 30 254 94 838 210 184 212 428 268 750 807 388 45 61 234 904 725 482 743 719 438 66 901 767 170 660 722 741 407 284 622 176 769 145 215 792 836 819 996 609 664 391 741 473 392 808 382 809 587 888 941 801 987 335 752 662 378 626 253
59 270
720 583 203 62 894 599 25 76 552 10 573 708 835 878 111 304 389 290 592 594 217 296 695 29 421 786 374 380 654 566 448 941 782 474 958 895 494 480 1000 444 957 869 399 786 403 162 955 855 50 704 155 398 579 521 339 836 507 548 378
205 467 410 334 237 632 342 698 747 406 386 63 255 529 461 912 384 543 566 330 198 860 373 900 225 69 705 933 532 698 143 887 930 411 664 427 826 1 733 564 977 597 499 374 873 322 599 489 751 357 307 468 81 908 930 683 795 424 662
87 293
763 129 459 294 780 198 933 35 674 967 263 756 63 445 328 723 819 864 607 680 315 941 311 578 491 397 154 186 303 969 684 301 506 291 177 371 621 717 351 690 860 476 213 277 798 679 391 814 149 635 549 496 776 47 29 508 792 929 781 847 68 583 279 36 89 674 3 613 265 939 869 288 895 239 213 120 910 484 921 676 884 172 626 149 368 317 626
45 285 499 794 77 176 280 34 970 325 294 807 731 587 944 960 984 670 671 578 50 357 341 239 347 188 722 828 107 704 212 972 606 4 943 579 955 660 31 202 467 751 350 625 38 31 844 958 835 942 45 195 563 258 81 854 214 329 549 529 378 891 699 929 798 403 231 573 754 293 226 111 245 100 149 815 296 368 841 874 248 191 934 867 122 728 928
21 697
453 220 428 928 562 712 467 428 436 826 883 954 853 491 689 882 788 170 814 459 624
454 630 279 347 824 876 972 844 724 710 476 690 272 397 96 43 274 566 691 872 347
51 53
526 603 81 907 657 336 804 938 621 219 19 265 136 980 595 65 124 592 347 45 335 937 847 37 672 695 825 108 530 661 572 155 728 378 486 7 489 735 224 93 39 353 178 793 379 729 411 520 778 42 939
354 283 385 591 309 88 818 73 173 268 632 867 184 97 710 529 755 967 201 668 813 458 1000 706 498 525 798 491 267 282 275 932 829 595 335 484 95 314 971 443 136 510 69 71 224 329 274 801 204 757 317
2 286
708 732
844 547
38 472
645 538 242 793 718 156 63 299 812 437 156 174 847 789 386 555 411 77 228 840 838 342 333 195 721 837 779 374 39 38 900 851 622 351 980 662 45 28
893 738 723 895 118 981 904 145 104 167 136 125 110 624 677 947 797 781 249 816 670 27 26 173 860 579 518 927 140 686 674 446 341 633 355 97 464 802
15 298
479 482 215 201 515 362 745 472 423 739 534 900 790 905 797
292 180 183 664 548 872 646 442 187 829 271 811 850 639 740
8 710
917 9 301 662 661 592 1 97
101 484 139 313 71 410 139 642
35 314
412 341 15 215 9 29 898 403 815 875 724 681 272 580 86 247 703 822 748 638 387 25 121 833 107 33 656 675 839 173 114 413 135 237 334
918 171 414 61 141 131 635 401 140 265 797 937 69 899 611 604 258 539 530 19 891 979 592 662 582 885 161 285 576 746 943 89 162 457 577
61 33
93 752 856 527 651 403 711 52 584 13 375 883 495 393 940 352 741 865 225 356 832 913 568 918 252 19 958 343 869 149 605 881 114 55 217 259 102 992 929 901 661 624 1 940 934 811 63 25 298 244 820 715 862 997 416 786 363 999 404 490 694
907 463 490 36 906 604 755 255 833 321 296 282 170 333 834 869 400 811 463 626 78 182 657 518 437 41 208 763 475 630 915 991 135 376 779 365 543 80 875 821 186 115 421 588 730 116 650 319 484 987 520 892 897 227 366 541 924 620 919 545 58
75 104
325 878 762 251 657 286 797 338 446 919 104 390 190 722 870 645 822 204 246 668 548 957 259 289 17 179 858 329 153 934 963 142 963 65 473 667 108 82 443 685 157 630 963 607 414 547 695 610 38 456 10 588 588 759 128 393 662 344 293 214 917 986 629 455 560 954 91 526 512 918 594 604 29 398 749
963 965 194 184 766 948 235 945 445 269 460 684 182 249 441 928 754 659 950 599 328 671 131 954 502 516 636 168 61 305 556 784 224 713 752 762 397 882 964 970 132 591 394 516 292 130 439 468 199 744 973 11 660 313 462 22 777 388 30 143 457 96 355 780 882 754 825 729 963 418 380 469 432 218 241
94 306
512 77 588 581 123 377 38 474 831 619 291 281 90 443 440 541 275 979 759 272 774 568 433 910 167 202 185 934 83 455 812 798 952 502 910 880 923 886 725 822 449 945 324 321 309 3 130 972 44 747 86 797 387 319 566 13 691 290 832 622 389 84 380 712 822 596 406 139 614 313 968 204 439 664 248 915 895 104 269 196 120 127 633 117 79 957 588 31 102 143 539 492 952 492
695 168 681 251 946 543 99 172 515 319 30 185 956 507 82 170 668 693 713 103 162 994 938 431 928 789 820 55 923 520 303 587 921 259 185 974 396 584 780 102 817 168 550 441 717 773 662 662 426 558 289 272 610 251 11 589 564 193 992 270 543 341 271 695 861 219 418 463 665 930 701 915 934 533 649 197 917 195 558 910 340 737 92 999 331 841 620 931 462 142 515 844 142 512
16 671
318 890 985 752 117 126 612 608 786 366 416 597 520 866 520 742
62 314 834 20 445 607 859 607 736 513 411 702 641 52 448 498
29 78
908 241 707 921 823 514 948 231 435 631 179 441 610 935 323 106 446 665 190 770 354 959 166 231 18 670 777 950 414
614 752 874 872 305 999 558 716 429 727 213 271 179 739 180 209 864 270 53 644 997 620 59 887 118 442 198 882 75
52 204
879 702 755 670 877 83 589 167 600 829 203 817 627 293 380 332 756 737 451 377 414 994 605 191 902 74 988 344 132 462 724 209 368 590 302 448 657 735 226 317 561 921 394 330 627 688 159 601 751 244 297 256
199 487 563 905 909 434 223 958 771 253 810 994 361 13 18 656 619 404 689 645 953 880 578 458 155 921 923 731 572 278 15 163 108 90 541 359 602 998 46 681 868 450 109 490 555 715 84 519 994 122 946 579
12 20
695 730 475 280 159 261 459 644 912 201 860 967
445 303 151 334 931 597 330 144 262 759 100 255
51 435
36 156 294 168 997 510 17 447 972 117 759 687 652 501 274 469 826 546 584 802 401 358 690 967 772 7 548 894 985 312 52 100 982 344 495 531 526 413 115 402 680 594 32 342 163 186 892 4 837 798 124
881 322 471 411 819 792 669 805 956 829 214 604 477 670 692 793 627 377 165 523 442 110 489 497 961 919 681 364 411 9 987 907 236 900 59 697 232 956 980 253 850 979 403 232 296 661 288 182 231 915 738
44 424
320 111 573 836 157 385 442 70 5 235 234 691 729 55 515 760 636 649 674 148 558 599 781 595 208 389 307 586 670 73 78 984 216 860 247 218 171 504 860 334 879 221 708 801
484 33 56 479 979 606 183 361 478 413 970 873 398 536 669 938 180 263 691 396 816 631 484 275 274 597 950 703 209 219 219 404 47 418 879 277 835 992 787 735 351 857 929 788
25 935
975 669 735 782 930 244 814 467 176 266 940 645 830 657 238 950 193 376 883 69 923 539 33 816 139
619 110 798 362 402 651 664 538 669 425 27 132 618 483 336 814 348 161 78 628 976 910 962 40 330
84 114
680 615 239 202 79 635 89 697 132 886 462 701 463 674 126 664 571 37 499 288 889 752 903 137 567 562 965 512 126 794 799 139 816 718 197 226 315 274 894 774 972 122 320 295 266 464 483 792 58 740 913 769 534 399 984 696 250 364 142 306 374 66 761 53 941 448 577 980 708 869 824 772 432 406 167 160 634 179 412 465 937 974 815 579
888 977 236 816 768 155 682 255 71 344 785 304 285 535 993 294 719 12 911 634 435 468 282 847 551 659 622 956 393 235 2 169 419 175 382 736 537 263 949 558 388 402 121 444 5 670 87 848 670 692 146 515 91 501 457 477 511 228 544 303 371 778 73 515 253 956 7 236 68 927 260 615 110 660 715 639 939 169 330 7 62 684 188 956
19 938
78 596 497 774 830 341 991 844 82 347 339 519 895 166 266 534 275 99 489
351 969 394 969 400 374 550 766 677 644 116 343 529 766 783 185 582 391 754
63 302
392 791 784 44 265 665 710 44 799 977 629 534 761 67 596 468 117 117 326 267 806 157 903 183 843 514 17 609 197 899 518 958 170 233 695 775 118 176 801 149 159 23 312 401 315 988 55 414 668 463 25 150 387 316 203 48 733 760 167 702 807 646 462
972 317 486 643 123 447 976 638 127 842 902 214 308 203 913 693 296 487 393 81 703 945 248 416 542 352 914 221 894 993 901 962 984 678 31 581 223 683 293 425 676 70 844 830 201 816 621 20 885 289 780 436 857 908 711 867 938 187 183 580 850 91 815
45 368
748 967 445 243 870 921 332 21 689 827 585 896 894 448 961 934 884 206 720 398 597 290 515 442 137 88 80 579 981 302 361 70 118 904 981 789 978 858 182 526 297 820 279 125 432
409 480 157 88 666 100 416 100 671 888 691 480 713 403 106 83 322 588 52 446 9 840 221 912 384 839 217 682 441 473 435 259 678 640 863 861 502 834 574 534 298 228 517 511 255
34 541
694 75 701 597 119 8 695 191 201 515 260 599 862 574 438 926 44 417 897 536 259 277 182 589 133 862 426 831 816 835 289 800 77 281
643 23 428 486 993 178 120 173 357 603 629 893 601 369 376 53 471 497 184 739 127 321 684 517 401 782 849 432 480 469 163 366 532 867
36 606
174 86 282 214 605 233 447 71 56 33 369 805 50 976 747 80 358 688 221 444 701 715 710 990 943 844 913 341 905 396 914 784 438 410 757 287
929 452 435 27 859 375 253 439 171 521 351 934 223 162 768 748 610 505 915 2 861 898 211 561 740 583 483 380 255 113 411 612 699 290 567 264
93 132
668 252 200 589 213 428 601 101 53 194 215 219 171 550 319 268 451 569 926 334 307 976 446 707 371 836 801 107 704 137 185 740 624 144 965 500 257 982 186 473 586 453 309 576 66 288 196 595 113 88 319 379 659 424 997 788 484 387 335 599 643 378 182 704 719 987 750 683 246 414 161 434 523 147 236 921 154 850 382 949 242 669 955 507 578 230 993 613 683 513 786 419 727
48 186 182 457 74 983 919 814 622 549 742 822 558 955 122 173 731 397 742 740 129 642 319 960 939 542 43 899 511 618 739 219 850 486 442 602 282 354 596 552 282 576 611 678 317 684 525 403 517 864 584 594 458 863 118 375 718 286 234 85 504 211 706 976 654 116 225 591 30 885 7 749 156 604 720 298 502 763 48 301 635 82 103 237 680 888 614 967 825 387 310 972 232
52 933
870 316 359 47 887 615 971 389 332 838 104 966 897 44 417 473 602 136 874 506 7 396 177 460 868 892 531 442 548 398 622 973 786 889 133 258 235 80 871 429 186 455 572 749 635 728 773 136 603 713 469 389
174 756 73 384 349 484 37 556 597 721 58 839 762 775 791 976 623 724 366 800 622 41 280 431 385 808 538 191 769 23 905 338 358 354 818 913 901 715 307 379 491 696 643 856 591 779 618 748 663 992 407 613
71 577
843 548 591 466 842 241 586 410 684 376 326 447 873 272 717 199 609 581 646 822 850 754 946 425 434 863 15 937 103 967 534 132 283 515 643 160 625 918 653 504 431 819 232 158 704 112 845 911 684 362 889 768 133 381 623 174 138 68 671 992 451 239 179 532 735 46 236 153 993 934 400
729 505 593 12 562 5 700 874 615 828 693 40 565 728 707 934 242 116 136 387 206 501 671 308 277 471 71 206 514 66 578 476 324 192 808 102 133 839 669 696 90 261 307 420 456 782 178 266 216 581 927 151 666 724 51 166 907 749 126 967 591 944 165 486 711 551 871 159 533 42 236
20 933
460 109 907 979 69 77 936 281 510 384 462 114 388 75 197 975 40 932 110 136
352 619 150 115 259 767 989 208 746 360 924 781 134 559 278 752 74 618 684 619
76 765
475 136 387 345 718 373 455 130 265 849 576 231 581 926 767 89 906 617 128 80 226 567 935 599 958 440 354 48 236 790 558 356 852 334 223 452 888 591 181 625 825 489 96 833 408 358 568 809 23 727 614 970 572 988 718 83 678 704 187 236 218 619 21 321 355 196 793 159 558 940 850 969 881 877 762 626
807 982 892 847 441 320 267 769 990 889 776 794 353 158 2 61 893 452 145 230 846 280 269 779 874 725 336 202 527 27 202 545 591 63 427 769 36 911 970 534 354 920 930 768 423 61 650 240 874 651 92 982 959 284 42 770 322 8 103 100 780 974 23 198 45 795 856 70 123 253 898 614 357 439 148 202
67 229
432 435 890 177 327 568 151 104 996 438 561 897 399 546 924 831 919 681 346 387 666 606 617 231 796 50 43 960 719 338 302 918 717 625 953 547 147 771 3 155 546 35 822 482 855 297 489 664 119 514 474 666 674 299 966 628 19 778 83 780 187 849 348 881 591 227 1000
712 468 576 71 28 181 94 878 219 327 709 243 411 940 624 72 566 487 512 127 457 358 750 472 196 951 121 619 487 441 492 863 311 525 939 163 465 757 120 255 136 120 493 695 124 663 702 954 202 892 189 926 94 351 360 750 379 286 973 549 62 795 886 819 597 73 305
98 968
755 263 5 148 499 113 981 436 425 659 907 940 207 963 392 999 939 261 794 478 197 648 87 84 863 432 269 516 400 203 450 87 198 747 934 731 519 252 616 6 448 381 46 373 372 466 941 740 863 818 348 155 375 790 881 59 575 793 76 159 580 501 946 660 314 437 942 586 697 47 348 265 894 615 294 863 220 259 91 644 233 515 474 129 17 940 943 499 978 268 67 828 178 492 222 337 427 637
324 883 632 80 559 999 480 711 104 880 332 958 723 176 988 587 121 930 935 733 44 385 744 571 943 592 847 353 834 334 480 512 923 859 470 694 96 689 322 774 730 724 140 913 284 131 846 604 593 255 64 858 631 615 582 758 234 541 83 387 105 66 74 430 237 199 140 961 32 741 774 456 167 531 823 30 627 594 406 661 815 674 683 737 480 781 394 698 810 172 243 556 436 61 270 737 956 336
