32
74 904
584 95 777 345 789 410 726 489 340 584 511 967 583 255 614 967 2 883 543 558 351 804 208 482 750 615 24 916 231 372 20 863 312 748 501 976 836 118 79 940 875 150 346 810 955 879 495 924 93 911 523 213 248 427 368 661 866 926 701 252 971 559 918 902 812 223 748 407 329 504 294 213 647 398
396 202 210 278 342 269 79 712 793 316 577 361 405 872 554 676 601 62 31 113 740 504 112 989 325 538 153 34 356 712 402 950 476 486 657 412 949 10 95 606 551 705 776 607 502 700 966 301 778 655 340 563 210 793 356 164 687 588 991 927 501 467 965 663 679 616 572 547 457 257 800 903 352 340
13 62
17 793 433 473 322 780 690 188 281 74 598 921 567
840 417 883 315 228 246 976 531 218 477 43 424 626
26 964
810 532 139 939 957 324 806 656 392 39 301 159 830 900 26 183 279 323 366 820 554 532 754 677 34 116
117 365 557 785 803 982 506 746 615 492 949 880 641 852 749 56 515 991 107 345 364 604 384 870 344 493
83 931
92 465 469 586 552 820 915 372 726 936 953 575 877 66 26 279 77 745 573 917 463 552 989 952 882 589 101 15 127 408 628 479 42 253 464 365 991 179 30 981 165 760 487 513 876 312 360 97 762 362 694 411 434 545 957 42 843 916 39 946 90 246 326 263 298 432 306 358 65 888 356 506 432 387 130 602 234 782 499 882 352 677 422
177 215 481 891 790 309 557 235 893 674 799 216 642 115 437 40 605 729 216 746 180 944 558 959 417 958 523 835 988 200 394 19 474 510 498 119 117 432 272 936 864 773 195 273 515 691 327 185 875 468 887 804 160 238 176 136 330 296 447 140 180 567 689 948 63 622 94 786 590 528 266 67 422 795 965 628 500 799 77 816 39 417 945
7 158
796 521 620 550 873 62 817
505 736 337 149 696 355 936
33 147
64 798 651 182 676 128 904 426 739 86 685 746 919 127 958 320 134 791 943 51 110 291 85 817 847 38 614 277 226 960 834 55 474
711 517 539 189 114 407 883 109 261 348 137 326 724 633 983 737 849 865 624 523 681 409 866 875 56 401 275 174 923 189 447 775 48
72 201
721 179 101 112 201 294 50 747 287 832 273 849 548 589 107 168 101 538 297 841 180 542 248 526 971 44 511 736 328 304 249 887 921 569 344 910 727 433 672 567 981 700 597 89 727 93 895 733 655 202 36 993 733 483 323 195 657 954 611 576 323 952 453 997 939 189 656 848 730 539 98 259
991 913 76 676 238 507 936 211 805 777 11 899 65 609 897 262 892 339 308 772 172 677 534 838 775 904 13 47 868 420 902 511 13 622 173 774 666 830 843 815 625 503 588 895 446 221 303 452 792 355 560 747 344 622 806 703 478 324 700 630 401 91 321 722 106 367 147 807 495 400 468 293
53 690
570 777 979 363 902 54 700 211 348 164 592 120 633 118 867 775 792 414 218 459 803 576 960 119 158 597 874 119 359 903 920 517 350 962 724 494 48 517 911 942 742 812 805 863 314 833 745 999 259 137 749 60 875
553 712 994 117 59 426 689 595 367 246 99 282 788 459 216 764 739 276 30 24 507 999 296 622 366 651 680 970 175 98 295 221 809 521 660 316 159 404 233 676 136 161 730 532 818 900 268 952 636 321 917 828 170
5 846
493 754 634 669 215
356 809 476 711 510
54 938
506 577 569 462 31 875 776 335 673 481 139 464 970 75 420 168 544 976 437 360 515 808 701 274 235 584 987 151 429 320 689 986 429 992 394 937 446 825 287 726 269 759 968 657 442 133 964 550 339 617 386 199 69 191
149 965 250 48 105 562 701 504 557 946 520 361 280 743 181 830 245 303 870 116 41 82 147 965 849 406 589 183 199 621 95 687 318 872 558 282 259 352 877 79 904 843 541 622 570 509 790 811 789 598 764 440 871 958
2 735
720 823
800 951
75 304
633 389 842 430 10 415 344 503 927 283 912 61 51 383 291 272 586 391 365 756 17 157 601 327 811 373 918 299 628 629 725 98 566 69 656 911 514 145 651 418 27 913 28 28 782 303 488 214 831 126 502 829 753 625 953 552 625 289 162 802 775 740 700 595 873 879 724 148 371 251 85 501 725 104 469
538 145 510 816 811 709 172 982 636 652 657 634 441 209 138 257 249 15 183 589 648 156 172 124 723 495 432 330 460 729 441 913 526 965 789 292 278 346 499 149 674 732 673 365 493 563 259 420 952 561 98 176 913 490 664 505 821 860 664 442 491 344 33 403 664 699 251 745 871 548 650 415 150 452 29
63 283
387 857 798 424 456 508 208 419 995 85 154 499 815 981 205 53 299 396 925 870 38 937 446 443 4 638 801 472 60 506 643 644 302 549 578 596 54 417 828 784 378 638 840 766 194 832 184 908 2 43 604 491 108 508 941 697 897 994 52 821 483 499 814
160 239 693 127 216 376 674 830 790 525 253 468 358 308 646 58 495 898 901 837 160 926 700 8 421 109 493 1000 473 507 632 44 342 197 163 239 33 576 465 736 908 111 979 688 931 306 240 864 415 576 799 884 945 171 805 230 254 694 293 384 700 15 86
31 893
644 886 754 792 96 64 437 869 884 866 400 755 225 486 817 822 704 56 551 462 628 12 123 128 700 1 640 366 673 931 278
652 915 194 838 25 250 624 866 130 192 828 924 939 106 794 697 808 496 934 645 905 571 360 593 133 521 464 576 182 647 802
35 373
175 260 490 369 539 745 729 994 243 838 701 993 575 887 93 641 545 560 759 754 546 717 324 954 956 110 954 583 412 267 887 469 364 158 381
497 730 821 523 48 591 49 600 957 366 534 738 122 473 704 31 763 866 462 175 894 679 124 473 996 119 927 807 985 655 565 287 177 956 683
6 237
298 280 391 156 526 4
978 585 958 679 616 830
19 616
700 809 567 126 905 334 403 176 482 806 211 670 187 213 658 384 426 583 561
51 157 937 457 716 535 877 834 763 536 49 10 689 79 176 233 557 692 770
57 212
859 122 523 437 435 904 293 581 645 172 42 35 9 725 89 399 650 717 167 67 277 411 857 531 254 887 194 212 508 898 202 660 775 783 8 298 667 426 450 890 905 409 533 456 587 884 551 466 558 261 658 777 99 831 940 316 90
883 195 621 57 590 296 551 210 240 918 989 985 666 275 148 45 300 944 87 552 236 922 461 491 941 211 111 678 54 249 450 788 835 694 17 968 223 520 382 587 49 160 718 766 12 531 70 247 919 888 983 297 239 607 139 813 302
28 563
220 793 505 540 919 419 839 382 720 353 165 460 604 886 759 999 479 470 900 702 367 263 112 749 679 216 755 74
151 830 1 900 405 668 687 997 72 819 957 160 784 906 849 784 816 449 705 919 11 82 348 444 607 289 295 192
61 588
157 81 634 700 356 783 575 11 368 248 932 376 106 200 151 303 929 631 49 96 255 645 756 674 731 709 928 216 165 606 437 241 463 229 711 762 813 55 832 639 447 488 184 291 928 40 481 327 613 669 298 460 505 268 422 35 350 27 654 443 683
77 794 368 162 657 471 301 264 828 155 791 810 120 773 224 823 85 269 53 72 682 908 774 448 892 608 936 25 456 565 5 256 437 90 296 437 634 479 1 434 941 72 560 555 930 316 626 252 382 761 502 648 978 970 387 113 227 483 614 165 689
17 415
122 430 13 451 217 338 526 648 756 53 658 125 608 580 632 855 140
665 285 33 183 525 954 538 124 557 123 169 173 422 906 681 680 316
98 796
96 312 365 472 339 896 865 14 720 828 425 486 275 281 721 699 368 358 261 979 100 158 43 972 435 491 501 325 383 293 62 231 489 678 105 790 731 52 401 486 191 89 84 501 365 949 896 497 766 217 175 516 818 1000 14 496 20 17 742 645 542 89 82 728 498 90 39 918 505 744 669 934 348 556 751 428 424 560 855 268 177 835 716 564 500 810 545 954 567 629 307 870 962 487 972 580 776 918
547 363 334 551 251 868 964 461 728 156 827 950 503 424 480 844 45 131 886 247 548 796 783 561 998 733 211 193 470 930 279 744 870 268 961 242 810 961 687 815 704 494 664 585 76 744 529 222 477 586 816 545 239 914 199 689 572 823 889 615 398 257 178 125 710 912 376 736 357 173 660 590 261 883 341 8 477 686 425 331 263 783 456 17 389 585 828 933 955 360 474 442 873 259 909 695 576 653
32 565
277 249 674 411 72 308 25 59 159 416 726 370 615 686 971 574 600 90 939 722 436 817 432 316 66 532 654 379 606 35 788 648
685 612 282 144 510 385 99 673 659 923 155 539 327 376 914 346 884 282 123 70 985 322 403 435 166 615 9 904 758 513 6 309
8 843
79 777 929 166 8 94 950 914
187 337 15 346 390 427 265 85
22 311
592 483 5 183 253 958 116 211 857 265 537 528 217 185 254 842 166 63 359 648 356 828
754 195 367 755 215 929 581 933 765 705 100 235 38 763 143 534 945 123 422 163 308 712
98 952
78 257 265 360 64 597 499 427 309 229 91 835 392 780 666 709 650 659 515 744 742 185 554 584 991 135 376 642 439 342 416 846 652 526 592 172 435 378 577 581 838 389 429 710 1000 737 579 434 65 288 626 685 260 317 390 803 981 607 798 998 132 98 576 614 691 478 981 100 569 464 696 112 23 14 310 798 143 478 712 452 498 782 616 673 616 34 761 488 250 300 939 231 355 829 424 695 905 50
698 566 542 172 485 610 37 768 384 224 54 764 927 275 355 365 192 663 590 472 358 174 832 596 191 544 494 847 393 347 927 540 465 438 408 821 414 99 213 589 389 95 244 678 779 375 14 743 658 516 995 403 41 455 407 439 323 200 640 804 893 40 259 727 420 374 812 67 56 940 349 164 29 989 679 477 961 200 187 667 908 893 556 263 113 652 760 413 593 206 907 181 731 741 484 909 514 840
95 707
169 109 641 994 584 169 191 489 103 322 155 107 427 170 494 984 361 705 331 912 23 398 641 885 52 170 759 476 829 139 485 670 103 350 652 123 775 546 323 644 47 350 687 951 56 888 697 55 72 683 221 174 163 718 6 241 8 188 970 778 551 294 861 965 959 623 232 459 919 412 27 241 134 723 539 922 611 549 454 713 171 252 307 844 332 94 381 849 585 646 536 965 372 672 844
718 678 565 236 266 345 439 583 530 759 192 568 943 986 775 870 623 392 773 654 700 903 776 916 598 535 170 139 706 510 517 618 787 782 325 283 482 63 963 436 370 765 94 430 391 723 201 800 920 477 372 880 756 497 422 801 578 755 615 388 656 809 466 497 485 149 105 681 456 1000 894 797 268 958 294 243 268 445 284 148 661 694 242 210 625 193 399 457 755 555 422 217 873 968 255
75 214
582 987 801 575 668 953 303 956 933 724 944 517 533 632 424 871 672 113 7 646 548 214 677 622 298 620 326 266 588 999 872 616 871 948 435 744 374 750 615 892 810 333 412 285 909 794 507 244 362 737 935 847 873 270 773 582 768 183 279 423 632 87 616 607 302 51 176 312 343 862 932 620 147 672 816
667 828 228 643 194 900 346 885 42 863 575 255 731 210 65 48 286 602 540 328 672 600 237 483 454 358 812 643 220 352 715 900 137 34 81 624 109 617 60 863 978 636 684 1 155 532 629 87 462 952 605 393 358 623 401 199 262 142 868 623 982 133 5 967 949 196 152 266 996 140 357 949 542 68 453
32 529
609 805 855 643 329 615 744 585 642 112 936 23 332 9 69 315 30 415 249 131 38 771 679 63 759 722 969 394 459 508 504 212
906 291 508 178 278 939 671 528 533 138 552 790 182 296 565 203 321 46 89 386 143 938 518 588 165 715 21 426 168 862 401 802
35 138
117 809 708 589 849 6 994 224 749 331 998 747 367 944 452 372 871 349 214 163 960 91 476 321 138 655 937 637 38 933 671 696 760 950 430
445 602 93 367 464 140 379 346 843 648 730 583 318 724 833 35 862 718 506 798 907 159 111 753 626 369 453 889 483 82 27 482 230 60 755
38 912
759 540 176 444 444 945 707 476 315 494 421 384 723 217 279 970 339 45 355 599 990 969 733 797 754 367 524 919 262 346 79 125 325 455 654 968 926 22
46 375 734 657 75 662 689 339 215 544 92 182 581 879 393 156 16 979 594 957 429 667 639 582 508 471 699 238 653 996 82 99 574 466 899 710 887 129
96 722
576 992 350 230 748 94 683 310 510 181 883 831 74 476 728 965 339 786 135 268 134 230 749 374 907 783 806 466 535 755 175 410 75 735 166 163 926 220 843 667 872 696 569 689 975 687 175 211 658 289 26 58 268 690 800 832 542 573 496 403 249 556 668 824 884 331 231 482 72 239 302 543 280 559 574 262 125 12 34 74 88 171 854 908 341 560 655 134 295 503 417 552 527 324 309 663
399 845 199 973 600 957 407 992 422 538 885 341 826 994 745 9 683 450 695 929 459 131 927 908 577 759 849 436 390 10 881 876 964 793 225 43 154 172 206 437 796 973 675 926 404 27 820 170 465 525 441 118 290 909 305 835 680 293 246 741 145 835 438 5 123 901 372 526 106 198 158 754 742 608 228 114 73 696 154 859 334 513 605 658 924 687 61 407 348 999 60 598 31 838 436 718
