8
61 906
997 541 129 117 539 381 371 298 228 329 865 478 680 986 512 690 536 455 944 673 644 929 783 849 825 253 137 512 207 811 330 651 826 575 125 135 45 698 978 73 751 276 164 791 841 957 767 534 676 68 998 106 249 314 323 847 910 141 451 998 331
633 358 103 44 172 551 22 867 699 928 398 76 526 705 642 685 562 849 771 772 31 867 741 373 23 636 582 790 229 974 769 648 887 280 443 954 190 575 810 995 726 884 947 992 674 262 277 379 418 355 774 948 848 515 493 8 166 188 710 161 415
34 803
792 977 856 164 857 364 200 231 433 599 223 849 34 517 944 676 1000 171 341 494 894 322 227 825 243 658 234 213 975 931 347 44 666 77
788 304 546 979 701 950 125 125 70 129 321 687 752 413 907 941 809 463 448 906 572 988 266 549 364 824 104 32 37 79 407 795 691 369
51 467
125 34 867 43 727 989 675 797 733 103 708 274 226 43 688 353 737 871 104 393 895 439 385 745 96 853 876 518 292 970 450 897 859 968 958 379 625 298 14 522 884 968 763 138 223 536 300 74 690 226 845
531 694 181 974 39 578 107 662 438 121 671 695 184 900 5 244 842 63 11 365 956 466 913 505 633 757 298 23 196 266 948 233 875 827 620 28 680 424 683 885 693 299 257 608 182 181 310 277 27 485 948
32 569
5 74 395 914 924 77 62 268 991 637 345 610 75 596 817 439 475 179 987 886 907 385 80 14 39 441 226 177 94 879 792 207
562 377 369 622 152 126 965 297 361 968 968 587 305 775 962 367 342 482 184 876 469 31 90 1 713 959 513 663 263 133 101 87
6 787
413 825 663 742 675 596
686 270 513 236 691 123
19 436
559 218 991 175 817 271 226 944 875 708 35 744 966 857 29 682 185 710 794
670 806 2 71 88 729 422 70 35 899 3 222 885 868 490 86 261 861 950
60 664
21 112 124 84 726 328 245 321 14 713 904 137 698 282 697 475 72 725 655 394 559 798 453 631 400 488 251 513 228 91 383 283 399 610 68 124 737 815 660 946 119 705 108 931 276 176 550 967 720 799 671 600 87 451 32 613 104 126 209 506
351 631 769 274 989 548 275 323 448 185 487 240 729 949 37 315 116 797 849 160 3 704 209 490 26 246 420 695 425 675 995 634 378 974 268 580 997 203 351 680 411 146 120 525 225 146 457 80 832 194 479 236 966 118 183 793 347 867 988 395
96 549
407 227 225 880 264 976 595 822 468 383 533 315 714 392 785 794 245 719 481 578 308 696 731 553 990 381 140 520 83 440 130 720 764 118 653 701 786 416 485 962 101 362 532 173 892 676 379 875 981 688 910 721 235 924 932 171 64 109 780 720 838 605 217 162 187 757 430 463 434 868 841 636 491 170 121 276 508 381 512 295 512 774 164 349 514 493 444 665 974 769 417 817 318 366 344 543
554 524 701 905 990 274 88 920 586 163 508 434 398 89 833 939 416 150 129 373 694 802 857 300 747 650 298 33 693 192 335 492 186 180 436 498 125 642 906 736 809 912 514 241 346 390 769 635 661 391 746 406 790 212 362 695 705 986 799 807 333 417 325 222 649 703 287 290 591 601 92 936 801 30 111 660 739 851 454 599 234 959 164 727 767 372 732 268 460 592 948 133 817 947 830 883
