62
25 615
448 844 979 153 966 744 902 416 755 528 879 257 217 153 547 731 902 781 930 686 970 629 773 517 391
76 374 67 320 15 879 448 742 327 763 154 613 532 147 641 893 882 369 298 697 839 616 54 890 339
92 149
789 370 884 239 122 114 292 26 945 582 158 557 802 593 184 201 605 98 294 191 80 568 28 940 261 600 800 273 178 297 176 548 865 155 476 844 194 217 732 414 16 117 35 725 214 394 576 761 510 3 310 260 114 714 228 308 988 3 333 430 797 533 180 749 816 228 120 396 56 491 102 824 550 666 505 787 239 539 641 900 207 268 672 969 357 852 583 943 741 637 843 655
3 385 151 321 123 887 166 255 910 829 344 394 697 698 205 255 415 225 690 841 685 331 603 353 457 16 463 670 462 425 972 953 319 444 493 78 233 22 469 316 286 813 357 631 988 509 583 79 884 666 355 146 135 809 987 553 716 46 869 876 222 88 858 768 215 244 932 122 174 740 249 541 428 980 598 456 784 915 797 99 568 369 584 573 977 505 609 170 579 110 605 963
86 111
411 551 311 735 804 394 419 500 936 353 508 223 805 120 469 889 923 928 330 242 664 190 35 51 160 942 838 167 774 299 876 604 106 41 496 655 756 373 524 831 521 111 420 659 745 715 240 624 526 720 860 524 277 74 233 843 176 781 943 44 779 750 450 997 658 366 36 847 675 5 16 147 77 761 743 205 398 197 139 764 495 90 544 18 685 817
831 981 357 288 767 370 271 605 582 734 55 130 386 989 784 485 150 273 342 61 999 905 344 941 95 596 64 936 127 600 789 890 235 430 636 403 706 242 701 187 460 166 1 435 56 356 931 977 914 226 162 293 104 441 195 295 400 140 728 743 444 330 325 189 939 674 916 704 301 369 965 542 464 748 559 364 593 890 298 292 904 707 820 268 476 446
54 692
720 381 598 47 429 356 393 956 418 623 132 390 60 464 651 295 892 252 607 855 374 268 340 90 80 371 635 464 985 551 735 636 256 51 831 701 113 485 412 929 282 977 969 379 889 937 842 847 39 50 628 61 82 936
971 842 385 28 139 219 438 132 44 452 293 500 100 454 502 770 309 205 827 698 914 872 62 884 727 164 647 773 906 734 689 57 921 990 685 163 72 382 184 660 582 722 822 827 201 988 733 386 439 229 748 357 447 302
99 510
780 672 815 631 106 679 170 787 737 165 867 836 326 928 549 2 819 499 218 235 678 83 747 995 501 907 490 122 37 533 731 314 355 423 203 513 288 373 160 215 387 290 448 132 724 855 679 151 458 618 252 287 11 416 235 624 27 995 160 895 614 273 360 512 574 215 305 851 900 652 852 684 806 412 178 524 220 844 548 973 444 348 989 74 394 794 712 717 83 953 539 432 920 331 431 742 574 413 428
809 267 432 174 557 684 53 442 460 837 884 742 275 262 70 786 364 641 228 966 161 65 450 648 268 695 220 565 509 179 166 296 780 949 802 36 325 571 889 580 545 555 6 31 710 511 881 716 881 369 801 449 512 448 845 491 317 476 293 65 269 190 1 82 593 675 982 493 92 540 702 696 398 18 917 887 834 583 396 885 116 206 446 648 536 740 632 583 14 988 513 794 43 753 858 737 304 573 52
89 580
686 497 654 27 632 44 50 410 934 793 778 716 403 767 280 124 153 218 381 711 197 221 410 415 982 197 524 223 103 770 905 269 710 770 792 708 6 888 521 788 903 139 99 547 174 228 309 545 450 544 526 884 551 378 286 976 229 171 770 847 889 866 106 901 706 526 366 797 916 214 179 293 839 324 429 755 134 725 785 915 886 501 905 952 453 388 97 29 663
963 3 172 319 701 486 505 548 683 384 168 971 15 955 152 545 49 280 531 717 352 533 379 229 623 516 633 657 990 290 473 687 411 491 628 985 882 337 76 159 591 16 343 677 737 296 122 851 705 936 992 801 474 332 416 809 235 58 748 355 57 829 580 794 398 953 497 428 473 218 376 132 457 934 904 877 647 227 476 135 472 930 756 394 100 997 806 402 44
28 41
883 686 291 809 617 90 685 22 86 463 282 815 947 301 433 918 959 654 17 344 769 819 26 419 50 998 265 25
672 992 630 69 271 442 806 562 157 633 797 142 113 486 950 910 154 867 827 723 656 862 993 425 886 512 237 626
1 27
78
736
57 49
619 736 376 810 791 952 814 292 633 42 293 452 970 262 784 581 548 73 125 985 467 737 998 175 537 213 207 432 208 735 689 522 616 477 980 455 976 826 765 927 953 33 231 478 494 414 842 147 569 360 723 163 741 796 362 408 371
577 547 713 182 925 401 395 466 258 657 190 623 876 570 233 411 906 765 655 162 34 1000 688 419 983 635 134 895 229 187 552 201 59 240 133 815 227 280 708 623 81 460 160 133 850 236 759 22 733 279 321 247 599 839 412 605 579
38 330
771 436 822 376 226 299 756 583 402 917 478 588 719 82 896 752 90 718 885 522 927 933 632 448 555 312 305 892 78 656 358 660 795 746 333 488 626 3
551 194 768 538 889 18 751 478 903 260 492 121 914 239 302 188 470 594 432 217 682 433 353 347 278 955 805 795 630 117 704 874 893 151 905 511 695 847
76 984
261 580 331 417 727 501 503 962 629 692 742 905 73 548 786 312 410 138 609 44 298 994 811 961 133 596 101 108 113 117 611 66 318 128 221 260 363 526 381 879 224 373 435 589 68 450 823 185 634 291 496 827 937 905 162 85 933 105 543 488 345 395 417 884 78 982 565 771 948 660 969 472 69 124 607 742
505 716 841 423 228 711 27 502 174 855 755 421 32 934 796 338 882 206 485 807 875 631 719 238 322 782 732 501 875 263 193 554 57 966 356 55 80 706 78 771 717 430 903 30 830 574 790 596 809 361 446 395 713 297 69 99 482 158 511 420 361 258 86 570 617 453 823 26 82 958 915 26 113 576 7 155
59 95
726 511 55 95 442 354 570 909 643 688 334 280 782 337 834 224 340 38 736 146 508 883 611 708 543 20 873 248 349 955 822 749 125 144 917 631 879 109 245 757 221 833 204 59 879 754 810 582 494 327 102 861 731 159 211 165 699 777 383
697 609 585 880 616 221 541 865 758 466 28 131 796 7 37 466 438 402 52 537 664 925 106 606 88 977 932 513 276 347 738 247 523 658 971 785 148 966 38 58 540 37 285 590 727 390 985 723 676 435 886 201 497 562 215 451 508 416 986
99 572
192 804 129 131 496 555 184 783 560 964 621 848 961 489 544 469 79 506 212 605 991 895 780 565 233 164 47 270 976 918 44 77 764 169 833 122 88 646 278 401 631 940 222 765 207 140 569 17 27 106 382 12 371 959 605 992 559 24 851 110 153 870 709 46 166 393 776 985 701 37 217 627 22 158 892 22 57 125 660 933 932 860 460 629 241 261 884 413 213 150 439 332 269 391 871 16 693 358 375
889 943 565 274 744 359 256 673 867 717 312 321 678 737 134 74 979 30 939 895 407 623 539 341 726 186 782 372 557 753 304 180 586 442 873 455 840 973 698 292 752 963 767 345 218 21 740 590 440 881 836 789 463 738 958 411 125 105 360 198 545 486 402 666 192 68 405 414 768 919 46 938 992 934 710 610 127 121 747 181 515 173 258 869 346 435 386 856 617 478 86 598 553 121 90 810 385 826 388
43 979
301 889 1000 76 812 643 363 318 567 781 940 54 307 795 449 400 238 275 886 483 602 186 523 892 669 198 219 697 450 830 151 980 862 210 821 634 154 855 19 86 30 591 828
223 196 534 66 470 703 79 721 916 169 182 896 932 116 510 956 651 186 984 872 93 504 653 574 679 381 84 871 519 788 569 48 339 125 844 27 852 85 175 875 895 8 222
35 892
435 923 458 989 983 502 881 462 213 152 217 265 588 575 975 766 559 999 30 736 930 744 213 399 28 856 20 447 320 728 718 712 143 474 169
747 715 234 118 152 688 29 315 526 747 139 545 240 507 928 459 638 816 484 201 582 136 964 744 369 204 467 638 911 767 825 793 774 251 903
56 584
441 136 607 446 413 307 510 236 836 469 589 334 922 15 704 313 352 81 896 384 124 946 515 25 485 681 977 818 157 24 697 466 274 686 66 340 900 632 86 254 136 471 108 722 291 719 162 356 92 76 31 528 11 76 764 570
956 352 616 94 620 164 291 425 799 858 770 866 54 515 504 650 670 856 57 204 199 159 94 581 171 273 178 272 824 257 287 466 785 987 920 514 699 176 264 809 978 461 414 449 45 336 379 229 394 607 639 391 596 477 64 869
36 588
121 320 971 550 782 113 885 572 303 495 941 700 409 426 881 410 507 476 698 382 294 83 438 34 701 618 864 572 152 541 574 697 897 133 127 492
855 641 404 247 105 254 102 57 459 463 855 756 646 329 85 588 628 639 794 242 773 461 671 215 317 4 673 927 240 186 730 335 433 877 486 835
9 485
199 434 654 87 465 680 685 274 781
760 761 935 377 324 759 971 925 157
99 962
810 357 382 587 916 343 955 707 589 217 448 831 448 101 935 213 928 278 895 413 766 463 98 430 227 402 115 754 394 980 249 570 782 689 661 536 617 420 582 366 893 991 421 419 361 206 658 178 380 360 78 633 114 319 757 841 564 649 933 837 325 29 691 68 358 483 210 32 723 369 57 308 441 607 831 981 719 745 589 35 765 114 251 677 332 403 194 279 727 675 241 885 964 82 32 267 958 430 288
337 752 115 622 95 373 461 121 656 708 56 212 237 212 6 394 307 95 525 127 263 21 573 586 225 833 218 579 932 154 364 747 996 798 393 951 830 230 341 579 889 410 372 50 566 319 363 290 309 781 14 626 451 929 333 312 726 936 441 862 921 264 822 337 940 571 396 558 245 648 922 245 228 880 493 457 580 419 708 293 902 208 623 992 176 376 841 846 685 203 111 252 58 847 841 985 882 462 181
61 219
300 446 3 305 862 235 476 92 968 170 343 234 705 44 250 953 839 764 64 322 454 885 268 479 856 442 336 6 384 40 230 299 167 424 692 192 868 789 519 273 881 783 3 31 966 802 182 633 286 679 594 129 117 205 722 359 280 646 159 787 990
58 984 459 227 464 315 746 203 256 925 511 622 408 120 155 249 921 914 93 31 917 406 401 639 513 621 946 493 79 80 883 132 545 284 350 577 421 474 163 853 784 34 403 492 287 882 579 44 935 405 875 855 591 377 75 472 367 701 131 97 483
11 982
155 908 456 807 822 346 149 316 921 779 503
42 57 387 724 729 96 77 268 164 993 411
24 680
715 624 508 245 393 582 527 410 860 295 535 870 46 466 380 804 391 890 337 815 165 714 97 357
24 109 484 400 658 902 816 605 545 578 894 704 530 630 512 71 147 601 105 739 356 316 372 520
39 700
44 632 384 403 274 112 552 624 809 846 748 442 221 553 488 736 429 958 328 382 361 176 278 906 669 340 372 359 605 308 955 368 340 634 772 859 451 457 842
470 288 215 747 166 709 575 713 844 679 860 308 359 984 860 515 824 688 355 639 34 97 701 104 498 748 749 281 639 808 811 689 68 630 277 456 865 506 431
60 870
9 891 145 76 32 662 219 405 869 429 443 398 957 410 491 117 915 794 954 958 743 851 144 201 942 711 577 443 842 352 255 340 636 626 702 824 645 349 408 921 846 922 437 679 41 593 869 635 255 597 967 993 613 449 302 180 712 585 783 59
745 316 853 696 843 645 287 661 236 622 747 255 446 843 741 491 345 967 336 606 449 236 678 12 866 816 797 216 640 415 854 315 572 491 465 679 546 797 872 123 598 326 44 923 624 380 3 419 940 660 870 396 595 340 59 782 114 141 784 533
66 419
669 499 7 244 802 813 461 117 976 366 37 414 406 342 729 12 896 450 460 930 628 652 860 474 486 845 242 5 921 269 572 575 299 419 612 124 859 214 5 742 746 544 653 981 345 103 240 447 643 253 694 665 781 675 600 355 943 244 68 251 430 82 847 234 776 344
1 302 976 658 388 398 56 42 998 646 687 891 145 892 116 275 660 115 330 960 521 307 514 951 463 145 761 33 714 855 700 604 658 227 288 878 864 620 868 32 362 566 856 747 404 656 922 812 914 510 372 77 788 634 395 757 843 709 649 128 95 156 178 766 636 835
20 143
797 891 899 192 267 591 715 822 743 416 819 941 900 369 556 523 39 879 423 629
88 197 495 956 171 760 532 337 175 773 176 874 135 505 498 10 782 379 8 966
82 238
457 670 418 290 799 600 481 802 960 888 468 271 789 873 136 561 11 753 77 915 854 978 732 531 511 450 650 702 704 242 303 266 83 212 896 36 625 342 38 586 714 185 145 532 892 401 782 124 769 682 79 100 287 757 975 535 585 911 946 665 791 456 661 821 255 360 604 673 247 818 996 808 923 423 797 426 902 818 244 273 868 321
773 448 445 551 538 206 505 133 294 229 746 227 638 498 449 548 15 221 529 499 698 681 88 8 861 17 701 506 843 846 363 588 315 766 158 368 730 636 225 277 863 415 525 383 668 837 294 936 442 539 482 725 758 548 524 48 176 777 56 865 605 908 18 367 760 68 318 644 637 179 811 392 798 206 681 486 570 290 90 979 123 162
81 444
777 784 723 936 137 544 440 666 344 12 293 627 307 30 731 936 248 474 322 939 926 243 176 804 327 589 300 128 759 30 427 480 259 795 797 180 66 936 986 255 718 418 685 601 307 434 769 24 493 330 717 519 598 764 98 191 712 503 675 168 337 832 946 91 195 368 637 512 856 566 238 851 304 315 462 299 533 981 812 76 499
638 179 23 463 780 17 579 240 303 963 140 603 511 514 336 281 608 609 806 141 184 807 591 880 432 98 705 932 208 191 246 169 834 826 699 19 599 408 382 552 957 320 813 331 409 225 146 643 995 782 439 580 402 587 22 911 37 709 289 148 918 701 732 682 385 640 279 38 297 582 660 661 136 308 161 921 680 508 584 358 283
65 585
944 56 341 380 808 106 907 962 808 942 520 484 679 368 172 752 343 274 936 351 854 273 713 436 50 391 658 162 588 37 981 795 755 237 159 39 47 273 75 724 454 247 375 763 887 203 372 220 933 17 250 280 468 343 846 18 610 339 611 578 739 249 364 214 809
42 903 354 224 693 284 333 769 81 77 394 513 482 860 182 652 549 600 772 352 464 69 613 658 753 832 979 928 506 714 303 596 296 73 45 593 466 258 103 534 851 544 857 601 920 113 828 780 317 383 659 52 477 733 824 68 912 819 889 145 631 285 970 480 2
47 295
553 9 76 604 613 21 673 488 61 797 719 121 529 241 897 941 777 277 174 105 441 113 645 770 600 730 860 773 944 670 873 244 665 546 512 206 516 510 327 467 242 701 416 544 29 454 423
349 875 189 164 431 691 882 471 716 742 248 903 909 255 399 386 46 181 779 161 89 575 893 752 460 994 766 230 674 255 125 546 668 88 329 140 967 331 989 170 596 185 915 951 143 627 628
76 983
128 308 799 55 758 313 505 756 330 243 544 643 469 874 728 219 513 240 157 878 728 363 932 135 994 834 676 615 32 280 822 927 201 755 834 777 521 373 178 204 1000 406 875 876 150 280 848 814 317 353 681 429 406 728 323 741 864 630 481 7 451 703 864 851 175 759 531 737 154 751 946 860 456 139 465 948
548 242 990 270 58 72 17 953 32 97 439 828 380 787 358 233 882 764 705 881 735 656 613 529 382 937 630 21 768 351 74 303 748 768 619 475 156 980 889 327 321 565 421 144 958 434 632 254 844 716 9 173 926 497 470 957 712 158 33 284 913 150 653 215 701 296 436 766 110 864 151 482 44 795 766 122
60 213
2 102 456 148 132 747 382 233 636 532 922 63 290 620 326 185 833 843 630 551 98 557 772 934 511 457 40 366 777 267 99 401 606 890 554 551 60 85 349 46 894 769 106 384 432 706 152 226 738 343 85 464 106 811 638 455 376 356 142 358
73 849 334 27 447 470 54 779 99 615 829 390 925 633 600 784 414 314 298 579 46 343 727 543 39 476 888 957 624 917 308 7 765 647 451 556 809 228 947 685 689 160 646 376 291 102 778 385 546 761 904 491 786 6 107 190 604 811 738 282
61 561
707 836 114 226 160 336 179 104 380 595 501 278 121 611 670 63 666 820 522 960 438 424 935 422 196 32 67 819 239 832 102 817 830 128 631 145 727 548 896 993 362 127 258 88 882 587 419 438 667 987 500 319 981 214 538 139 307 265 621 478 705
728 305 858 972 952 17 972 619 628 882 19 278 447 646 874 192 52 259 400 999 743 693 154 497 947 830 799 772 357 975 638 493 315 354 472 885 361 841 755 573 216 43 221 681 907 11 33 637 343 169 865 903 966 902 334 954 293 31 963 612 35
100 889
286 943 20 329 112 163 716 521 947 873 213 396 678 890 404 617 338 317 87 82 641 398 7 749 559 51 108 924 61 171 841 578 120 276 861 142 947 925 755 775 48 338 428 572 739 369 762 499 164 197 799 69 784 948 952 443 917 719 707 746 976 484 805 576 399 53 362 334 894 454 669 298 538 366 300 231 240 616 290 140 212 557 937 295 495 924 642 576 734 538 119 35 235 864 103 772 426 657 369 327
923 346 421 535 199 671 174 569 97 387 23 721 148 816 727 51 729 478 62 397 512 491 798 383 789 625 463 635 322 907 367 810 89 777 989 387 635 149 778 937 138 110 422 699 214 478 767 611 260 428 759 860 877 113 880 705 777 337 647 28 562 614 85 62 674 502 142 346 530 915 361 229 792 848 344 61 410 271 650 935 343 709 616 688 688 614 52 597 906 820 73 785 686 57 430 671 689 284 167 660
42 12
467 624 511 495 142 445 484 501 207 456 880 640 627 308 661 508 179 61 418 232 91 121 657 3 384 259 876 757 919 230 892 822 967 649 181 219 711 876 983 109 915 592
316 472 627 872 45 579 498 201 462 430 248 254 949 231 437 813 857 459 620 877 92 557 80 315 868 878 38 3 650 731 194 473 526 327 80 437 883 727 520 914 114 593
32 919
446 178 284 507 111 795 956 729 307 725 553 719 82 60 997 607 889 196 397 979 824 362 146 990 214 525 892 508 592 605 353 520
739 504 599 136 124 742 299 796 618 540 161 862 317 502 713 14 981 429 881 462 866 192 418 785 952 424 358 231 982 842 334 396
10 332
148 792 895 541 92 45 805 980 78 321
17 175 50 435 746 675 644 358 245 186
48 839
87 925 886 345 868 609 106 186 578 920 64 684 428 534 974 547 111 434 87 467 809 696 742 22 483 209 371 504 171 143 317 596 70 54 382 405 438 578 556 8 416 822 827 218 645 762 793 83
952 804 876 994 758 824 802 957 995 885 374 225 843 574 585 625 142 413 170 752 908 397 526 477 710 933 731 845 869 393 597 145 176 925 949 495 627 267 361 239 524 439 929 641 937 54 309 293
62 12
800 862 170 919 701 439 302 100 983 306 374 413 568 703 875 73 386 287 36 426 501 780 887 934 700 157 44 244 546 148 339 23 697 775 476 602 846 374 373 210 485 815 332 399 474 198 802 904 417 170 449 597 987 882 111 20 126 231 183 274 399 379
37 891 224 249 174 186 846 135 977 528 410 129 594 391 58 666 351 888 132 213 360 674 917 218 268 551 763 220 518 769 132 818 485 619 700 761 419 85 706 409 595 499 102 525 315 612 676 54 828 585 897 353 161 615 511 606 33 43 758 709 619 268
96 406
732 574 924 525 940 396 841 905 989 99 747 419 462 147 633 102 743 351 50 414 990 669 949 587 196 702 198 129 619 779 944 124 848 639 657 587 915 609 210 346 482 8 233 395 230 596 892 454 404 150 962 605 912 402 959 488 99 327 1 374 710 679 204 188 990 338 742 197 942 988 901 438 710 672 304 525 601 968 6 274 987 855 667 249 99 565 320 55 592 495 304 879 205 475 652 988
926 331 80 661 85 624 41 931 926 103 621 446 584 239 628 973 989 461 348 791 167 413 604 630 995 786 366 760 232 643 818 751 977 816 11 740 686 322 106 45 516 235 478 411 15 413 726 928 125 852 269 808 386 338 688 448 577 331 307 519 159 431 668 485 161 572 688 164 955 674 729 445 291 244 89 759 676 163 890 750 495 50 477 478 747 514 724 331 740 998 320 389 542 260 258 499
48 844
651 45 692 838 970 739 494 348 765 287 846 161 612 267 177 786 312 596 692 87 455 510 294 424 997 389 954 597 750 770 327 582 810 537 180 846 574 235 77 663 923 723 110 730 615 706 140 12
774 475 282 726 675 862 839 822 611 573 848 569 916 492 620 669 379 373 498 532 178 613 880 614 439 734 281 234 59 956 41 397 725 378 867 4 719 189 133 671 838 288 927 966 31 154 425 506
68 833
171 170 307 2 903 40 578 284 158 372 471 529 491 192 264 669 665 155 854 989 854 732 253 676 265 325 818 641 169 9 754 937 953 778 585 942 249 724 81 869 383 56 592 828 307 375 303 160 389 208 608 449 185 936 34 213 266 221 661 860 786 7 922 932 603 967 96 390
207 800 480 707 4 489 1000 657 904 419 268 124 632 951 306 796 847 473 419 191 30 122 773 779 756 365 328 515 463 373 141 736 951 977 28 594 511 189 267 786 387 716 6 233 293 945 130 6 1 659 745 113 649 86 582 151 900 278 324 138 818 102 889 787 667 804 319 44
61 571
885 722 484 658 746 942 550 419 429 723 102 508 295 255 392 440 754 847 384 100 155 391 572 762 862 173 490 757 916 40 959 403 446 19 503 474 73 609 760 11 65 52 550 642 121 443 10 311 832 953 790 395 922 877 202 838 778 820 262 541 278
373 796 375 579 192 546 920 897 947 958 177 331 750 78 395 113 298 380 157 222 683 275 779 695 606 434 329 476 955 708 955 918 624 370 64 371 457 157 878 792 78 845 858 397 703 975 318 78 745 218 439 704 431 400 566 917 607 710 113 930 423
5 237
603 706 424 467 698
803 439 98 930 413
51 653
176 410 826 8 876 779 841 894 142 708 720 342 884 450 829 766 4 757 968 613 307 374 635 322 280 8 43 679 541 293 980 679 755 283 774 125 723 176 25 182 318 715 248 797 64 866 753 235 48 312 452
656 636 317 571 247 646 820 686 45 158 47 222 820 971 680 141 962 71 510 83 798 254 193 321 615 775 764 84 452 980 147 92 982 545 574 162 344 875 994 986 931 652 797 48 876 642 404 709 669 487 428
39 522
810 280 281 407 420 339 427 585 315 509 738 106 348 287 752 814 257 320 910 936 123 76 315 136 731 783 683 180 44 721 688 454 495 895 354 346 601 281 884
648 939 641 679 252 319 785 866 396 641 849 751 904 587 828 752 346 947 140 338 227 112 281 964 519 494 977 969 248 144 781 704 485 77 341 684 974 237 520
7 115
815 440 816 28 360 930 269
509 874 712 92 655 363 484
35 920
324 797 120 929 678 104 312 485 156 275 446 371 763 630 763 340 640 777 208 803 828 441 887 746 737 857 498 264 859 717 658 315 326 526 753
789 108 269 540 665 254 664 236 737 898 923 867 995 67 222 410 81 15 938 405 606 498 947 622 580 296 305 969 527 35 689 365 354 513 673
87 747
538 592 254 106 505 288 643 41 411 692 774 937 351 862 439 684 493 844 407 295 840 67 197 504 502 645 378 313 752 437 640 38 692 155 843 230 905 336 464 72 989 597 866 935 533 127 47 749 908 560 438 924 616 875 703 671 631 237 375 743 221 191 455 787 759 817 341 30 204 145 379 536 379 745 913 564 396 967 947 381 404 902 338 941 494 156 88
627 798 814 226 268 468 566 896 596 162 414 551 63 643 507 33 391 371 370 946 462 652 563 650 191 397 62 335 599 270 872 766 414 712 884 18 519 945 236 474 216 919 993 385 140 393 673 628 806 392 601 311 197 984 70 976 252 364 749 539 496 213 979 721 286 442 102 663 874 649 905 442 216 733 339 869 585 615 302 293 9 678 819 708 144 357 548
92 256
530 455 549 296 33 429 336 710 830 646 965 90 83 848 378 528 694 360 79 190 825 853 841 246 46 419 136 551 795 367 843 810 639 797 83 15 763 979 932 184 821 809 53 130 293 511 100 643 442 275 13 943 617 48 152 401 470 327 938 944 991 118 571 118 947 559 269 822 887 954 105 412 217 798 407 387 358 694 57 840 278 780 310 181 489 663 434 100 60 728 848 355
175 427 670 917 573 205 838 106 83 395 860 178 307 152 939 120 163 492 876 547 611 84 828 661 828 846 80 65 996 87 399 952 864 858 957 159 190 416 952 265 118 971 3 988 961 521 589 595 901 997 374 439 412 334 296 807 300 520 170 692 930 253 374 770 965 366 698 392 340 319 553 102 859 390 199 894 716 536 762 882 707 887 512 321 604 335 728 120 843 407 981 404
47 637
623 437 391 122 621 414 550 569 289 910 399 108 536 912 316 489 216 689 280 876 945 819 497 360 889 884 237 373 434 242 748 14 797 134 376 259 856 359 88 361 561 688 756 655 104 231 236
487 246 899 322 457 78 440 553 754 706 191 837 204 357 174 553 915 290 695 725 952 943 249 556 862 442 530 168 584 939 80 366 272 848 243 300 567 378 594 277 21 337 939 266 303 742 3
69 855
73 719 29 483 871 289 936 671 232 153 616 345 522 382 657 994 953 446 271 68 766 613 380 128 923 368 659 569 137 726 231 112 986 164 901 197 250 832 850 188 363 449 158 908 700 281 411 485 823 118 716 263 858 550 63 418 456 253 446 373 582 779 914 173 484 261 569 835 651
338 630 67 916 772 262 738 702 723 999 288 330 886 520 705 400 444 624 453 491 602 186 682 535 315 154 372 796 696 932 151 739 146 480 503 717 689 431 170 221 355 123 998 74 825 188 35 528 902 377 375 858 558 539 191 976 352 977 700 339 568 694 57 917 402 186 436 210 546
96 301
938 412 587 935 925 175 521 287 784 134 56 297 868 417 245 76 472 474 254 880 598 111 593 990 66 958 410 32 482 559 531 117 239 466 918 182 862 434 457 742 687 563 624 389 529 93 95 938 532 185 684 752 52 390 344 436 480 452 828 914 621 432 287 631 793 827 739 622 126 86 423 931 534 384 725 498 886 17 342 509 956 320 636 803 897 220 663 965 203 580 340 911 413 210 945 773
106 270 126 190 379 398 51 394 28 960 287 77 72 419 429 698 792 638 130 197 707 293 650 214 245 492 3 221 201 694 995 122 41 416 657 465 251 709 751 689 389 799 300 596 707 394 714 119 355 497 374 868 569 297 459 600 853 648 239 982 971 854 922 206 119 814 272 106 581 8 772 263 704 722 763 62 349 86 840 55 703 718 926 990 687 317 436 685 818 52 529 407 261 740 315 12
47 168
837 357 125 72 108 553 889 190 901 605 147 960 372 38 473 624 374 752 404 497 991 497 806 657 315 659 563 602 438 612 624 835 720 565 702 608 871 113 275 632 218 123 67 900 989 820 178
972 983 613 305 72 269 919 445 989 336 377 425 693 421 541 972 467 903 429 966 671 17 772 518 62 716 80 741 946 614 647 948 83 22 427 43 840 744 227 795 990 974 674 70 777 939 419
16 39
702 522 7 125 685 475 72 228 623 553 982 815 959 320 560 861
124 589 908 896 170 939 961 152 849 273 74 734 904 160 20 107
60 493
991 123 427 728 518 209 517 397 22 942 286 458 877 574 672 885 606 430 959 439 537 598 498 105 134 437 120 301 421 381 822 708 814 96 795 869 735 884 738 460 444 637 406 649 831 755 476 881 271 602 24 335 641 141 662 690 536 698 813 847
416 666 37 433 23 985 814 398 377 812 57 425 166 430 103 512 796 280 623 308 419 751 855 89 359 950 684 919 986 903 468 916 878 298 732 401 74 779 954 207 544 552 109 974 849 627 547 622 526 98 459 890 922 465 35 229 356 299 249 671
47 223
549 746 554 119 414 326 952 504 52 920 104 390 855 931 764 820 760 359 440 625 745 962 83 166 321 201 479 701 327 185 474 568 825 826 617 261 468 22 136 831 955 505 651 713 218 856 863
894 299 963 491 151 323 799 844 76 711 64 832 963 517 852 567 668 612 163 318 210 439 269 798 503 638 396 50 717 117 753 172 376 911 608 191 50 301 458 919 388 660 777 428 133 466 877
74 486
433 277 238 665 146 201 251 525 445 878 526 426 964 825 859 501 695 595 502 215 97 202 948 75 829 866 103 628 11 853 515 110 687 715 616 443 636 991 494 713 190 80 690 455 199 415 529 114 440 857 938 568 171 228 630 629 845 576 950 760 872 261 653 832 183 477 395 838 568 556 54 54 850 881
635 915 596 828 527 677 998 65 105 639 961 74 53 583 204 969 836 884 363 199 315 245 232 422 267 920 498 17 546 133 298 415 630 276 87 759 482 290 959 19 636 365 26 265 716 800 675 141 195 48 846 1000 996 623 719 466 281 426 909 934 864 20 627 461 431 422 44 601 260 485 637 943 211 859
83 731
190 963 121 66 878 924 849 321 560 305 219 534 175 989 857 670 496 165 262 502 247 852 782 489 283 114 597 42 144 517 40 637 409 220 120 514 34 200 259 157 508 13 428 184 562 281 562 203 563 147 398 432 746 80 523 964 468 619 744 218 627 641 867 837 663 141 117 683 97 271 575 798 670 874 881 97 191 631 963 269 452 703 25
553 142 935 357 450 336 767 498 890 978 959 458 2 628 172 468 459 323 303 89 595 2 16 242 825 539 949 587 529 638 16 31 136 121 974 956 305 695 888 361 995 119 687 745 34 829 253 818 527 340 105 975 737 840 748 479 584 463 948 237 876 489 801 989 70 25 652 870 452 929 122 618 479 767 907 101 664 545 775 427 693 608 412
3 141
341 546 908
965 33 711
59 413
525 124 97 160 968 742 973 538 973 907 619 687 152 358 428 465 248 678 235 109 76 224 395 844 659 12 57 471 661 389 483 383 47 981 463 361 397 809 810 203 74 191 612 601 671 203 593 6 877 776 374 126 782 164 599 50 232 746 423
47 455 282 585 448 915 741 990 625 575 39 952 680 726 203 614 312 479 824 11 863 363 502 714 701 964 385 804 909 729 918 159 590 583 773 553 244 712 644 492 538 286 249 338 995 569 424 177 534 951 885 113 299 680 909 962 615 514 183
66 702
274 721 523 793 879 121 847 29 910 712 389 23 354 229 75 741 781 294 256 469 774 46 14 434 693 433 378 486 505 233 422 424 370 639 350 683 485 521 948 158 893 36 80 227 384 81 596 573 153 681 281 945 400 903 327 415 949 438 690 561 173 886 16 898 102 391
868 163 748 350 559 990 14 963 555 185 136 92 351 882 431 587 83 862 422 427 202 672 951 253 704 492 577 20 560 973 877 545 676 3 35 623 768 577 351 46 841 721 98 730 449 381 577 862 888 753 374 945 594 670 895 504 266 678 6 439 373 604 99 989 695 638
