18
82 33
954 724 620 70 244 149 597 989 735 767 494 684 365 488 108 477 577 117 533 989 498 380 500 120 409 757 578 625 833 897 392 97 618 750 914 318 279 83 865 714 529 130 622 905 329 699 885 278 411 235 894 26 940 129 153 128 423 985 446 104 269 358 159 504 824 176 603 580 574 482 861 644 606 982 595 855 802 579 769 824 93 910
860 442 622 763 130 831 602 560 843 242 411 383 79 772 96 14 55 13 504 196 225 302 490 349 168 760 967 355 969 464 1000 983 660 901 177 834 987 306 451 304 619 591 252 915 501 53 774 463 939 25 644 410 296 937 748 761 699 223 810 748 379 564 346 903 813 774 994 837 87 350 942 817 969 337 780 712 466 319 301 437 111 515
15 675
140 322 762 121 300 218 88 903 159 116 844 888 348 750 623
387 820 375 236 606 333 83 784 626 803 257 829 16 677 225
5 895
648 417 338 748 554
951 917 721 877 719
78 855
579 591 214 581 162 261 493 492 956 401 843 706 622 967 196 773 161 464 631 338 434 310 999 917 974 300 588 721 248 505 175 327 38 809 573 145 384 481 57 801 365 747 331 284 112 867 704 719 189 516 939 311 283 78 715 785 348 616 847 887 586 54 559 747 839 457 626 157 675 991 633 563 730 113 39 251 189 2
352 177 949 431 274 130 639 142 527 234 66 954 572 37 535 398 976 571 421 653 176 987 1000 428 415 67 791 851 31 38 396 937 126 94 306 502 354 914 677 321 390 951 63 321 645 24 240 658 199 151 94 352 961 665 482 639 917 940 450 296 518 835 507 851 21 578 52 234 190 95 388 980 755 968 690 575 957 965
85 462
473 220 847 639 281 538 394 69 726 499 173 618 872 43 499 343 705 605 837 718 747 123 79 638 24 184 976 872 547 288 247 370 292 343 689 777 365 279 764 617 248 309 389 356 310 772 414 565 334 791 761 885 445 371 422 840 706 666 31 887 940 293 723 126 259 334 225 629 603 257 427 485 617 539 916 532 370 222 923 316 679 953 951 958 826
10 682 649 113 173 408 556 651 635 821 628 703 457 387 644 293 732 367 731 290 705 289 369 219 265 732 396 686 12 852 401 56 692 980 539 309 473 722 143 237 432 264 518 166 303 973 693 774 61 875 806 356 657 93 712 475 147 327 864 135 861 599 61 708 495 852 937 999 414 679 322 121 252 178 528 9 259 645 809 498 735 990 844 409 649
88 793
629 717 344 375 239 111 962 535 226 153 773 255 963 935 561 882 107 193 256 640 500 878 411 904 194 197 689 574 412 736 76 725 391 124 110 51 534 525 453 109 81 114 288 702 768 342 928 86 769 452 501 713 772 379 130 124 321 373 429 605 11 722 450 349 544 582 274 203 647 183 5 596 864 387 27 288 564 302 487 815 794 882 569 302 809 824 688 2
384 23 491 740 810 368 53 102 72 9 668 498 846 631 49 101 763 959 244 124 8 52 115 425 314 291 85 574 971 960 921 821 651 78 95 725 349 746 70 196 626 716 874 836 878 685 320 157 681 350 380 274 535 684 183 307 149 76 554 169 363 452 419 225 435 984 644 841 815 248 233 628 609 88 200 352 283 39 649 961 525 867 806 143 306 8 679 387
13 598
621 375 507 925 178 141 689 381 164 98 638 158 135
324 758 301 170 834 430 881 161 414 767 924 256 495
36 71
449 461 235 387 37 686 924 254 699 624 834 174 391 577 782 639 798 815 156 740 404 966 271 131 572 484 2 43 350 776 669 638 310 149 390 688
941 263 558 924 975 652 914 717 801 944 97 114 493 981 505 126 166 879 560 698 225 273 348 316 288 25 510 360 958 97 80 324 305 354 685 480
62 955
700 958 603 783 78 36 129 935 505 14 56 176 306 599 923 262 316 60 272 28 206 784 876 712 619 612 962 606 875 411 902 441 851 301 640 693 150 605 206 849 446 670 537 554 616 321 106 166 961 486 712 35 898 963 543 921 928 162 113 860 280 642
146 268 768 626 557 900 918 647 346 765 736 154 337 545 546 27 370 740 28 213 227 836 668 487 135 315 109 429 451 807 139 852 692 649 389 763 293 979 600 364 571 866 940 988 156 910 802 327 485 611 466 645 60 458 727 508 186 553 997 712 433 121
39 700
977 955 246 19 50 154 152 664 904 47 927 308 595 498 133 570 129 130 659 543 555 561 74 255 354 84 996 319 450 950 376 640 815 159 639 875 352 763 287
988 716 734 392 96 639 42 695 377 932 655 491 194 676 626 54 600 184 188 960 443 515 154 613 806 173 386 16 348 240 751 864 399 861 108 50 248 294 977
100 813
993 338 921 771 143 193 274 391 502 90 118 159 225 597 707 599 930 243 340 611 697 765 611 809 30 385 672 353 150 493 533 852 385 66 405 76 227 497 468 130 281 598 689 587 178 194 823 818 586 190 397 67 547 937 278 170 692 606 852 517 458 829 921 756 55 394 35 324 222 110 563 550 332 173 909 916 354 616 799 333 687 403 976 70 560 148 679 651 103 463 26 579 613 594 939 373 152 193 605 23
20 202 450 527 676 695 408 260 404 215 324 46 996 826 464 731 192 398 368 525 551 12 102 946 668 495 919 753 732 185 490 616 975 87 824 294 626 639 56 521 138 400 951 150 258 335 165 372 428 378 573 982 286 258 861 539 595 536 814 958 698 239 174 820 735 20 205 143 793 187 24 927 122 557 357 821 629 973 688 656 188 655 991 863 152 30 255 572 778 53 531 874 938 687 438 758 584 470 965 978
98 535
500 545 102 378 678 897 596 62 498 857 569 300 13 884 834 329 42 801 547 729 396 701 471 577 277 595 1000 858 538 151 329 415 421 684 316 489 454 739 842 595 143 762 717 145 527 667 342 236 355 853 623 267 536 313 159 407 695 367 947 972 690 532 321 327 661 126 544 927 616 955 685 934 269 889 936 763 269 63 76 825 828 217 763 948 132 221 419 597 283 18 361 386 354 609 251 220 457 370
589 291 525 874 199 940 354 822 935 892 823 562 329 279 383 115 71 327 748 253 520 357 184 716 376 23 985 978 655 60 846 637 379 36 936 964 120 439 39 22 565 889 332 997 659 874 688 324 873 750 360 421 160 306 210 844 465 848 429 623 825 208 465 532 610 699 636 323 986 411 483 824 98 37 772 472 933 490 127 407 421 27 345 813 157 283 477 563 298 983 609 54 534 44 968 46 141 557
74 285
734 417 250 76 824 955 335 771 509 595 903 558 631 76 805 874 944 27 691 768 284 397 756 554 827 249 760 707 411 418 739 704 121 915 192 782 623 49 361 844 349 184 19 57 475 763 931 946 682 762 374 468 586 663 988 617 190 849 393 295 854 180 626 905 924 912 502 576 527 406 172 711 891 239
115 619 481 794 311 630 647 870 443 414 196 820 333 973 250 754 243 86 556 379 516 752 283 915 379 740 526 68 541 488 848 308 956 454 224 883 910 731 570 872 590 693 780 708 336 111 961 876 459 632 227 1 93 273 539 381 416 553 906 806 708 559 831 615 649 690 946 688 274 369 248 764 771 772
48 920
673 939 389 712 591 294 184 221 299 411 874 183 467 559 328 21 95 711 25 816 600 881 379 412 527 165 158 607 626 761 177 72 786 389 93 151 834 577 710 836 975 795 6 480 267 335 648 593
879 524 504 396 770 580 547 417 222 785 102 585 727 392 442 701 343 916 472 67 649 704 919 114 602 571 155 992 761 92 774 733 408 613 761 662 248 147 725 94 262 621 752 483 458 729 691 328
14 106
190 282 376 983 940 747 523 730 750 717 559 223 662 650
628 988 63 309 316 782 515 17 150 831 158 620 378 998
56 88
502 40 782 574 943 459 622 956 204 232 446 195 365 611 789 27 361 358 352 39 283 746 136 354 831 51 168 355 406 956 901 821 615 71 965 922 535 46 636 954 95 305 5 454 137 166 885 881 855 251 746 92 250 51 79 578
923 575 597 906 932 626 131 683 815 198 773 525 515 61 717 193 696 118 317 568 479 412 461 917 89 877 904 161 128 232 641 603 296 417 665 434 901 207 845 320 794 477 761 968 153 123 988 522 749 595 859 568 366 109 340 318
37 17
906 613 965 756 294 937 577 399 273 447 342 20 129 905 86 418 78 263 418 375 730 869 359 217 501 284 874 646 661 473 796 780 869 552 640 513 792
556 725 898 604 26 379 895 358 269 664 441 831 805 619 38 773 710 94 980 62 198 467 928 739 16 523 318 997 667 436 366 397 235 631 984 494 16
16 473
661 658 766 711 490 881 678 379 686 571 967 126 493 228 189 365
440 262 741 845 387 368 212 638 125 863 392 595 492 439 609 847
