81
67 644
563 443 297 25 393 356 577 786 304 872 619 822 873 123 84 889 392 698 80 962 505 835 541 325 265 658 116 896 253 926 922 424 602 753 577 659 175 35 722 219 756 680 857 22 398 169 813 590 233 249 367 411 137 377 248 285 492 274 639 147 128 430 369 604 441 55 469
514 704 989 821 69 378 419 343 228 381 425 708 273 415 179 795 430 450 77 436 485 930 168 351 650 952 667 504 738 960 739 114 816 691 364 876 344 31 604 927 664 114 941 520 397 949 429 566 777 38 701 242 352 586 631 725 69 862 269 446 682 802 772 873 53 298 666
22 164
853 199 946 774 769 160 885 950 516 593 593 742 685 496 986 310 432 646 940 263 100 395
429 621 640 976 873 412 178 488 756 60 440 93 333 456 839 269 245 755 227 827 206 398
47 760
189 622 858 353 389 897 826 423 648 396 950 618 798 387 827 521 731 597 677 844 820 255 13 180 275 887 532 769 185 866 50 536 294 664 389 632 924 10 73 655 11 260 239 611 70 542 714
695 806 890 536 727 880 219 224 72 405 714 518 814 248 182 610 563 18 312 955 70 938 445 553 386 620 905 818 905 863 904 873 792 170 834 121 208 385 520 513 708 208 191 537 799 113 778
78 38
544 58 872 331 468 691 302 585 984 837 167 151 435 408 274 810 934 886 280 210 122 99 208 740 295 71 184 320 209 974 490 170 401 399 127 845 960 878 717 34 343 613 881 156 745 481 315 960 802 291 427 276 174 240 280 347 760 813 258 694 893 278 614 535 361 406 129 116 712 963 985 54 844 704 419 876 572 249
456 755 559 288 354 282 497 982 496 685 939 947 465 592 505 126 460 689 779 517 564 727 293 511 451 314 439 153 533 676 28 690 937 306 890 923 879 249 324 491 953 506 70 377 530 765 283 616 542 183 327 693 305 348 1 123 757 474 135 946 558 746 591 790 328 116 776 596 710 794 492 361 404 592 827 840 12 427
5 494
590 828 105 353 486
899 436 542 201 984
38 314
201 169 344 919 832 696 37 222 741 309 720 181 837 565 616 94 832 71 484 923 207 67 751 568 165 29 381 735 669 456 573 9 549 179 313 581 4 335
567 124 863 455 725 822 132 305 439 818 522 688 270 443 605 986 159 953 289 630 597 260 144 367 345 998 3 716 440 329 828 739 198 258 669 636 609 292
47 383
908 795 952 502 643 902 194 859 592 957 312 479 791 376 698 584 959 264 423 674 492 316 411 519 402 912 615 976 925 154 571 64 10 635 762 996 364 32 47 254 742 536 252 783 561 881 127
759 674 143 76 530 706 175 81 516 973 544 321 682 106 335 534 763 457 748 732 869 104 817 721 650 793 772 552 916 904 312 50 523 159 57 152 57 95 329 505 967 153 271 944 156 579 146
22 487
430 907 513 168 137 977 808 733 161 318 850 189 472 169 924 542 635 750 408 78 216 144
244 381 97 431 718 866 361 56 964 24 363 760 861 171 130 83 810 254 931 278 342 663
78 506
64 930 165 258 515 425 399 791 722 311 322 981 600 230 439 290 439 774 37 567 51 166 443 161 76 201 510 386 213 297 182 75 194 949 197 347 112 667 893 495 451 504 721 463 888 644 438 138 982 51 210 619 965 133 664 850 12 708 155 354 18 776 674 893 807 86 14 881 771 860 500 301 416 961 692 851 241 793
28 382 765 770 574 805 441 939 391 891 737 912 800 66 249 605 24 638 799 449 129 290 963 319 350 73 240 477 583 690 922 709 123 259 137 91 229 143 734 93 543 990 393 7 320 371 201 331 385 982 579 736 677 807 58 236 508 63 686 157 808 90 754 66 715 33 669 582 896 509 152 898 407 310 390 611 474 763
71 249
134 316 343 387 603 244 449 591 905 563 825 32 276 529 861 215 413 213 846 758 579 780 407 419 849 268 583 401 514 127 184 469 302 931 262 704 598 604 12 432 244 895 237 545 804 872 778 842 213 221 363 644 199 38 671 973 29 823 427 360 46 520 374 193 243 668 904 602 461 352 61
728 892 958 25 504 1000 21 116 842 355 557 10 737 904 454 633 634 495 182 265 827 527 813 33 655 767 257 493 560 224 766 294 901 36 505 964 243 964 162 248 678 155 640 67 733 778 733 14 667 823 105 401 13 856 662 109 519 872 425 652 876 123 175 328 431 309 437 752 473 365 112
30 336
546 51 99 305 888 825 515 61 128 194 863 44 66 83 524 313 510 550 886 727 92 1000 166 870 911 426 888 633 6 241
389 809 990 505 685 450 776 623 474 11 756 296 656 336 660 176 493 105 880 940 840 604 964 171 783 753 157 877 568 54
11 630
768 727 538 830 700 778 816 378 114 735 228
247 467 498 317 799 413 833 85 480 882 34
64 387
774 608 958 978 643 737 31 865 519 906 919 952 317 940 653 505 56 240 724 307 747 254 290 409 701 170 520 303 396 717 410 318 614 87 605 77 397 996 713 668 693 916 450 421 704 583 898 257 899 20 784 79 243 810 183 609 257 513 877 585 188 494 873 79
797 680 797 182 126 292 919 13 70 236 272 85 482 542 407 43 934 108 280 788 275 6 733 158 699 290 629 143 417 175 612 94 363 67 531 185 547 187 495 729 603 37 29 957 499 710 49 250 172 206 979 737 447 815 185 844 797 357 711 76 394 236 672 314
38 232
469 355 528 760 802 927 619 379 665 907 457 600 59 590 864 390 335 424 572 206 455 839 558 860 704 981 674 360 909 785 979 954 323 573 773 391 502 915
21 507 879 862 100 843 615 100 920 361 384 121 896 634 983 104 917 951 290 845 153 211 112 14 633 470 348 918 193 19 35 410 153 573 260 305 228 851
49 397
643 10 249 329 669 162 181 884 243 622 783 948 810 713 242 708 239 297 603 752 673 171 238 896 470 213 616 678 393 240 157 990 85 107 247 525 891 309 823 449 91 211 449 734 318 765 615 403 119
917 400 723 930 170 565 446 624 968 143 581 888 972 719 407 114 574 726 889 473 365 622 14 446 301 178 815 179 406 268 509 799 790 171 120 252 458 406 78 380 654 528 690 330 274 122 191 356 296
85 995
240 548 710 394 29 991 374 711 530 644 26 54 747 996 562 68 667 245 167 848 34 852 9 619 700 706 68 156 38 242 265 773 39 350 342 93 630 373 189 418 76 991 741 550 317 663 95 141 668 21 758 71 31 735 895 912 220 184 939 123 792 384 642 93 551 500 551 203 224 135 960 401 714 881 773 453 627 421 873 348 732 942 758 512 609
57 650 839 80 172 566 663 527 233 41 992 686 507 275 290 553 64 904 50 864 157 872 43 724 984 546 526 765 60 96 969 461 187 558 67 871 837 293 50 758 550 914 316 111 956 515 608 24 693 731 225 225 382 18 821 955 859 624 195 772 62 456 765 390 861 566 639 334 991 490 991 792 233 699 646 89 473 652 993 174 543 536 137 936 299
14 946
788 883 582 255 334 33 385 592 111 418 854 723 161 615
871 838 542 976 257 47 308 265 778 847 64 477 974 465
19 924
218 807 145 101 26 347 62 939 292 154 666 264 996 853 900 1000 538 155 930
366 145 885 665 192 128 99 105 23 489 657 351 304 903 938 538 233 424 509
53 423
710 6 828 774 414 172 553 235 114 443 836 769 890 341 344 963 238 835 188 457 589 771 965 167 501 74 5 689 484 240 51 516 103 907 826 812 325 175 689 570 759 957 268 552 848 547 587 746 180 562 977 905 682
874 317 41 417 255 323 830 323 627 983 886 250 117 600 889 977 622 186 12 772 941 994 996 974 215 876 942 284 562 417 350 686 732 560 987 266 76 466 320 511 388 744 899 244 655 608 916 210 186 860 720 715 175
85 267
443 454 395 289 915 827 574 402 27 72 696 193 143 358 762 849 421 516 353 624 339 853 310 348 485 235 683 923 159 751 450 881 326 639 494 409 889 943 801 657 184 845 208 60 74 352 63 656 529 526 747 583 312 762 155 187 679 111 598 780 951 336 645 945 126 53 387 947 99 101 422 93 470 1 838 427 529 939 298 970 434 6 419 695 12
387 119 764 237 622 872 522 560 357 3 519 932 811 441 239 148 250 98 130 311 730 748 143 984 459 180 238 335 805 811 997 343 301 373 941 830 835 826 805 359 845 624 140 533 317 86 515 106 62 534 187 410 505 219 623 71 76 522 382 264 407 918 256 519 716 758 720 819 432 323 160 350 483 153 652 160 3 274 797 293 418 567 540 56 811
18 753
305 193 367 918 144 915 639 565 74 246 48 284 607 995 801 341 595 391
875 748 155 665 529 121 944 726 900 361 956 67 350 553 151 40 699 256
17 905
81 78 817 540 544 264 417 521 472 726 249 446 280 393 879 582 296
260 536 303 829 710 581 942 90 695 978 474 65 3 421 350 801 531
19 170
283 957 363 368 27 917 50 926 16 749 792 309 951 694 894 135 388 838 653
628 67 873 264 202 887 500 896 975 576 35 157 387 200 859 82 510 292 345
76 6
956 277 627 868 467 868 626 940 453 184 358 927 529 851 105 843 511 480 142 862 421 278 127 278 769 451 739 243 178 456 539 646 895 516 722 777 701 197 615 190 518 819 802 265 809 971 566 676 148 544 205 598 549 384 550 350 690 146 590 672 436 645 743 604 342 938 506 826 128 322 989 323 253 605 419 671
510 480 999 830 243 675 963 573 378 927 411 275 55 578 253 570 269 93 305 119 943 176 747 739 651 525 58 148 898 665 999 736 943 754 494 784 598 735 148 306 743 125 631 870 791 671 39 181 508 677 3 280 968 729 376 229 432 240 727 397 343 621 829 327 356 693 26 333 689 442 165 638 874 321 742 371
77 881
487 692 381 387 916 416 381 262 249 527 175 866 737 899 866 57 934 706 871 713 496 180 552 850 532 305 416 36 24 318 233 426 287 234 683 152 443 637 6 762 700 433 154 228 64 728 784 4 543 663 192 15 604 454 570 659 790 988 875 914 137 276 192 936 770 389 940 943 190 92 773 919 901 671 546 530 30
576 7 237 407 594 609 629 158 741 424 509 386 823 144 904 562 224 590 997 216 51 142 283 805 4 862 935 332 218 740 32 95 123 6 826 404 860 313 705 834 32 73 918 155 909 176 434 635 112 619 672 450 400 524 26 253 359 970 317 491 880 813 874 777 95 819 671 839 471 608 847 740 203 928 960 903 960
90 489
699 272 518 762 636 866 298 532 958 672 121 242 207 221 917 342 869 651 389 37 205 51 999 959 349 215 141 73 107 352 425 364 120 60 406 858 660 480 486 355 627 282 410 835 317 117 988 870 80 122 157 11 161 762 786 253 192 724 760 588 374 45 462 931 254 80 461 649 159 339 458 235 238 852 878 709 403 228 174 453 632 503 919 497 375 952 355 768 582 719
573 824 210 632 335 164 912 895 6 928 402 50 944 105 353 687 865 735 869 463 347 121 11 82 760 580 472 290 572 909 676 905 856 390 800 187 262 880 719 519 251 789 552 50 157 463 428 993 901 75 511 95 100 949 902 706 240 969 25 636 392 190 923 726 749 528 567 124 701 698 954 280 328 971 964 351 858 675 391 22 325 361 866 727 354 284 155 265 372 256
47 218
685 930 597 221 518 402 641 33 616 392 268 779 834 711 784 438 983 477 642 185 717 277 575 920 962 408 15 840 602 991 364 617 647 975 13 862 412 556 747 763 944 991 160 4 74 170 421
697 737 366 732 446 728 415 931 238 343 186 803 500 352 513 940 298 891 338 436 938 497 120 426 752 260 435 458 750 442 213 59 228 846 39 223 119 242 485 904 545 686 111 718 297 726 280
47 648
469 847 629 828 479 171 174 225 393 436 485 963 6 906 613 686 130 663 624 914 982 166 220 753 499 497 359 914 412 343 895 397 853 897 775 588 342 129 822 58 190 452 760 144 876 728 388
572 486 224 329 594 402 403 796 893 720 703 839 863 306 994 608 268 915 37 21 126 62 766 264 459 880 711 581 457 596 879 599 879 789 616 85 842 639 147 179 1 980 339 215 632 504 218
90 578
94 897 38 124 330 879 643 695 522 304 39 332 611 723 49 938 95 565 167 356 308 856 295 343 555 794 621 415 734 990 567 672 259 273 66 725 397 438 325 232 409 925 37 616 393 496 218 706 1 997 957 28 415 857 779 729 421 47 567 314 957 66 733 929 65 314 988 818 830 855 545 151 888 269 416 92 721 497 985 322 559 515 324 220 914 884 634 369 218 797
734 726 811 87 949 293 743 510 783 894 311 770 771 73 624 904 362 98 93 94 976 803 284 397 182 921 663 749 692 629 568 444 330 914 330 756 579 518 91 383 86 273 780 135 7 373 943 45 377 142 442 520 949 953 823 469 687 108 100 872 536 685 723 820 350 381 240 196 59 642 263 998 758 908 99 120 605 574 802 764 694 898 199 505 680 484 426 416 910 13
63 258
983 627 969 723 276 398 85 339 658 225 969 897 881 858 540 741 231 950 658 955 25 683 643 198 539 95 74 32 681 829 195 116 207 349 965 735 27 678 960 423 188 913 266 961 453 677 569 929 384 894 876 701 75 789 500 566 579 509 93 745 946 302 864
110 870 676 334 113 910 823 790 463 216 869 527 841 261 71 482 683 872 766 144 76 504 343 584 242 53 342 206 763 525 971 5 332 950 560 15 778 875 415 109 989 550 346 496 675 776 674 656 305 979 879 293 429 771 300 444 351 602 670 867 767 151 798
9 504
860 396 866 791 778 469 797 867 256
156 954 282 187 960 353 60 684 907
5 100
440 897 364 466 472
102 496 518 718 682
70 706
189 798 53 152 314 370 183 254 144 785 483 872 646 774 579 386 804 818 68 622 109 643 194 37 584 980 846 494 12 73 389 95 623 260 245 219 452 243 799 668 316 167 134 162 882 236 951 966 496 304 293 598 441 101 563 418 609 713 407 597 990 810 981 419 757 504 656 550 92 539
610 838 253 969 29 900 807 138 549 528 238 358 154 466 936 440 536 870 716 65 404 636 751 678 784 641 919 989 715 148 880 631 408 686 200 149 896 43 530 431 265 318 714 168 843 554 531 628 151 401 737 701 19 105 287 192 257 4 803 233 819 538 278 627 542 829 33 95 795 147
76 680
144 865 166 879 428 971 764 133 836 369 298 173 847 993 896 453 844 416 792 879 545 755 793 837 715 103 135 755 628 972 672 63 719 221 819 577 325 161 942 219 208 414 90 442 706 638 982 765 519 348 922 985 741 461 679 42 941 146 419 269 739 443 762 276 139 900 637 792 505 566 971 369 707 52 186 606
772 429 739 105 884 100 606 475 642 759 178 20 317 312 569 130 717 839 777 9 58 540 290 304 280 630 626 630 820 186 247 72 729 223 726 287 767 854 305 475 998 637 354 659 304 234 700 971 98 862 534 924 691 553 693 637 92 990 685 486 262 147 803 659 493 125 171 205 884 717 284 957 96 89 575 96
63 717
603 375 454 148 566 956 6 150 597 752 519 9 975 395 883 355 15 175 141 817 751 445 833 665 25 706 137 754 590 587 517 256 373 85 774 503 612 564 740 181 741 366 446 373 437 19 371 353 313 371 834 114 952 495 114 499 711 810 530 511 227 601 311
833 704 187 711 492 923 937 871 147 631 757 151 806 974 845 856 132 299 652 812 846 31 883 864 413 209 71 179 984 928 69 314 266 787 190 43 169 458 820 120 834 992 668 26 528 900 17 782 209 747 162 940 864 525 534 841 634 248 328 205 747 331 336
70 584
39 896 511 124 337 261 273 532 432 277 599 484 105 711 876 398 143 823 529 859 620 113 93 728 445 414 964 401 83 316 472 395 19 166 779 928 591 786 512 193 257 254 805 955 111 314 129 414 686 273 549 15 660 522 23 941 464 556 168 774 984 223 197 473 550 231 26 267 549 476
274 141 874 56 855 251 15 751 365 651 169 805 920 443 545 685 464 163 47 617 536 272 573 6 434 945 496 366 323 983 744 729 710 393 519 772 736 119 7 428 653 939 853 714 585 862 688 58 74 191 780 277 580 272 48 604 531 646 325 188 335 757 751 119 352 339 799 85 446 441
9 985
210 607 277 619 961 851 37 218 564
4 875 761 387 668 979 682 972 135
60 303
422 379 632 952 118 583 644 249 209 408 141 512 692 917 518 60 484 531 797 496 454 794 331 103 154 454 129 590 582 425 129 576 354 856 10 12 118 638 172 569 774 387 318 54 778 469 865 425 369 527 663 178 456 122 36 906 297 131 768 140
175 233 188 703 157 805 890 858 896 581 4 354 926 543 560 78 948 258 88 669 406 505 867 855 834 559 868 235 755 355 897 591 302 300 148 923 953 512 745 36 690 329 224 827 828 763 508 226 232 14 986 528 738 321 757 154 929 922 373 211
94 196
387 46 373 569 430 251 824 765 752 744 788 500 968 337 181 587 491 969 684 587 860 730 564 759 685 504 485 88 711 217 624 921 117 319 638 846 405 600 247 487 306 225 206 486 93 862 271 23 368 567 686 433 265 979 676 431 814 623 809 352 823 841 865 848 684 375 775 353 943 809 125 637 284 908 714 247 254 316 988 202 510 29 877 921 13 394 827 905 334 129 527 9 745 407
837 587 253 49 951 735 322 356 689 548 316 179 438 176 360 547 268 603 321 648 504 50 889 336 745 910 773 671 581 65 639 783 686 224 54 412 968 146 581 578 668 383 850 467 111 818 654 375 326 969 979 85 633 929 811 263 842 636 664 733 163 350 247 336 867 837 691 436 752 520 246 397 417 486 285 974 582 539 951 224 139 411 56 358 305 959 703 930 146 246 207 571 789 408
24 968
854 584 855 542 842 83 749 183 602 178 562 260 848 381 693 753 550 386 800 855 702 46 382 231
275 442 873 126 202 880 312 142 158 533 101 734 563 116 627 465 109 995 433 237 388 614 553 356
91 860
253 132 551 352 434 308 732 62 753 678 128 779 115 455 484 57 884 64 828 148 442 174 300 392 483 273 621 728 510 687 991 505 848 222 88 469 499 168 304 751 76 702 828 786 912 266 494 828 788 526 841 489 126 101 277 536 176 109 159 573 597 105 54 586 557 874 327 819 63 425 667 637 529 848 538 669 885 177 861 634 204 677 1000 17 961 821 569 723 110 388 190
398 939 982 126 452 538 208 472 347 373 718 845 844 175 23 290 898 435 159 798 864 417 145 578 323 515 56 231 823 988 355 259 441 671 341 144 1000 210 202 996 544 504 222 455 857 948 368 819 590 501 559 444 975 481 67 243 45 765 945 397 855 372 435 666 805 586 740 386 231 661 710 361 787 750 840 181 579 328 426 445 282 555 595 812 176 692 446 754 530 447 500
53 514
229 213 236 621 46 295 29 665 741 898 25 183 751 786 845 280 588 284 471 807 673 941 210 278 893 184 297 537 456 998 655 757 408 358 253 660 924 32 720 75 379 866 694 578 907 340 227 513 632 16 431 441 953
325 804 618 765 355 972 300 133 305 941 454 304 195 737 897 156 44 77 391 550 258 54 244 394 806 186 877 928 562 549 936 408 950 525 35 391 627 606 224 796 856 161 235 893 677 535 405 647 202 590 167 561 395
53 48
660 963 731 60 807 746 999 792 773 723 4 89 367 933 196 116 433 919 417 759 59 616 920 682 206 798 473 844 114 230 660 766 405 120 821 384 823 721 336 903 335 796 456 630 155 513 867 424 618 323 901 230 308
199 886 82 90 383 290 243 849 714 608 94 141 74 899 648 338 969 864 495 90 857 710 648 662 662 752 530 605 360 317 216 542 406 897 410 256 515 34 857 845 786 998 402 477 464 825 352 927 857 226 18 908 307
50 572
701 557 471 286 138 161 234 194 265 51 216 501 527 558 746 366 537 842 56 725 43 291 730 842 78 215 172 221 598 341 282 282 829 243 121 62 891 871 766 441 64 186 318 106 158 673 709 543 280 651
152 927 922 642 721 547 169 541 791 119 627 51 954 926 704 213 123 906 318 604 942 225 433 766 428 61 833 349 784 727 696 243 914 786 237 258 133 637 469 755 320 783 307 622 217 869 103 366 136 800
4 570
806 378 905 276
826 654 805 310
96 554
466 174 486 489 214 505 43 248 275 22 767 637 787 68 967 570 804 431 848 781 14 14 569 864 649 270 353 729 499 444 348 64 987 241 181 440 634 461 330 195 857 571 206 761 695 923 281 799 488 34 889 326 44 177 966 765 448 637 15 131 652 645 668 157 948 994 970 87 426 659 100 679 926 454 858 177 915 627 227 223 536 446 838 752 456 870 998 874 849 235 812 738 547 540 486 23
92 334 788 323 529 466 177 941 749 197 882 911 348 206 555 166 399 256 181 56 463 96 893 373 206 60 922 572 179 323 482 994 461 760 91 795 874 557 827 262 874 423 194 191 387 550 153 610 919 281 832 355 319 573 740 441 999 935 866 573 798 156 407 745 608 347 512 497 821 477 227 91 663 475 527 188 462 885 679 669 315 156 167 806 162 538 1000 629 190 583 401 351 469 372 932 876
45 94
120 404 235 39 884 958 759 922 431 309 154 991 377 629 923 98 77 803 5 171 670 391 13 497 790 701 777 134 961 764 755 441 320 40 809 535 567 758 159 641 635 136 330 497 510
320 760 872 573 365 586 5 738 992 49 692 415 618 756 752 626 548 372 606 10 309 518 445 606 648 46 127 326 463 559 385 652 574 263 53 760 338 926 723 836 42 414 479 802 75
47 272
923 302 330 237 339 949 290 901 215 933 58 955 406 666 53 483 907 631 932 517 598 851 746 737 507 943 355 249 738 416 353 258 897 808 266 423 268 985 265 779 617 947 465 89 247 834 889
382 802 64 874 41 704 231 574 259 322 247 884 677 359 141 23 248 458 163 127 404 434 480 989 25 60 966 316 971 62 133 346 614 298 150 850 909 444 901 810 851 750 256 927 410 975 774
34 460
522 628 782 337 890 391 974 976 119 278 134 681 618 11 540 931 472 407 693 405 263 35 595 13 118 870 890 48 455 635 477 745 156 90
323 996 213 532 247 956 756 603 234 212 101 165 115 314 459 588 85 171 53 858 17 923 825 297 429 619 472 969 675 872 601 708 885 685
62 954
54 900 424 249 861 435 552 549 231 349 839 656 915 322 111 285 975 912 762 255 808 981 101 76 809 235 346 134 691 654 48 220 530 603 740 307 398 230 355 769 229 277 154 850 431 37 370 423 633 292 3 445 376 814 684 960 183 896 286 827 720 446
190 597 948 861 460 593 387 130 707 690 455 589 773 274 775 380 994 756 472 156 114 921 347 356 183 698 864 949 287 119 374 104 625 99 467 736 579 16 844 614 394 906 564 400 641 699 206 987 584 634 318 929 884 548 990 807 225 985 342 367 579 364
46 153
553 654 897 466 648 818 62 277 461 112 965 287 359 827 977 805 481 5 367 961 738 27 530 168 571 285 452 743 46 430 640 337 694 216 569 952 506 320 841 37 567 368 697 370 142 827
310 697 316 47 753 262 332 520 14 430 223 576 835 431 126 433 692 185 742 652 928 513 672 58 725 854 470 244 246 202 142 595 690 318 498 370 684 614 365 591 315 106 148 387 636 482
65 823
687 832 875 927 793 535 591 282 463 988 71 360 10 244 891 219 226 251 951 519 741 291 631 190 929 233 686 925 890 704 205 649 466 326 626 657 300 848 884 186 203 553 234 852 851 306 751 689 188 218 655 584 952 537 958 260 833 974 788 678 933 703 702 717 423
913 124 386 113 60 269 932 940 300 375 490 673 686 902 614 670 75 214 903 243 40 249 228 497 421 109 867 811 372 893 843 210 394 945 1000 474 526 55 363 428 986 166 878 191 890 238 965 419 969 719 477 184 436 576 576 966 268 164 116 415 671 323 80 49 38
34 316
699 843 745 877 342 55 949 525 561 999 982 753 233 594 551 105 169 258 81 289 838 803 40 480 192 768 389 7 433 718 621 382 848 3
312 109 110 906 126 170 6 123 497 496 190 879 956 212 942 868 572 497 833 838 990 672 755 321 341 760 100 349 523 22 769 537 463 709
46 629
561 271 305 296 297 165 987 772 96 56 180 542 679 219 619 307 179 674 349 890 396 60 379 967 263 88 375 665 336 736 209 424 184 217 75 999 755 530 586 579 774 180 357 278 613 13
176 71 399 583 250 801 394 397 415 800 193 770 797 940 482 392 505 601 650 964 872 676 914 965 826 3 914 464 403 514 706 994 284 459 680 137 778 293 266 649 34 450 295 173 941 794
65 110
497 153 111 479 819 205 202 951 517 4 671 806 845 848 918 883 180 107 194 665 562 499 442 347 646 862 717 350 977 321 644 7 533 318 630 710 320 273 693 448 543 824 909 761 785 375 53 306 857 890 511 715 598 547 249 645 205 388 502 775 645 295 122 960 460
502 666 529 809 179 325 584 648 778 380 233 908 940 383 641 481 810 547 729 976 573 660 427 814 203 322 86 852 224 514 987 424 7 359 317 974 473 520 654 646 875 219 39 373 408 420 218 945 649 356 567 243 688 265 336 959 229 956 212 462 89 1 463 294 325
53 523
786 438 908 447 959 728 472 29 24 869 120 272 432 422 906 514 117 474 137 348 782 423 274 13 280 770 81 502 724 634 10 323 836 438 298 640 349 929 742 47 176 966 403 171 621 593 402 1 722 601 709 976 144
191 743 230 927 215 970 628 586 343 709 597 412 437 176 405 367 992 918 363 514 765 51 335 482 14 960 741 520 654 717 842 258 859 715 6 355 172 285 290 861 5 644 970 253 5 201 553 405 757 38 287 872 22
66 550
301 471 627 118 993 782 411 879 791 602 270 483 271 355 307 644 399 964 526 197 325 142 508 351 892 520 729 454 418 303 131 850 860 72 895 961 649 347 335 707 905 623 942 502 546 652 309 983 609 122 221 336 387 973 661 466 433 52 799 526 320 687 886 751 295 310
903 607 810 721 285 43 732 568 875 643 379 583 247 313 776 122 51 359 188 380 203 982 641 232 859 748 798 258 512 76 879 196 492 187 906 285 862 223 217 289 655 864 182 423 741 573 428 795 988 419 733 237 833 443 809 741 652 868 24 42 252 508 636 23 649 423
49 709
521 915 88 350 774 665 647 805 100 385 798 782 931 53 680 942 153 414 205 61 353 587 378 157 483 896 129 522 422 464 903 382 771 570 39 74 376 848 109 648 341 194 484 401 338 843 794 61 345
102 248 597 522 352 153 885 678 227 477 6 497 489 467 610 794 281 214 226 374 818 210 181 770 100 645 701 144 679 862 929 694 943 80 619 483 35 590 444 880 802 734 424 196 721 992 960 736 127
58 980
464 96 992 148 290 76 13 918 520 567 456 452 810 666 126 493 759 541 736 195 192 25 456 796 235 706 260 433 568 749 9 561 161 672 480 436 687 71 317 790 332 551 688 75 162 417 220 281 648 823 842 776 813 200 255 622 183 426
563 537 252 534 927 170 745 625 555 601 151 474 270 200 720 867 924 720 817 702 623 794 180 921 538 625 711 193 890 352 693 165 709 979 761 406 308 942 920 337 799 133 867 130 993 84 666 536 176 82 334 334 506 739 506 860 585 731
67 409
237 322 587 206 5 826 838 900 415 205 699 647 461 386 328 921 833 47 774 30 168 611 440 47 730 641 274 160 235 982 933 195 990 903 103 810 751 984 465 853 310 650 878 440 801 139 826 34 954 445 282 203 403 69 974 997 648 243 396 479 471 556 211 671 729 153 658
562 700 922 705 360 998 611 114 251 644 49 201 662 923 854 342 408 993 302 269 178 661 438 184 504 704 995 531 630 436 91 867 604 734 791 369 503 192 379 69 648 398 947 654 265 745 486 53 131 544 769 217 832 583 514 39 211 63 328 246 182 600 405 179 272 502 967
35 106
830 142 556 983 376 465 526 513 944 43 513 14 746 386 554 203 659 536 730 346 791 430 904 371 709 344 723 927 789 171 954 382 130 885 622
802 56 861 197 459 951 776 780 432 659 103 510 893 628 484 630 225 278 43 54 246 238 329 743 269 4 580 567 451 404 403 67 52 904 3
58 422
89 564 937 342 979 206 634 138 696 961 639 122 896 336 417 783 837 670 935 93 706 156 323 459 452 600 595 567 229 624 859 169 305 132 114 799 914 385 926 816 538 50 999 468 583 585 794 485 8 688 615 898 239 917 8 765 705 256
797 918 333 109 566 864 155 837 265 770 697 406 117 426 86 500 610 360 791 733 298 190 438 978 8 908 162 903 653 193 992 602 285 87 863 90 757 307 293 550 636 866 430 829 423 779 571 466 912 474 396 59 431 896 40 406 548 310
93 705
887 683 529 251 255 589 438 566 135 342 193 999 219 595 730 774 17 169 774 694 611 452 22 218 56 527 326 374 268 203 518 900 481 596 686 766 867 137 910 709 651 281 846 997 568 767 122 253 92 117 103 932 473 725 629 495 996 61 128 351 451 79 973 551 377 464 539 791 125 503 825 258 131 965 703 329 115 598 185 931 897 494 848 963 692 769 949 99 35 996 620 515 101
800 753 353 526 703 627 842 77 169 984 552 690 68 522 663 142 307 691 496 402 23 465 67 738 734 1 456 711 251 903 963 422 933 52 178 103 133 675 680 617 534 102 391 694 181 217 696 219 826 666 888 363 150 895 243 391 574 327 769 35 2 124 795 581 903 248 975 77 614 35 751 375 2 8 409 611 565 240 539 760 237 365 987 214 762 209 8 132 128 953 62 800 169
4 920
892 131 173 263
216 809 950 555
53 100
249 871 396 844 883 875 817 738 869 519 410 628 614 378 132 324 294 67 104 87 309 314 674 834 858 615 795 202 582 741 802 936 935 714 379 298 173 288 434 936 317 892 332 665 418 7 858 111 187 906 415 408 403
356 855 871 121 599 199 845 552 24 831 192 757 739 236 42 585 75 236 122 738 789 154 126 965 972 254 427 746 711 552 93 290 237 186 27 45 727 100 592 326 378 667 649 431 771 591 884 384 943 67 57 301 946
94 803
174 758 567 206 351 145 262 311 115 386 302 702 183 833 997 596 581 595 457 867 629 981 329 699 254 751 743 548 279 375 589 200 739 360 743 505 840 289 92 216 490 612 57 899 753 779 695 416 422 918 95 748 264 163 925 299 652 982 794 515 772 748 789 346 121 11 930 189 1000 227 977 911 523 622 555 802 596 198 707 564 195 154 207 784 982 849 748 171 986 287 321 530 189 429
385 448 123 363 427 213 580 219 107 199 896 101 698 594 465 701 635 275 980 718 809 365 932 452 233 544 227 135 481 292 15 221 473 851 621 319 778 770 193 908 95 847 658 949 272 195 761 921 642 182 493 372 482 476 880 986 332 140 235 914 743 60 70 260 887 632 378 161 363 494 635 269 409 157 772 83 752 830 279 409 584 355 346 778 911 257 952 651 652 675 454 117 78 403
95 720
558 36 181 405 828 109 997 980 34 593 763 450 160 392 662 572 705 662 391 729 854 210 498 403 403 622 8 864 612 838 340 208 493 90 757 98 922 949 267 789 303 438 210 536 202 996 773 111 657 244 247 501 543 375 916 519 476 239 414 190 138 243 693 715 706 446 208 47 176 327 155 802 548 918 653 564 232 657 540 612 533 587 597 491 905 365 550 992 359 415 830 728 642 859 239
886 490 524 898 42 634 597 832 648 144 536 930 647 122 138 580 241 27 521 61 953 162 734 182 688 922 214 410 316 169 456 159 767 611 382 388 451 214 29 64 24 288 476 697 660 410 42 618 851 445 608 257 17 460 945 973 523 685 828 885 180 624 210 524 71 378 933 908 162 804 31 980 822 29 761 273 167 411 46 216 37 83 721 104 6 969 855 586 903 737 58 423 263 646 94
90 819
282 246 653 647 80 317 882 968 56 916 179 122 786 673 937 912 338 448 906 498 504 298 879 620 920 590 101 47 92 165 257 135 894 745 367 687 667 349 879 871 709 550 391 88 136 434 999 737 69 363 964 353 881 299 55 448 623 487 527 682 418 74 94 999 749 257 915 63 365 767 314 232 668 347 510 808 536 153 957 565 741 121 441 620 890 833 29 509 207 997
934 829 994 401 873 59 593 817 706 839 479 526 655 592 75 252 512 269 684 608 679 922 284 195 996 81 816 902 696 524 804 543 35 469 886 748 862 144 842 611 183 70 631 889 415 692 414 526 982 16 502 332 926 520 983 523 32 81 37 975 231 221 107 809 466 405 843 717 983 327 574 998 351 616 852 994 38 4 850 107 476 693 87 731 309 807 252 406 32 308
57 909
785 62 797 272 842 586 335 112 186 103 246 679 939 454 762 20 885 243 884 456 700 291 533 697 169 357 445 25 156 485 895 308 191 448 120 507 981 363 536 971 19 853 572 668 881 929 254 86 329 638 187 917 828 495 599 478 518
360 461 532 35 263 577 697 46 344 779 295 499 738 179 821 398 120 309 380 550 320 524 277 210 809 137 151 627 471 192 780 958 548 794 436 744 601 792 860 986 472 291 238 196 368 29 62 861 325 855 489 7 72 957 661 739 123
41 290
222 526 34 497 288 639 254 343 610 867 166 835 866 81 828 642 285 647 20 368 407 520 998 787 24 23 688 746 459 598 714 219 563 126 626 305 949 373 588 839 3
767 352 104 217 278 934 542 309 538 110 518 784 426 527 669 391 880 617 791 106 257 420 483 416 212 367 17 646 810 689 868 434 270 225 716 108 361 138 981 447 380
22 163
983 125 301 457 237 327 213 590 845 91 971 889 380 634 794 172 54 899 126 327 415 952
650 133 322 97 217 577 820 963 216 847 52 294 807 767 149 916 392 868 191 281 318 761
22 89
554 850 933 542 686 141 566 879 42 564 163 252 720 980 475 902 140 85 222 580 369 509
122 596 582 768 339 751 280 569 193 819 723 513 874 817 407 641 241 551 505 344 962 578
68 782
730 193 234 155 195 897 563 10 669 723 789 844 72 758 927 734 234 149 772 41 984 439 81 509 65 842 474 892 416 714 638 48 339 92 683 85 837 731 265 111 954 736 755 393 330 212 564 131 735 30 818 258 802 894 204 103 646 520 790 858 110 716 921 580 46 693 553 905
720 147 214 9 395 945 721 761 772 3 596 758 519 913 409 179 989 66 416 727 586 958 65 237 304 133 439 519 741 228 156 980 278 370 802 499 703 930 386 616 52 82 836 569 338 869 843 194 468 290 604 353 588 99 109 381 396 225 40 888 71 716 249 850 689 225 923 424
68 934
372 272 623 748 706 444 592 124 449 69 164 527 441 28 668 526 840 262 679 155 644 152 139 539 208 286 85 358 808 180 489 311 252 124 520 401 570 159 894 525 350 552 867 196 756 630 603 18 840 174 807 464 37 731 999 692 30 149 396 824 975 919 547 592 257 725 549 151
432 558 719 296 494 292 700 395 759 328 77 895 790 463 808 30 49 477 312 166 269 128 97 72 759 831 151 381 138 94 121 805 806 209 95 547 556 962 717 567 272 720 444 991 162 980 303 322 779 242 351 765 144 882 103 593 634 503 880 178 591 767 522 842 562 873 748 111
65 707
123 47 227 789 694 358 118 448 394 335 775 274 912 887 772 516 951 632 481 457 482 245 481 184 112 753 970 933 790 778 358 253 533 60 228 375 121 527 524 356 653 280 850 789 609 560 405 499 968 644 661 754 553 574 7 425 63 118 551 493 44 439 76 769 730
374 669 814 862 852 973 156 11 694 461 641 683 537 104 978 235 876 615 672 225 896 605 685 2 255 303 524 325 64 812 256 439 778 572 741 238 963 567 940 420 198 705 333 47 914 610 481 120 430 765 257 592 962 117 219 647 57 242 651 316 555 148 873 651 494
38 995
453 644 697 320 87 856 62 179 568 928 77 223 723 83 770 884 148 900 608 582 616 667 670 233 558 923 776 727 684 69 709 912 602 204 338 657 164 789
214 562 530 55 259 648 606 447 76 618 240 308 393 313 843 756 924 765 139 742 704 339 645 359 267 468 189 182 294 385 489 144 626 631 229 797 458 253
97 971
511 245 140 397 818 387 104 209 505 858 733 364 467 15 8 911 62 231 120 973 660 534 882 156 554 166 575 253 39 964 397 979 456 195 687 749 172 356 171 933 681 523 889 563 816 438 718 917 931 951 883 516 353 898 867 102 482 616 576 358 886 836 309 524 223 631 508 319 993 692 170 873 598 969 256 230 647 184 787 266 110 619 631 839 708 533 227 783 546 67 940 829 101 227 659 70 153
915 879 633 282 169 959 736 533 963 924 346 65 44 584 975 750 857 361 248 956 728 205 523 341 639 80 309 723 519 904 859 376 363 139 775 825 532 881 149 443 200 995 25 809 808 830 841 319 384 862 776 325 588 551 323 780 850 765 19 359 775 148 402 389 272 413 943 186 602 35 541 759 675 916 527 345 884 809 676 900 467 959 810 139 949 129 122 650 794 75 312 787 104 230 544 849 106
74 167
294 32 960 21 364 665 876 383 76 149 450 89 447 142 309 970 688 771 360 862 195 686 595 94 859 690 253 256 86 121 671 718 794 501 472 195 462 786 817 924 513 207 39 576 129 343 601 576 616 643 762 727 954 262 273 978 651 620 131 770 652 364 217 528 775 761 686 409 447 960 312 690 760 998
270 8 369 588 966 439 498 826 404 785 834 225 728 21 929 11 57 494 260 324 980 498 786 314 75 900 19 80 551 757 380 836 335 683 938 387 43 149 58 582 284 933 36 595 358 354 374 769 661 911 295 326 303 136 485 688 51 932 403 236 241 918 272 347 406 628 298 872 675 513 943 654 921 222
72 245
125 243 799 604 67 937 776 837 192 203 119 36 724 829 248 909 252 601 887 377 124 317 281 98 97 965 339 713 227 876 57 444 757 259 453 837 704 904 913 618 371 168 9 589 178 649 589 429 831 213 21 156 649 45 36 215 871 460 358 844 131 81 75 235 890 115 464 253 470 889 492 984
629 174 42 629 602 419 305 395 182 278 953 168 217 37 368 358 120 480 658 286 879 170 46 842 324 338 581 316 263 831 367 563 826 159 645 586 906 998 232 1000 919 793 770 582 735 446 849 224 292 572 320 104 266 981 620 467 284 776 710 370 56 322 468 243 20 492 394 59 978 454 561 513
75 835
1 238 88 391 282 278 71 136 691 85 977 985 1000 82 855 805 269 790 704 66 912 364 133 454 395 895 284 378 180 456 73 427 790 86 579 212 269 806 976 763 687 603 770 956 359 840 911 238 355 461 239 307 422 826 374 422 707 339 887 699 993 814 355 900 329 626 980 578 867 394 285 344 924 737 277
196 441 462 856 916 355 953 864 794 195 558 550 750 167 868 72 536 880 841 583 444 863 767 880 142 51 689 252 641 967 670 929 540 907 315 589 448 302 125 309 615 878 178 965 557 883 530 36 505 210 508 473 159 632 514 202 299 5 204 362 854 164 775 198 48 4 643 259 228 91 516 175 566 748 454
55 785
56 777 989 342 582 920 33 491 348 513 424 923 755 409 515 863 901 108 538 203 933 639 92 850 398 120 304 794 397 70 357 694 452 992 334 933 931 653 473 942 909 353 446 710 837 355 842 262 273 507 566 204 359 908 870
205 20 562 548 179 126 682 880 41 19 580 768 75 301 185 56 448 245 7 573 218 295 502 291 42 83 254 510 845 163 874 697 253 815 445 684 998 820 98 457 311 485 317 890 426 407 63 694 11 784 167 922 28 552 275
