69
19 116
719 844 169 941 232 174 891 735 185 595 746 325 331 440 180 680 835 739 984
534 1 211 233 408 861 67 262 866 169 77 594 396 996 916 737 848 405 163
38 791
855 903 826 22 44 487 860 889 941 717 941 447 877 649 290 116 178 775 29 501 858 139 800 958 450 170 645 285 256 975 71 593 29 457 628 588 763 773
491 696 802 641 109 686 164 307 800 842 484 722 658 650 707 851 313 354 816 4 349 980 875 354 362 501 933 406 880 609 691 248 84 53 940 89 32 243
78 488
806 291 25 826 804 984 711 788 884 47 312 309 551 698 832 695 483 915 225 998 541 677 915 508 10 570 751 916 181 978 500 987 43 273 471 151 724 729 653 451 599 959 659 224 936 974 558 694 911 187 633 641 316 581 539 246 62 466 560 736 247 29 566 815 607 885 678 890 843 58 599 48 895 271 807 332 89 555
309 341 485 815 341 162 78 845 396 309 268 407 503 641 805 679 587 158 651 275 850 677 98 272 803 226 283 152 624 657 529 130 555 420 243 129 9 212 430 526 749 965 214 83 102 605 130 867 119 242 574 485 501 137 183 354 738 163 21 869 328 518 366 764 895 701 719 645 789 469 201 499 74 629 508 326 903 156
15 482
698 795 958 594 875 893 250 212 180 724 666 935 525 720 557
878 983 870 649 50 818 987 8 42 495 367 486 50 842 36
86 542
710 827 656 70 175 470 709 563 193 270 660 600 342 508 45 737 431 229 56 797 188 51 122 521 437 530 396 237 469 431 173 975 732 946 214 267 614 503 378 612 644 19 611 988 199 949 606 620 307 365 173 197 281 648 959 400 31 640 456 720 909 718 735 66 180 355 44 95 852 832 973 446 686 360 766 18 146 532 813 341 971 569 841 746 407 4
682 873 694 375 358 919 710 545 389 765 276 720 628 306 929 547 33 205 554 618 107 768 411 955 332 758 256 567 681 676 201 63 738 769 15 108 879 604 209 172 146 332 854 817 10 475 198 731 385 883 981 353 964 538 101 153 686 747 873 447 263 274 647 443 956 480 226 826 233 344 867 543 356 309 536 655 300 122 326 592 705 693 90 803 68 92
22 984
310 585 80 940 806 669 213 11 723 875 48 809 388 163 962 141 426 483 320 585 396 454
524 947 463 422 894 509 530 725 255 587 946 450 336 735 426 420 535 253 96 324 839 320
66 278
955 766 546 552 448 107 19 804 667 807 532 481 637 584 980 140 381 740 498 756 752 878 568 938 334 223 590 830 427 75 645 79 191 658 869 591 658 573 284 405 935 470 168 414 680 978 193 590 524 257 570 892 212 47 46 710 45 387 865 694 581 261 207 786 671 299
837 697 198 632 209 868 158 167 912 955 646 589 148 221 865 282 561 815 358 456 535 574 596 947 781 810 473 896 238 713 727 21 18 758 530 503 369 626 873 907 846 379 636 377 672 287 774 249 253 210 12 795 952 529 615 21 958 426 389 164 362 45 877 599 402 770
97 64
673 551 172 259 395 774 904 510 998 27 737 902 808 177 226 207 676 315 921 640 676 230 279 952 278 635 511 946 472 508 849 376 476 173 481 834 874 785 506 394 241 863 626 449 350 140 55 310 887 386 672 427 250 172 698 299 430 599 227 199 192 19 732 665 32 641 696 179 846 728 917 468 114 36 441 638 267 585 564 97 193 605 458 759 43 279 342 258 641 19 262 19 528 490 356 791 782
654 99 808 931 912 31 295 171 819 874 292 777 620 471 606 657 887 985 467 583 185 937 632 107 164 766 967 800 71 396 26 362 113 618 565 481 521 951 993 906 891 165 603 624 912 125 257 173 829 337 200 368 784 461 819 308 944 755 597 282 450 237 964 642 185 89 37 281 423 409 285 528 843 158 867 138 533 127 82 195 146 600 100 188 311 746 680 615 608 366 985 962 371 263 531 396 521
59 757
111 81 871 531 188 828 123 173 827 351 316 128 250 654 787 718 756 393 706 620 674 448 705 619 551 33 518 283 377 329 772 167 239 884 577 869 142 33 844 628 150 787 327 378 305 105 679 787 451 505 26 88 505 937 311 323 609 323 526
160 531 804 524 794 230 229 997 791 963 46 381 293 415 349 426 432 379 772 778 929 259 974 84 207 431 773 753 306 704 988 474 284 733 18 54 130 447 744 793 928 632 614 904 703 277 881 151 258 585 419 110 813 515 43 871 967 702 729
59 656
948 119 961 406 882 335 710 68 450 993 473 751 212 347 286 377 700 468 87 542 515 894 80 450 406 132 725 53 286 785 963 720 959 208 715 497 902 29 792 216 606 631 692 407 176 866 911 43 560 177 786 189 235 37 102 610 714 936 143
411 683 923 549 633 41 552 341 588 947 371 170 946 723 306 526 217 731 668 981 674 670 782 546 311 47 29 985 689 670 334 178 565 998 204 554 818 487 669 558 814 732 40 182 622 36 102 590 217 113 328 374 115 575 169 439 304 275 311
46 547
456 715 149 824 157 933 713 835 776 132 17 709 545 865 434 158 678 110 197 31 166 675 717 564 488 322 179 137 110 27 805 582 741 979 692 203 500 418 316 535 332 234 227 411 466 921
660 803 498 208 607 270 73 88 367 751 779 916 560 599 605 605 515 140 551 625 826 894 893 921 625 287 501 478 982 282 773 898 347 806 793 817 151 957 888 537 19 529 810 983 489 248
94 568
81 395 113 135 43 215 29 246 682 372 335 893 257 491 621 197 735 415 976 162 660 235 673 660 370 829 843 793 954 202 106 220 590 972 880 808 56 89 332 950 328 980 844 134 997 172 506 900 550 461 88 607 46 979 87 495 615 61 866 577 777 20 707 457 750 687 944 74 794 7 688 313 559 783 613 386 119 853 532 810 388 281 978 956 161 957 247 519 519 375 863 624 45 583
665 434 334 424 574 368 582 317 657 657 844 939 199 398 621 884 378 198 218 937 26 117 87 690 474 792 260 960 314 65 109 562 99 115 373 854 370 958 107 14 266 474 610 544 851 197 980 83 564 393 864 817 630 844 835 96 327 535 510 536 946 500 115 529 982 588 232 110 639 609 923 502 809 901 669 211 945 497 897 359 114 753 516 758 289 243 945 721 87 898 873 923 614 889
81 970
510 225 621 666 803 133 423 265 351 857 520 99 762 849 543 938 836 451 785 829 681 802 912 961 122 855 693 452 117 440 177 726 793 575 76 878 282 114 107 736 351 143 16 727 5 759 778 404 547 973 214 478 289 521 563 325 936 990 394 102 377 2 928 755 319 985 894 197 843 248 391 928 731 539 376 223 916 269 377 812 695
931 487 949 525 232 182 674 564 281 152 924 214 934 772 105 152 173 429 118 804 735 105 15 154 677 838 441 626 408 244 991 331 918 71 316 629 162 102 682 355 40 997 203 529 557 863 813 445 876 411 243 870 616 65 498 218 621 305 833 936 418 172 225 715 699 810 123 420 884 429 753 391 185 375 801 225 558 803 391 221 70
64 337
929 415 66 108 689 269 706 568 78 299 170 727 361 928 590 963 23 615 123 904 404 515 979 719 369 886 240 205 850 413 64 928 346 739 20 995 456 485 537 801 790 37 661 825 478 442 831 766 728 898 3 404 892 843 966 160 271 320 292 791 761 576 845 623
779 589 440 385 934 94 122 459 465 694 249 950 806 705 659 38 52 513 809 505 535 678 748 515 152 933 104 994 868 565 21 388 530 569 654 997 583 550 672 98 393 220 313 699 847 58 59 616 657 270 443 767 928 334 991 412 687 106 21 798 58 461 859 346
84 506
396 387 461 108 964 715 934 443 28 451 675 995 985 874 922 487 484 49 914 37 972 715 335 595 997 2 353 853 431 505 69 289 980 210 305 858 970 521 828 521 764 423 113 34 429 576 31 306 659 424 129 720 2 568 633 629 287 879 872 754 827 379 73 860 902 406 768 420 181 394 515 126 716 485 999 152 665 497 148 243 203 239 831 674
639 143 494 830 524 21 366 329 429 317 43 853 3 644 899 610 420 548 893 329 925 952 90 838 209 496 111 669 889 828 140 527 533 872 552 346 270 204 467 381 353 383 716 608 821 185 792 710 686 848 13 910 459 186 87 957 666 376 843 35 751 276 225 187 527 270 873 829 115 532 166 930 137 56 511 721 642 723 960 838 792 860 216 340
1 106
107
35
93 488
948 7 780 513 423 134 665 874 835 346 793 399 607 747 730 976 602 682 440 367 634 570 271 397 178 560 313 56 481 863 361 635 46 713 618 105 262 826 193 456 328 115 969 860 853 147 58 377 815 184 843 149 312 698 620 645 725 111 814 98 963 205 397 632 449 949 689 514 144 483 794 687 332 118 737 361 2 445 504 471 622 502 667 964 344 382 453 738 403 558 109 155 27
838 682 106 977 683 922 154 972 515 556 218 279 692 449 658 624 834 163 801 329 158 213 972 302 294 24 745 237 561 122 294 553 154 450 890 863 128 752 678 521 512 483 996 917 578 82 141 902 873 802 102 535 405 777 624 375 971 850 392 904 949 621 412 924 16 863 487 517 419 390 538 738 177 617 32 652 238 876 29 310 840 420 190 873 480 381 710 981 843 226 992 211 299
26 502
559 188 926 770 294 569 776 773 462 35 23 416 183 88 884 262 296 814 432 299 684 437 202 181 327 87
12 333 966 518 471 593 958 337 106 964 691 751 836 996 755 740 811 749 675 591 775 523 385 562 30 817
7 519
262 347 457 446 630 942 635
584 941 69 966 231 107 15
95 936
682 873 441 240 694 309 203 403 16 522 44 960 574 957 665 801 637 492 878 390 495 821 897 2 619 287 136 577 275 440 591 777 421 831 447 204 217 336 324 430 126 77 241 608 963 804 637 259 24 789 935 538 755 662 463 349 964 962 774 8 268 970 696 409 886 895 479 85 744 403 8 404 344 767 841 978 467 993 587 14 298 954 775 381 633 482 548 406 400 747 713 672 483 344 891
628 799 642 835 241 580 799 707 14 558 980 900 787 592 228 926 647 958 118 50 183 473 78 972 12 563 386 813 707 744 5 152 699 440 858 854 899 673 840 73 867 288 740 115 369 312 345 703 18 632 713 169 757 518 723 157 289 938 57 428 892 845 13 578 519 859 808 37 693 955 956 741 392 575 571 695 338 725 169 83 341 318 667 774 39 909 209 651 216 745 163 148 297 662 792
89 717
812 6 579 322 469 294 733 544 561 395 841 117 681 270 165 609 763 881 699 951 264 758 501 265 882 627 657 823 294 714 91 733 905 398 602 989 889 242 77 237 204 277 470 9 716 504 40 498 947 836 358 517 417 113 84 774 100 378 893 583 883 893 718 818 909 143 391 407 844 902 449 753 856 887 539 967 390 675 560 329 888 414 867 479 826 283 853 545 468
492 255 925 323 366 614 3 785 154 783 727 959 164 143 816 853 984 665 360 923 969 141 919 767 297 118 2 258 289 793 795 488 69 195 8 898 333 49 457 367 59 874 718 421 862 297 976 446 133 683 532 446 801 134 387 94 374 778 522 676 116 1000 838 970 147 893 899 649 687 789 398 564 231 37 684 835 543 828 567 763 792 321 792 491 528 176 461 942 766
88 603
967 269 290 794 815 184 794 999 995 779 495 34 585 240 164 727 201 386 605 686 422 114 687 77 954 253 486 234 876 624 141 118 784 169 99 795 147 533 176 976 726 955 692 663 154 185 497 131 991 13 195 299 767 445 179 624 876 727 105 201 728 942 445 354 150 510 972 548 423 816 135 212 207 370 475 825 989 172 589 957 120 602 74 707 774 916 178 530
740 246 680 827 285 390 134 212 916 443 23 489 438 672 305 901 109 884 384 543 906 958 981 156 188 383 780 392 260 503 433 819 434 351 215 77 495 173 704 418 608 971 469 268 295 705 953 413 178 741 133 559 4 555 510 475 782 190 617 248 458 552 946 832 608 649 881 4 237 713 10 857 487 686 694 546 141 39 86 414 987 338 465 816 912 20 689 142
78 197
844 628 67 63 375 69 600 990 930 462 985 813 949 151 648 108 89 244 505 755 1 557 824 709 858 356 918 395 148 87 270 481 276 964 687 531 220 950 64 329 132 560 562 734 154 316 455 739 323 694 567 113 406 219 589 962 422 264 905 612 936 353 912 576 200 197 356 984 432 120 927 4 217 805 89 327 691 677
991 721 991 336 582 606 645 791 113 639 235 6 910 777 805 825 423 841 515 177 85 860 482 111 600 747 564 82 807 676 329 756 24 535 275 443 31 340 231 130 131 122 435 913 368 464 64 278 269 836 699 991 76 518 316 333 768 533 626 195 275 903 39 40 297 945 623 250 751 275 775 765 337 241 126 707 785 461
69 589
361 615 673 81 165 935 227 166 481 405 670 3 734 954 792 922 102 677 915 526 322 493 43 38 672 824 498 885 410 201 213 239 896 749 607 127 141 83 142 493 183 248 805 208 635 165 665 89 355 424 214 440 199 614 351 93 461 710 531 705 412 24 327 694 305 430 547 340 914
393 817 494 463 755 374 436 586 50 779 272 923 260 918 319 688 399 770 191 8 921 94 637 876 87 668 396 93 858 720 312 672 308 541 714 685 273 776 697 422 614 661 284 343 672 17 444 567 950 399 369 880 205 652 63 250 762 213 16 754 390 81 158 59 877 842 178 382 29
28 614
869 603 647 188 404 816 293 95 545 621 291 666 127 711 411 920 398 342 134 112 697 90 402 764 63 396 335 219
8 720 167 959 159 508 746 289 916 632 888 265 275 582 84 538 858 376 915 520 702 619 785 635 942 352 915 661
89 322
692 607 225 25 663 806 982 359 311 349 402 350 444 11 347 858 103 844 568 237 8 524 808 255 610 863 339 727 507 803 361 963 401 721 124 785 879 52 234 942 607 190 755 589 236 472 593 349 194 883 448 930 545 947 917 811 852 792 816 25 509 708 172 218 751 901 531 620 844 186 56 229 203 115 931 752 412 66 130 314 849 492 434 674 516 205 83 605 943
370 549 324 735 649 770 386 26 931 215 929 341 766 57 290 831 338 435 839 115 245 479 841 740 829 567 781 975 405 308 836 276 269 513 325 355 585 489 636 175 62 809 11 302 15 490 589 54 285 241 817 372 68 112 52 509 648 796 889 323 231 11 350 830 127 976 827 672 568 245 311 341 904 434 625 652 198 308 953 821 805 94 889 959 704 578 555 754 262
46 337
643 498 960 753 466 72 261 795 287 911 323 770 894 200 770 368 8 783 964 613 486 264 188 955 496 915 587 50 86 852 609 40 915 190 38 458 234 183 117 551 903 805 108 78 661 267
530 311 397 552 652 225 239 954 591 702 140 613 115 76 587 384 220 627 611 999 908 717 350 572 371 412 922 46 77 948 335 952 481 94 278 832 550 285 505 366 702 513 839 103 344 365
62 230
998 864 673 796 850 602 298 452 12 824 652 844 853 43 30 491 118 633 7 814 301 730 691 202 593 309 801 831 623 426 232 213 233 50 135 13 85 166 920 559 270 168 353 348 12 921 609 853 400 82 451 288 721 141 15 971 365 820 935 112 458 304
966 861 72 948 468 422 137 204 397 412 336 763 31 183 353 654 748 517 910 744 249 803 982 436 724 723 954 675 693 317 424 505 408 157 38 854 175 592 224 624 809 657 1000 523 827 910 308 324 618 539 713 787 324 381 307 69 479 183 448 341 974 488
41 696
895 17 723 696 80 229 85 461 493 563 634 414 222 864 174 191 596 824 522 777 422 304 471 522 782 618 359 312 877 756 41 250 671 421 439 431 386 266 512 234 14
641 625 393 304 788 165 97 952 241 59 755 385 502 953 652 242 921 606 544 314 69 542 533 736 844 268 822 632 279 258 747 118 89 826 473 333 112 34 375 736 257
22 493
188 608 503 921 910 6 878 116 398 652 664 71 513 338 157 113 50 414 430 945 61 820
386 879 791 952 25 324 158 609 183 967 432 896 633 63 733 693 853 692 746 258 997 398
65 312
943 352 408 261 807 652 929 570 888 936 511 119 332 443 650 142 198 152 650 745 923 84 599 264 953 885 424 455 732 663 9 171 513 918 80 208 427 701 439 718 977 594 921 760 906 934 925 591 975 831 742 449 665 421 251 966 47 429 517 432 756 104 735 467 186
227 951 446 590 80 602 878 776 227 620 506 322 291 386 536 744 950 636 272 308 606 28 288 332 170 446 100 318 787 283 964 197 909 923 613 699 425 939 658 945 108 872 464 444 104 237 566 865 236 639 940 848 232 598 193 636 234 870 490 7 342 207 162 377 13
35 961
652 889 810 990 220 950 426 676 958 758 907 82 441 38 92 972 308 521 300 411 665 407 99 918 365 768 751 468 391 10 180 875 875 502 304
807 204 467 570 144 196 774 311 307 7 625 567 708 468 588 236 825 397 564 736 28 963 807 976 207 442 833 727 53 163 323 695 785 835 434
59 888
461 369 99 449 363 742 678 16 950 966 838 76 219 92 124 382 436 848 130 394 612 424 551 835 494 708 314 876 137 801 657 626 757 439 855 353 163 522 154 327 167 641 685 342 709 878 147 329 64 282 4 459 237 127 585 913 897 135 235
858 519 252 424 441 204 675 188 480 186 302 254 363 666 412 452 248 811 815 226 643 889 2 880 202 941 117 880 493 376 966 662 95 186 300 398 234 642 114 26 394 501 406 117 626 389 484 704 379 561 239 222 399 461 276 797 323 50 735
36 911
469 367 254 723 667 839 621 370 101 139 293 275 92 558 11 456 658 752 539 593 750 990 922 403 631 403 105 232 181 2 792 441 791 107 973 483
850 168 759 312 415 942 224 462 917 255 240 22 651 974 938 496 407 116 514 361 675 30 70 805 397 319 670 595 706 702 146 740 778 689 177 444
48 751
68 24 670 492 76 176 204 672 25 833 795 846 26 451 752 163 667 346 733 691 551 87 974 216 596 679 44 36 294 626 176 895 895 160 616 455 356 82 521 526 3 78 302 322 809 908 843 78
775 699 515 20 938 574 119 449 898 564 203 44 698 318 640 219 885 245 412 94 215 414 541 75 868 143 797 400 828 53 424 956 757 541 668 61 288 211 862 433 566 401 25 980 348 840 669 753
28 746
713 829 362 277 927 792 322 184 242 165 491 85 59 921 294 49 770 365 36 961 699 798 581 342 81 690 607 225
492 938 886 901 54 731 760 787 571 844 887 756 779 670 113 57 695 91 697 90 326 122 394 282 842 970 174 808
15 988
982 571 871 247 648 527 58 379 803 921 535 746 700 485 743
817 368 584 199 816 401 748 621 566 676 208 268 667 505 206
98 555
596 69 255 264 245 33 334 168 210 643 605 497 244 17 325 78 362 706 533 392 120 626 488 730 436 218 230 502 168 840 826 175 762 516 47 986 46 40 359 763 909 949 613 274 788 647 221 660 925 586 241 686 425 7 968 340 860 763 804 69 57 30 906 288 257 188 92 416 107 717 364 467 838 486 986 349 367 530 810 513 600 755 718 281 682 444 943 475 876 455 901 462 547 534 168 588 554 235
724 434 39 494 452 569 221 876 296 418 881 995 281 897 252 385 876 685 657 163 992 553 574 6 96 323 159 652 116 120 583 80 919 57 970 887 58 79 710 965 725 192 338 352 912 990 2 859 212 187 573 586 491 916 932 687 718 49 354 125 163 956 919 45 125 748 548 175 404 819 984 749 361 873 385 144 46 833 482 411 664 993 597 799 450 222 992 722 360 824 477 583 125 465 80 419 734 563
18 105
916 34 958 616 362 554 960 602 799 504 71 477 208 988 773 367 257 267
803 948 193 169 886 457 128 234 526 986 368 407 983 965 597 25 890 437
45 69
195 738 862 974 470 198 963 516 843 124 664 583 529 703 970 378 171 343 437 104 424 717 798 101 428 797 838 444 14 884 718 563 566 1000 62 964 411 642 501 775 975 719 89 289 868
262 170 687 370 107 250 643 161 891 917 88 277 18 320 67 363 971 64 640 2 919 453 740 806 879 14 972 581 32 766 858 80 144 247 471 342 862 695 628 238 835 97 727 903 334
97 848
416 663 364 557 744 997 9 915 915 921 230 428 346 697 847 918 995 411 511 607 979 205 687 260 652 20 79 464 276 108 937 531 729 260 193 953 601 901 43 394 612 725 139 379 254 59 397 789 618 196 555 869 509 745 680 804 460 245 781 871 313 978 702 143 891 893 136 665 712 609 405 343 128 109 770 605 805 730 173 899 54 273 192 481 539 533 988 540 169 53 618 165 763 458 810 806 233
449 454 358 929 252 139 224 643 32 462 635 479 841 703 350 162 980 538 390 526 453 507 816 947 3 378 662 201 519 140 402 673 944 255 890 931 506 648 125 706 357 188 282 164 277 969 645 494 340 203 777 785 883 745 147 6 278 945 366 411 580 995 211 795 511 261 885 995 941 186 923 977 959 621 904 646 349 986 541 554 919 633 997 136 142 876 978 952 712 244 884 428 556 59 138 954 968
97 919
609 819 737 175 163 166 600 814 84 558 85 419 530 468 441 252 259 265 283 505 709 937 177 89 941 927 295 808 651 270 353 841 732 345 107 215 252 608 940 802 786 212 596 366 572 223 292 511 112 654 504 225 389 185 979 556 902 161 806 891 293 705 355 705 671 779 150 342 368 312 524 478 181 736 94 991 451 164 114 918 629 386 108 796 143 432 183 262 782 134 18 636 665 369 918 807 677
566 843 124 880 630 798 974 625 65 962 772 305 995 28 490 807 480 600 443 426 64 224 228 739 841 558 55 28 72 251 8 990 79 110 112 456 911 250 518 942 758 744 746 738 615 8 61 523 83 986 157 110 124 990 675 324 420 249 456 973 242 968 639 374 924 882 141 319 984 609 150 342 957 498 924 177 61 465 422 58 179 600 63 768 707 727 346 564 161 563 13 574 805 585 459 989 932
43 639
613 97 290 178 606 459 961 956 856 285 791 106 484 591 776 478 524 746 969 995 91 576 737 639 878 862 134 985 324 260 388 544 568 979 782 656 847 455 848 696 560 695 679
50 355 834 411 694 650 292 209 616 670 973 962 263 758 374 299 639 788 436 997 680 447 307 275 153 740 183 629 460 37 821 401 437 260 394 630 872 166 300 750 404 359 211
40 935
617 196 559 465 225 906 895 697 295 626 144 72 132 372 892 920 657 956 966 267 634 633 395 658 587 373 288 787 915 747 958 627 258 742 807 544 738 950 836 193
828 401 104 182 177 686 996 894 278 327 466 671 966 725 947 515 427 844 727 609 709 694 132 855 466 512 111 368 652 150 702 883 939 297 37 256 617 273 390 205
80 139
617 423 231 479 935 169 654 886 609 377 393 512 386 444 547 195 98 291 289 569 168 829 321 820 915 499 892 4 808 218 632 929 857 738 269 495 156 555 794 146 598 508 390 421 770 606 624 202 63 200 489 443 92 820 941 250 377 381 452 584 830 988 847 432 430 394 983 529 542 892 36 59 305 476 182 837 485 411 367 911
595 654 505 976 828 371 829 727 469 336 648 610 991 246 671 480 370 596 310 211 754 624 815 589 309 1 108 410 207 885 83 212 765 722 154 8 357 667 642 577 321 381 601 407 898 27 423 353 128 193 672 361 911 623 658 889 915 82 245 335 146 311 587 745 278 295 690 738 551 738 647 124 818 806 985 650 470 687 201 318
10 981
312 343 733 182 251 124 916 590 997 956
413 171 525 483 583 110 654 747 471 579
42 839
692 214 187 68 720 866 251 432 766 608 61 762 765 526 882 558 130 395 264 181 718 941 667 782 849 128 232 869 362 495 391 305 984 873 462 704 939 315 230 941 675 450
926 862 98 840 681 538 117 208 917 27 394 75 686 805 354 936 990 768 969 795 126 836 923 811 648 753 629 404 70 601 659 890 706 920 842 548 49 471 135 164 181 858
70 14
568 540 356 328 403 759 700 507 863 874 803 88 425 264 647 846 807 192 7 449 789 448 517 833 398 338 892 650 794 474 75 956 262 321 112 265 194 396 954 594 376 433 701 639 28 717 339 939 897 19 287 636 507 766 327 971 258 348 393 319 709 241 544 459 562 290 150 162 521 309
51 419 948 643 447 154 933 673 675 306 738 136 253 396 42 584 85 576 365 144 677 972 821 98 980 588 937 669 688 598 307 531 383 417 33 9 523 644 752 417 679 956 140 868 724 692 521 271 331 549 840 468 384 816 555 172 65 347 398 113 782 557 892 228 350 592 976 635 805 927
42 359
30 207 33 545 183 268 456 126 920 858 943 637 646 278 59 207 877 34 783 146 493 427 41 248 954 775 420 27 990 718 729 896 211 160 42 193 414 671 813 229 483 582
844 789 58 355 359 736 793 1000 372 5 374 194 742 642 800 357 816 22 587 427 621 478 552 696 256 716 177 845 287 432 424 867 379 646 504 59 913 339 48 541 622 200
50 129
557 751 989 500 154 291 326 554 145 551 825 838 895 784 213 83 228 273 397 237 830 596 115 568 186 341 209 211 733 969 717 63 890 929 22 916 427 433 895 253 214 978 312 868 247 762 622 857 326 797
93 793 575 225 332 895 214 747 730 270 871 434 380 133 880 473 940 789 881 133 870 770 772 189 562 281 380 308 665 161 141 77 299 150 259 733 603 1 529 630 731 80 778 987 490 58 354 839 978 889
60 99
947 713 165 107 69 831 750 453 77 290 258 710 554 347 877 199 569 681 894 185 43 385 506 914 864 582 258 754 551 293 80 672 223 637 799 513 857 239 475 903 810 712 791 886 408 593 428 263 388 215 536 641 212 726 538 233 326 754 111 518
571 305 277 902 309 201 456 800 101 7 535 131 446 481 710 134 933 762 760 158 52 871 41 108 627 827 179 837 813 590 469 212 73 560 179 315 752 554 474 47 312 636 845 835 620 294 133 954 951 134 644 247 80 465 239 945 924 177 352 534
27 452
906 111 239 622 955 257 996 960 282 371 124 548 826 759 216 336 748 445 168 512 871 891 836 581 623 526 644
678 482 856 883 974 730 698 691 516 473 973 671 812 801 751 450 668 557 598 537 554 323 724 386 396 121 958
69 629
155 315 435 30 975 129 269 566 175 882 754 725 314 870 84 565 894 779 977 64 423 407 255 636 620 711 194 674 853 924 824 337 283 181 305 396 890 975 956 28 416 117 320 958 101 745 297 706 821 801 134 5 566 889 308 190 461 869 369 852 501 380 448 530 222 29 735 492 728
40 764 961 593 952 3 786 157 922 774 925 897 807 361 137 795 103 721 730 148 394 308 532 294 438 249 167 891 522 974 179 979 76 512 109 131 182 701 958 117 36 130 476 309 15 539 866 121 596 769 21 697 542 469 18 220 943 719 938 630 57 572 881 651 80 616 348 172 75
82 994
84 760 753 687 623 39 331 830 267 610 128 934 440 733 567 467 652 517 493 190 459 28 168 899 732 357 713 635 387 413 275 344 675 200 664 594 680 835 307 461 723 688 859 703 570 599 283 600 915 26 275 670 303 885 782 323 699 654 596 929 795 33 408 902 432 363 121 153 54 851 81 329 805 753 89 171 949 912 189 717 351 582
853 442 163 22 475 797 699 197 100 576 759 407 306 716 479 700 336 460 758 609 871 476 353 765 640 864 481 694 818 559 928 886 988 374 427 629 371 580 49 555 281 364 733 168 204 933 791 366 130 840 355 846 331 144 24 9 151 174 69 972 25 755 75 899 117 750 755 958 125 34 351 103 872 9 54 71 940 622 390 844 315 572
3 741
920 966 711
555 146 867
82 316
931 695 846 406 907 371 620 6 146 416 558 74 681 932 105 942 573 394 506 75 738 546 133 40 707 160 786 687 508 957 89 522 883 439 540 704 177 973 32 394 809 269 823 130 623 691 297 298 946 693 833 190 628 764 450 368 643 415 226 809 775 379 382 541 507 134 49 882 470 677 369 251 345 427 317 275 545 292 440 805 3 244
974 690 780 455 416 759 886 670 194 432 37 114 364 952 754 141 295 794 212 377 499 633 102 461 673 974 507 743 676 293 155 733 869 416 328 351 158 498 527 377 786 117 315 525 446 902 30 552 569 768 810 976 549 413 555 475 380 546 472 726 391 586 241 49 212 994 95 338 684 282 576 491 329 674 647 663 379 776 969 210 321 660
95 824
210 456 867 865 545 928 22 594 283 894 416 890 805 63 100 859 950 29 556 942 635 708 469 525 697 202 42 785 426 917 650 708 55 919 673 653 182 301 996 865 484 553 91 847 175 910 696 569 729 207 673 890 903 744 738 657 278 313 837 141 664 412 755 22 771 815 750 71 875 276 665 435 287 742 759 819 85 335 102 522 176 974 435 490 540 827 879 200 111 531 178 710 923 278 234
100 808 237 449 991 148 541 187 297 621 857 884 550 826 626 958 7 473 117 695 779 858 319 2 508 857 854 370 632 873 354 639 163 527 175 393 389 900 199 750 10 649 700 892 922 539 474 161 273 312 663 206 541 825 100 78 50 17 834 133 252 571 760 384 995 820 496 325 924 479 213 207 935 652 887 371 379 42 569 783 141 956 954 568 995 606 76 131 663 288 388 981 483 494 358
54 952
647 953 41 837 770 873 961 567 652 550 105 898 221 173 449 978 346 822 734 242 457 195 494 584 756 379 77 275 779 756 547 504 412 242 732 22 757 308 420 48 493 373 527 931 582 644 202 36 415 572 343 248 403 247
846 944 70 203 195 555 707 164 856 955 281 76 788 660 493 664 658 334 420 299 781 742 15 729 941 691 419 589 89 74 987 407 543 461 179 40 324 436 782 169 350 290 993 265 44 126 897 300 646 432 9 340 189 681
63 57
239 602 841 6 555 508 922 252 903 308 436 771 22 463 39 432 416 291 496 393 353 416 839 47 227 894 1000 913 97 469 503 365 960 63 288 217 911 51 144 246 335 460 993 121 518 440 358 901 486 898 132 732 590 894 143 733 12 154 725 156 752 20 787
211 586 172 940 803 734 773 471 995 167 279 117 800 320 209 376 618 718 681 665 887 829 593 494 134 564 874 42 604 670 893 294 245 383 935 410 279 777 977 984 238 49 261 379 168 890 465 114 259 869 342 975 798 19 280 866 674 635 3 89 974 300 778
81 549
59 293 227 164 229 20 875 360 191 425 832 46 792 227 907 188 838 260 394 615 144 540 171 492 289 117 914 212 592 796 160 88 538 207 321 483 579 183 912 116 686 356 794 844 547 796 943 979 861 664 310 708 354 818 217 507 988 821 210 362 759 595 786 824 578 442 896 245 982 819 978 309 171 856 985 46 358 759 282 892 583
35 397 260 971 42 716 10 416 195 764 152 997 438 594 293 973 159 801 442 565 808 773 626 294 106 825 934 543 653 115 455 902 100 251 472 574 738 706 342 865 555 623 538 650 613 173 166 137 352 807 613 944 622 235 266 920 466 226 69 93 881 671 790 787 757 307 304 14 506 521 326 637 725 317 981 1 829 488 389 167 931
27 584
822 910 932 690 311 360 902 831 208 601 430 387 908 48 497 929 930 34 807 789 352 585 993 865 235 516 911
91 268 767 815 421 726 687 529 322 977 688 955 820 774 772 823 972 197 352 636 825 626 9 77 635 226 919
26 908
491 211 373 232 728 111 996 469 255 880 23 887 725 232 205 961 101 989 865 156 188 192 801 821 992 380
876 572 799 673 318 988 747 913 296 665 2 959 805 410 840 754 962 697 23 535 583 300 854 270 21 828
30 628
160 570 174 309 965 800 720 753 413 760 101 646 768 431 505 327 394 758 570 712 251 929 241 666 769 701 225 568 951 31
737 136 94 163 798 641 596 581 609 745 492 749 140 993 468 892 35 393 931 614 993 431 581 426 75 616 636 381 143 449
42 870
846 561 717 839 667 121 635 801 478 78 692 446 957 594 150 18 275 383 977 793 662 425 199 282 740 593 495 513 496 587 569 452 815 119 91 726 253 516 478 424 397 480
933 877 828 59 803 483 311 753 243 915 667 91 572 56 532 865 862 171 196 627 313 164 140 954 35 641 158 505 500 481 422 349 244 317 747 656 476 635 715 233 77 138
44 391
115 629 492 125 494 174 376 546 258 156 386 659 472 598 159 749 698 89 850 564 655 245 558 143 528 684 459 189 23 27 56 956 713 771 108 803 455 486 176 364 689 233 152 689
986 515 614 282 449 263 561 95 701 846 785 710 569 314 704 917 401 809 830 32 235 406 577 631 840 861 66 97 930 778 361 395 956 234 277 146 956 11 65 347 463 719 883 304
1 25
354
299
75 615
190 601 743 309 209 687 80 454 743 255 425 446 59 142 338 127 374 521 792 295 306 874 241 374 852 860 192 854 258 763 15 433 227 494 519 174 466 989 711 308 617 930 686 627 233 448 501 10 407 367 592 344 779 891 817 929 116 995 147 761 858 197 248 578 277 170 373 556 966 135 878 577 452 389 585
27 857 387 969 430 21 777 950 376 492 781 971 714 613 445 606 710 581 596 873 434 269 637 845 953 248 764 931 49 127 870 423 628 922 54 201 469 25 175 267 434 531 168 428 492 39 178 93 976 206 76 331 177 442 252 380 59 159 338 106 889 903 288 906 709 551 435 124 186 443 183 844 503 830 268
81 493
745 813 33 934 913 986 596 890 35 98 117 328 842 654 329 851 86 63 155 582 591 854 416 354 767 391 695 552 717 878 395 610 664 757 943 9 98 383 927 981 217 509 360 569 525 938 256 21 53 685 911 12 989 416 593 260 565 742 199 186 999 797 837 36 808 979 915 841 282 9 592 603 558 272 836 880 277 617 645 332 683
886 186 804 149 538 516 653 963 724 408 747 932 389 30 947 689 586 727 73 834 818 642 621 419 66 48 839 649 240 276 267 863 928 567 949 822 135 467 983 435 269 55 838 173 818 918 673 355 206 586 377 198 559 460 573 524 318 541 384 521 59 446 530 971 929 936 435 262 438 706 391 731 234 486 627 779 473 812 196 638 983
57 110
704 746 132 272 819 278 267 322 309 876 826 813 807 64 908 935 278 960 924 898 317 70 589 809 21 378 110 336 80 206 286 382 527 429 886 618 330 68 420 895 928 212 659 846 301 386 881 393 150 826 990 739 269 604 543 706 958
462 761 634 9 90 192 113 300 655 416 290 837 218 60 9 465 942 354 82 814 234 64 950 783 742 246 631 209 49 386 752 27 903 552 370 75 935 32 920 909 426 470 722 642 547 399 535 595 649 703 949 907 401 288 530 299 924
