17
28 665
468 470 270 982 620 955 257 896 213 481 583 984 853 417 974 206 99 283 181 225 411 249 136 118 451 417 387 465
203 79 752 699 867 385 820 20 178 476 987 504 463 669 879 522 63 694 147 200 968 103 829 442 113 920 333 501
40 425
344 368 715 835 823 648 430 102 146 670 862 530 918 580 960 598 408 453 576 206 327 821 533 315 368 79 50 415 135 648 291 932 770 100 263 324 650 462 819 585
518 144 359 166 171 159 337 197 536 679 1 290 499 311 958 640 952 191 980 308 841 126 721 817 642 246 255 707 657 161 46 627 825 847 810 603 223 569 474 937
97 134
442 925 908 81 632 460 986 374 875 435 984 792 752 671 676 96 254 476 767 146 861 945 956 893 675 797 232 111 644 255 459 74 385 723 855 425 388 346 515 371 145 528 590 933 645 296 106 946 302 444 624 914 476 515 175 499 686 138 381 893 410 213 295 173 333 843 531 89 875 642 109 953 475 115 471 985 881 170 683 812 116 461 372 309 642 586 741 806 122 662 189 449 577 455 279 583 576
339 301 994 19 551 567 544 478 220 794 585 284 23 249 527 872 213 368 579 146 732 300 418 635 991 964 662 201 3 183 867 508 943 289 950 228 568 513 626 120 767 291 947 320 854 238 156 779 155 705 973 87 202 691 996 356 234 981 834 787 820 540 567 662 943 638 982 462 430 345 621 242 735 282 535 672 102 414 142 243 640 737 678 348 335 93 135 608 86 878 842 113 821 25 901 507 376
79 400
547 219 582 195 745 634 349 172 458 318 738 831 732 685 327 694 923 630 846 924 564 640 539 991 48 496 163 897 697 969 863 146 683 63 979 595 603 651 31 786 697 804 628 543 698 733 572 733 672 383 359 202 309 395 302 117 651 75 972 475 870 698 763 502 470 939 628 306 470 175 853 350 801 28 855 89 716 250 610
718 977 987 854 952 957 747 983 621 617 207 432 552 686 701 208 33 735 841 445 152 452 624 590 351 634 73 675 974 785 495 328 612 120 986 502 999 452 706 943 749 496 704 339 275 562 152 965 808 271 482 714 753 360 272 212 527 116 337 972 418 838 7 553 449 924 551 612 352 644 74 647 62 588 717 672 468 658 962
38 224
265 926 385 861 114 788 228 561 318 901 889 329 995 136 919 525 868 937 498 596 994 309 627 799 560 835 171 363 940 701 891 381 655 378 713 949 373 92
697 683 9 951 142 116 322 779 857 26 191 157 143 396 245 294 135 224 871 401 351 414 97 998 890 739 133 566 935 360 472 294 225 931 44 72 861 798
78 652
85 935 499 7 481 597 237 989 566 501 387 584 751 909 452 32 465 827 653 931 10 164 470 37 463 402 502 32 296 255 507 288 208 719 61 810 601 631 628 569 806 223 456 15 128 625 547 205 534 829 209 824 687 817 207 567 562 586 574 102 407 929 531 86 589 426 529 530 734 808 438 181 754 150 96 372 35 199
174 439 58 171 225 914 10 59 75 655 574 33 510 965 142 233 829 38 647 561 514 944 243 777 133 377 966 72 449 803 407 628 308 123 545 113 909 836 231 209 486 798 846 643 907 120 787 608 764 638 741 181 444 287 150 654 373 298 450 509 207 949 684 398 468 715 478 981 730 164 370 745 440 274 174 272 423 809
30 157
331 426 206 346 768 802 213 736 350 715 79 109 285 766 939 454 847 179 960 601 625 180 959 463 542 283 330 764 914 203
855 731 523 915 619 518 657 868 272 865 782 507 770 636 969 788 709 565 782 259 710 335 655 213 575 766 315 412 122 117
27 412
483 47 87 273 958 194 595 4 646 959 828 798 495 665 735 700 189 903 400 830 213 673 345 457 82 468 219
371 677 284 748 740 953 93 889 482 461 141 174 925 81 415 489 904 402 428 341 496 179 403 69 537 273 760
25 897
593 441 25 439 861 688 509 646 872 404 270 65 220 820 354 413 812 879 18 101 553 593 295 446 144
492 291 217 837 704 968 65 624 877 499 948 901 145 378 401 763 756 497 852 318 690 605 431 821 314
73 133
981 650 356 881 922 230 501 521 101 833 780 759 949 348 106 639 339 462 710 598 460 780 518 804 151 246 181 716 829 731 458 22 380 170 324 707 304 237 966 277 60 456 676 286 213 799 295 650 410 482 44 91 253 577 958 156 622 696 563 99 541 549 190 652 153 786 176 181 854 326 746 714 437
618 735 389 330 889 207 821 151 435 960 644 705 15 607 844 405 443 28 80 563 990 386 614 147 304 69 783 121 884 841 671 381 765 371 544 414 556 991 928 430 99 414 813 530 766 872 330 447 575 247 675 564 883 604 147 495 345 121 510 632 342 526 176 17 957 11 809 783 924 152 312 260 168
37 523
455 174 248 908 264 762 246 194 684 945 240 338 251 256 426 946 130 643 948 398 661 63 315 247 261 721 618 988 551 200 579 704 966 598 442 379 742
237 335 112 641 918 411 365 711 639 14 219 426 411 143 664 949 968 171 256 237 462 208 375 413 517 700 641 601 275 786 13 931 185 907 969 561 77
95 878
941 999 659 90 349 218 936 95 317 638 389 936 337 572 865 678 39 254 239 500 594 902 572 800 202 752 866 280 239 257 690 633 373 663 901 623 53 314 517 204 954 755 331 896 694 289 505 607 974 812 83 607 955 746 722 935 517 829 431 936 782 250 558 404 136 742 505 393 458 209 629 17 645 239 32 533 547 888 127 887 157 869 660 506 987 62 507 328 467 629 254 921 286 867 543
353 707 109 84 724 508 633 567 31 885 331 206 11 780 226 478 156 655 222 865 524 488 514 155 50 267 153 107 997 927 205 768 897 947 989 255 480 800 912 975 746 234 701 849 622 197 75 37 338 636 768 959 708 248 417 890 335 41 926 961 326 333 692 187 861 877 417 637 851 547 169 277 763 839 770 623 665 852 582 725 573 617 805 252 255 880 90 530 99 400 267 480 715 5 40
10 43
980 749 735 547 678 776 326 75 555 971
632 788 335 277 988 422 169 107 731 576
11 104
121 359 940 592 173 690 153 137 627 542 808
148 214 592 890 802 687 468 392 101 105 729
73 889
672 602 346 645 665 704 429 220 847 884 750 325 212 162 948 334 949 409 542 858 321 233 600 308 844 815 587 395 989 537 913 74 240 115 267 192 139 323 845 674 496 16 127 179 967 572 117 429 897 85 765 858 516 131 765 885 199 568 249 478 997 375 914 232 65 670 347 310 826 701 95 74 732
518 525 686 946 263 478 100 36 837 71 290 893 323 356 710 548 891 807 900 284 232 388 885 526 309 931 266 162 667 42 846 803 814 368 178 479 942 663 545 321 653 843 474 835 126 204 820 37 622 990 310 427 627 102 542 832 424 636 307 251 821 152 758 978 310 828 474 319 652 36 330 948 204
25 185
545 427 617 780 69 319 34 341 949 824 365 576 285 360 213 849 770 40 307 919 306 673 580 640 97
158 539 593 170 145 931 875 62 540 501 160 276 867 359 431 637 126 816 325 114 785 436 717 410 627
15 106
66 102 771 907 419 747 981 585 315 629 317 39 829 220 555
47 615 343 846 341 246 603 579 938 551 707 259 856 60 87
