77
59 79
767 332 25 653 642 601 796 1 573 698 12 72 275 77 102 207 429 525 455 373 625 193 193 182 159 98 263 433 859 717 798 988 856 988 724 394 573 758 14 880 744 170 567 549 850 826 718 969 307 492 704 987 8 204 193 621 64 876 893
719 632 112 526 205 129 613 465 618 661 291 373 396 284 460 554 361 708 434 765 44 47 874 902 385 15 360 792 574 928 397 354 945 397 919 160 246 569 190 446 298 273 126 691 138 734 257 494 599 341 192 274 823 435 104 967 191 246 217
79 844
735 820 198 193 296 651 432 414 948 929 174 386 751 987 253 118 117 374 970 815 536 184 788 218 928 958 465 61 494 18 130 495 640 210 154 734 530 238 474 938 447 854 153 343 134 837 126 249 77 971 291 165 74 42 74 700 440 663 716 284 567 17 427 64 29 223 298 366 913 398 496 115 676 476 536 272 227 63 403
980 357 406 489 6 883 50 517 335 352 852 608 290 925 194 293 299 738 845 163 981 103 670 342 304 90 962 372 780 298 62 767 277 419 919 137 624 380 945 451 892 811 555 937 498 619 799 288 832 786 418 555 324 540 785 169 717 122 18 689 978 78 143 727 188 645 11 161 497 513 635 199 751 647 565 547 374 488 417
70 252
586 152 426 71 798 28 840 133 447 790 318 569 849 718 222 284 170 645 876 756 628 445 308 773 844 345 757 28 210 532 295 265 737 357 628 178 91 34 660 900 31 117 175 718 467 872 464 584 183 423 412 275 981 773 556 878 543 912 722 839 403 450 997 77 161 101 609 646 241 614
418 956 483 58 703 251 182 149 99 993 526 677 294 379 311 287 936 78 959 707 388 915 187 369 424 869 25 768 620 558 252 997 168 863 485 185 665 624 294 980 711 681 154 835 78 678 905 208 872 838 770 957 796 251 994 818 808 51 999 708 400 160 987 763 784 15 814 230 496 729
57 749
266 776 434 639 483 195 301 902 397 901 763 747 745 798 344 152 845 979 127 187 823 351 440 768 19 185 995 438 506 7 554 554 481 916 926 477 841 833 956 429 553 87 179 412 549 283 127 875 677 425 254 986 697 214 20 423 377
76 252 943 258 314 502 12 838 291 596 530 495 404 763 363 513 395 135 837 690 851 481 447 819 698 224 10 783 723 764 875 897 498 657 313 1000 796 79 970 771 968 679 697 994 967 29 391 454 687 56 764 350 941 904 339 22 939
92 961
710 282 904 640 37 182 41 520 231 428 557 656 80 385 541 165 465 894 653 167 347 193 607 749 909 740 404 60 904 884 830 534 808 380 510 456 53 977 213 231 144 594 859 158 560 996 309 986 20 326 499 119 453 897 149 477 51 115 859 91 679 795 636 494 340 643 75 833 232 304 859 155 159 109 833 280 35 701 492 941 193 62 965 899 65 706 915 193 382 291 510 585
821 936 839 360 758 208 881 97 173 918 241 758 345 15 937 841 713 827 593 811 242 579 241 616 442 912 756 861 393 569 633 72 766 536 173 516 330 260 714 48 756 631 252 100 621 697 614 74 431 798 431 708 957 750 987 769 193 552 303 12 68 981 368 357 458 742 173 929 935 187 680 559 598 192 662 242 557 851 916 210 917 373 430 573 223 841 410 648 594 862 284 113
54 680
465 155 560 647 270 511 658 509 634 855 644 695 709 320 75 139 339 696 929 705 931 603 259 292 707 268 979 474 426 265 224 416 385 229 304 432 567 679 727 241 227 379 705 959 777 160 883 518 317 870 915 69 497 878
739 477 433 813 236 695 513 733 986 125 946 895 798 841 91 961 688 45 217 632 25 683 29 450 206 233 636 71 542 373 794 386 903 734 675 129 132 839 252 259 871 940 427 804 254 843 942 354 789 825 239 281 414 74
70 2
825 116 101 510 966 630 668 478 37 742 866 353 399 768 944 214 125 461 890 645 675 246 85 387 355 464 584 87 815 777 946 282 511 427 799 678 398 767 134 928 625 95 161 527 362 651 982 552 754 500 378 418 839 923 429 604 842 462 43 410 775 249 86 12 902 966 949 327 176 561
339 644 263 606 216 711 574 892 435 327 225 162 35 888 196 24 735 177 770 228 821 256 697 906 248 753 982 803 138 847 202 945 501 325 803 550 808 505 301 655 666 887 231 169 915 94 798 260 788 812 835 144 311 672 67 9 786 672 665 226 4 969 534 866 920 312 539 427 903 594
69 348
251 517 694 864 571 29 340 472 366 358 413 407 380 248 490 189 369 825 852 919 282 856 295 370 474 320 15 129 117 490 881 971 472 704 201 506 946 740 421 261 866 640 617 526 961 645 490 403 373 603 879 266 827 572 508 89 97 579 126 588 349 747 823 6 198 52 929 487 681
627 268 263 677 806 696 690 503 712 300 172 843 567 792 631 949 469 337 753 122 709 986 848 877 771 998 476 792 909 351 799 815 906 14 144 163 132 622 776 334 124 637 594 76 163 510 145 857 56 864 204 362 960 656 958 641 304 973 61 336 619 397 493 493 340 936 565 704 990
42 242
55 767 967 955 844 373 308 429 504 858 381 839 871 707 421 583 681 745 358 495 240 124 923 110 866 764 215 232 466 1000 554 855 78 505 223 805 641 525 266 100 613 678
880 961 71 946 399 831 655 603 981 475 27 766 531 785 938 976 370 716 89 158 38 101 697 489 266 506 863 92 87 308 169 121 945 461 600 1 237 169 35 161 680 549
59 484
612 548 467 424 703 446 386 528 886 128 860 347 626 796 455 598 706 539 434 213 138 400 373 539 724 83 994 148 56 972 938 509 606 660 959 818 596 455 736 433 433 846 511 975 390 939 312 456 645 815 289 984 79 670 191 105 20 42 309
989 543 88 610 867 35 281 513 933 119 320 624 516 998 437 806 622 847 552 625 839 764 563 920 268 166 949 224 419 648 525 164 652 49 424 137 527 651 591 410 865 918 187 543 132 401 656 119 965 165 974 664 1 736 911 593 171 157 993
90 968
290 624 172 509 374 151 384 430 365 714 720 547 751 928 792 840 745 261 558 606 201 65 112 55 985 924 962 203 814 895 398 419 575 469 176 555 349 21 793 951 697 397 182 78 668 246 322 208 30 720 49 478 494 167 632 27 336 17 86 964 396 590 123 894 18 769 86 593 256 646 754 271 841 617 246 385 606 815 362 875 191 202 984 956 440 623 976 403 218 556
188 4 510 850 664 945 609 196 201 675 254 433 301 474 836 333 363 864 416 174 230 174 899 635 266 129 297 864 900 745 343 426 836 741 994 801 936 592 437 283 148 637 431 326 396 841 657 971 820 355 646 701 326 188 345 123 637 648 599 686 857 934 371 797 487 313 946 924 930 364 4 561 192 649 531 788 241 901 674 695 779 926 641 189 185 967 358 969 717 965
53 982
475 588 852 34 210 410 520 890 242 354 536 952 878 813 709 237 470 816 294 109 614 507 67 514 391 336 63 961 652 831 336 416 866 840 559 984 114 821 627 559 654 267 576 279 88 828 130 34 122 432 65 272 761
924 111 288 671 142 647 617 314 830 24 320 973 970 199 218 299 345 23 685 676 302 946 912 364 962 582 441 451 599 332 258 6 479 570 86 731 395 970 735 879 576 23 688 963 420 561 8 890 601 362 792 156 896
75 348
245 665 712 328 268 181 130 612 206 358 216 680 140 807 392 937 161 458 851 917 294 432 926 577 912 868 286 298 694 644 286 789 967 627 444 20 907 627 746 66 98 479 569 121 663 914 605 582 225 990 604 742 869 681 846 457 695 404 55 17 723 978 803 241 12 850 53 982 562 184 81 419 907 411 511
635 723 704 910 903 763 190 206 785 173 266 15 206 393 623 621 784 248 987 733 346 22 177 4 167 240 854 804 51 432 527 290 199 120 92 869 986 34 548 152 388 257 197 226 71 624 210 518 18 320 646 302 90 268 60 367 5 608 714 247 389 62 492 114 536 536 515 885 218 400 215 962 923 477 114
38 651
807 946 889 119 686 451 858 754 764 520 951 771 937 740 671 479 51 783 692 641 441 25 314 343 862 529 12 971 493 136 238 413 415 611 409 722 298 291
944 146 457 101 563 597 5 421 964 96 287 433 349 385 866 958 348 477 560 383 539 373 747 498 363 269 213 555 922 571 581 325 751 776 684 547 290 949
51 134
213 119 323 302 831 959 325 387 842 318 96 682 387 589 460 274 536 814 730 549 236 929 15 303 6 390 735 184 842 902 686 523 6 21 451 671 372 63 393 954 894 195 9 10 733 736 974 85 974 651 654
965 729 153 960 574 9 719 713 321 462 321 329 515 809 303 309 32 582 161 835 124 518 257 459 663 759 733 128 222 147 969 624 240 645 606 427 48 129 419 205 481 957 732 212 914 340 72 478 903 273 514
37 550
640 325 373 796 612 60 368 587 489 114 393 278 335 866 765 382 762 260 110 418 548 376 992 593 608 58 546 627 127 358 287 24 425 748 660 180 655
431 737 211 121 348 173 238 45 127 816 893 665 262 137 918 77 703 728 111 865 352 969 581 394 898 427 792 519 298 805 429 997 101 143 741 221 865
5 861
422 96 128 551 886
702 670 862 873 379
76 994
899 969 796 823 727 718 886 769 917 367 731 226 714 556 908 697 309 350 932 653 820 87 782 18 379 23 129 444 10 651 320 65 495 902 278 616 956 736 135 923 958 707 950 389 67 66 974 93 437 198 441 213 501 931 919 611 781 487 772 148 819 855 252 441 370 977 778 719 463 524 269 785 244 862 889 890
314 614 285 334 917 888 397 188 768 598 753 248 259 292 19 297 75 515 207 752 467 408 715 74 412 885 614 593 221 257 487 502 740 992 900 280 741 925 391 847 270 591 844 280 566 390 280 683 251 974 762 895 995 120 149 495 778 174 372 692 170 346 880 761 683 796 87 2 737 746 352 624 421 310 318 708
66 922
378 137 378 880 117 951 479 148 564 262 986 342 731 140 641 631 786 772 533 589 121 66 127 169 130 283 457 557 662 572 422 685 958 363 163 649 715 651 734 220 575 906 987 71 950 245 124 658 469 150 929 781 709 867 26 784 946 298 167 349 114 384 728 335 291 516
152 854 881 630 478 289 326 629 902 544 703 526 682 872 167 359 384 506 873 44 674 349 448 675 92 192 363 912 821 947 588 855 384 337 639 350 872 242 324 114 62 628 360 575 996 109 373 131 380 870 179 772 667 549 384 312 436 933 305 964 721 79 557 162 210 255
17 679
592 6 925 404 72 637 36 97 224 746 276 757 503 840 209 241 163
128 224 196 25 932 125 7 273 465 520 375 201 598 50 340 200 944
87 78
761 677 678 52 413 310 136 273 967 691 375 572 26 92 829 985 928 394 782 758 720 127 232 814 475 940 667 300 649 805 26 548 226 607 280 192 692 50 669 996 553 870 531 46 481 107 814 781 704 883 617 365 977 251 439 224 289 308 938 815 633 377 977 439 978 422 296 425 403 7 803 356 283 194 197 826 264 776 841 485 743 893 841 445 986 755 454
997 134 456 417 414 20 988 119 975 849 589 428 611 52 72 841 87 713 625 351 864 527 625 195 12 410 463 5 910 205 444 183 199 212 699 30 246 508 89 691 637 649 507 586 264 57 821 640 600 972 898 944 239 541 736 49 785 862 73 764 590 341 12 365 427 371 908 519 583 726 80 587 686 404 609 902 601 217 887 909 965 534 129 450 318 532 716
46 931
717 990 655 946 524 232 205 614 191 606 359 91 404 29 383 400 345 323 734 590 561 24 187 340 1 48 962 949 926 134 559 75 647 662 978 213 493 512 662 461 16 852 356 325 676 408
952 923 219 233 211 732 975 294 929 366 995 214 796 983 598 925 155 843 340 470 84 32 143 96 135 940 854 43 784 350 456 997 363 836 483 691 164 935 286 214 152 150 483 443 195 803
15 863
406 454 358 692 79 49 498 224 622 486 296 5 96 972 510
391 265 727 514 927 507 566 869 50 197 928 158 82 206 828
33 706
885 119 288 590 220 141 680 214 470 296 272 479 161 298 778 253 642 933 212 798 662 14 403 409 406 705 851 642 863 955 952 807 379
708 820 695 827 975 503 801 667 151 632 247 399 839 666 762 442 639 545 189 489 504 300 688 532 888 354 761 700 127 207 149 374 819
64 176
642 828 726 504 758 89 75 458 502 114 819 879 720 940 631 668 674 979 818 18 284 346 892 204 740 608 710 823 734 280 6 811 43 810 830 660 977 3 716 745 719 735 236 413 212 882 23 683 975 590 554 577 665 596 158 287 99 937 830 11 883 697 164 311
115 338 931 930 569 575 775 509 603 862 326 193 603 545 590 728 758 946 25 953 525 874 210 637 56 637 110 891 547 67 324 664 436 159 620 903 591 809 392 798 105 633 59 403 453 846 335 745 923 603 183 742 837 878 55 682 327 458 401 266 982 779 766 396
14 792
289 785 225 410 106 739 24 914 656 652 424 270 532 126
434 161 26 369 937 393 30 197 589 783 29 6 962 411
87 191
513 831 499 774 148 316 697 686 242 75 719 507 134 344 50 574 401 197 754 451 957 483 685 757 596 972 53 846 840 809 879 408 345 162 176 427 899 816 832 972 572 928 450 708 339 565 714 751 682 719 995 603 349 251 344 880 730 442 540 376 362 319 793 677 432 300 731 744 425 450 640 144 234 80 20 397 363 609 903 521 495 610 623 141 331 539 226
348 788 3 672 522 976 228 376 890 374 135 621 397 799 210 723 777 818 109 585 767 95 921 303 819 920 298 572 273 177 235 99 521 267 815 222 734 401 639 328 653 329 179 531 568 470 451 686 240 560 92 212 682 332 559 142 850 969 658 81 736 417 518 506 601 445 493 140 874 99 366 883 445 416 39 594 415 983 842 551 583 203 631 740 361 542 4
27 974
571 550 194 639 173 229 444 666 389 553 423 719 184 741 34 360 728 112 557 812 1 403 631 85 86 130 658
561 632 68 632 275 552 354 489 752 334 534 466 793 494 125 35 500 646 876 586 143 884 355 219 524 740 193
27 149
627 669 239 808 12 395 183 115 13 734 384 676 879 851 545 819 341 667 491 862 779 485 353 165 118 837 245
137 81 648 566 349 758 95 550 158 199 212 385 838 723 818 170 985 695 311 73 68 793 389 870 250 809 42
32 239
907 74 162 343 372 9 663 724 265 56 984 573 951 179 265 306 449 521 389 924 182 161 278 264 615 121 4 548 616 757 465 462
343 478 75 363 815 121 179 716 309 450 223 122 602 446 727 5 3 772 180 221 655 928 165 10 984 733 554 936 972 61 44 994
65 47
989 898 43 394 296 659 829 673 808 831 475 249 907 447 568 871 803 252 810 407 176 469 271 902 914 7 954 353 470 974 611 75 809 864 745 197 687 601 522 383 843 346 17 720 142 494 614 791 22 965 247 724 440 545 221 948 350 471 971 44 580 933 970 283 611
62 217 879 629 133 547 213 815 121 478 849 858 605 878 302 741 414 473 37 972 366 404 722 186 517 616 770 464 44 923 38 718 180 595 237 121 190 991 273 628 189 920 476 985 143 920 682 445 138 964 27 120 234 29 505 483 811 846 167 604 110 664 831 21 177
31 431
233 682 21 363 168 999 203 500 281 515 352 327 640 69 34 584 698 350 559 322 502 801 736 751 285 108 954 467 188 527 55
224 968 834 379 262 969 22 650 816 570 635 243 844 946 190 869 952 549 860 296 914 325 995 446 731 176 871 943 886 695 619
92 969
258 988 132 689 926 210 707 248 835 529 569 452 463 888 335 449 650 150 692 49 485 970 547 462 640 79 785 425 211 703 868 340 123 748 940 517 485 953 750 322 954 128 478 847 67 629 604 928 903 258 15 127 166 382 346 822 621 253 881 731 555 767 820 285 728 723 774 313 714 30 935 582 909 129 389 900 898 610 969 543 707 72 847 688 589 565 52 329 729 805 648 656
304 385 118 281 646 338 585 828 637 516 281 793 932 728 877 880 884 204 462 226 877 609 230 933 366 365 17 473 106 16 233 810 549 4 479 990 706 740 4 664 77 441 554 802 960 847 841 278 167 261 371 22 135 747 253 834 146 381 496 124 378 828 312 590 36 332 111 449 317 809 821 205 867 491 670 47 477 318 874 637 824 676 384 118 245 391 552 788 723 943 992 939
16 978
387 945 129 273 274 478 884 468 694 998 118 822 686 387 524 926
190 501 788 742 776 47 59 908 905 84 174 168 902 253 906 641
22 841
871 929 846 645 473 43 369 180 344 825 934 924 631 869 341 633 418 144 563 469 492 865
918 672 559 227 299 776 648 290 121 756 846 58 382 141 552 941 29 331 69 435 472 10
4 428
792 266 956 261
55 113 437 836
65 180
369 615 527 692 899 295 511 806 10 69 988 528 607 284 952 666 687 629 221 286 472 877 793 925 940 599 402 861 561 207 789 436 260 538 110 960 452 789 420 685 270 301 572 486 836 766 955 200 295 423 358 473 728 522 630 86 517 132 11 767 981 304 367 381 997
321 443 62 694 813 521 374 74 151 115 155 519 564 53 406 781 39 222 82 87 131 631 23 82 581 32 119 317 643 879 865 599 641 76 992 579 518 820 600 782 64 821 487 851 565 274 140 895 162 993 327 241 926 156 23 862 618 309 917 598 631 848 725 145 471
2 386
221 905
259 492
30 76
249 906 634 638 952 867 631 938 793 79 284 316 628 312 521 745 834 885 428 646 806 300 142 505 356 647 561 909 574 31
976 262 512 131 619 992 761 933 774 739 446 426 423 893 361 855 778 340 378 779 614 976 787 975 980 818 359 182 776 778
98 985
10 990 676 343 894 958 194 551 681 931 475 361 305 240 791 339 841 505 71 304 811 814 587 36 158 315 282 568 11 448 605 328 266 639 212 301 336 887 951 265 320 239 715 199 13 279 501 673 881 58 64 859 748 314 421 12 261 597 586 130 684 81 497 610 826 131 343 580 879 744 537 456 564 340 888 181 368 89 234 767 879 218 24 353 636 273 828 393 953 869 741 939 147 837 20 730 908 40
22 443 455 762 335 185 273 853 706 717 282 326 195 932 301 110 843 720 84 868 783 439 640 657 803 275 842 120 554 318 848 245 712 343 207 21 362 308 871 87 39 351 35 712 530 564 372 41 249 122 146 536 512 827 985 727 616 921 962 393 464 505 156 950 83 897 749 501 881 308 548 176 413 519 636 419 817 29 766 889 17 462 270 555 307 886 817 171 429 611 541 375 521 716 315 913 80 804
78 596
845 532 978 681 481 244 909 865 173 260 362 861 196 536 645 241 313 406 767 393 372 293 960 181 337 947 692 540 710 170 523 691 624 38 581 650 815 335 2 879 479 19 729 798 882 833 987 439 582 987 559 747 565 589 182 900 979 931 398 747 184 388 279 907 807 361 541 400 320 601 980 391 59 64 583 29 871 310
950 482 588 356 46 794 687 906 606 857 684 856 606 77 241 40 26 140 736 422 461 909 268 853 486 302 44 525 13 169 225 134 941 26 694 605 507 796 284 301 560 176 521 844 616 712 741 893 699 237 362 117 35 860 187 182 865 218 732 644 129 762 65 100 274 868 278 453 281 148 454 888 701 211 951 981 313 842
16 542
365 748 276 571 227 761 135 75 393 82 605 708 940 100 471 647
259 651 570 328 612 921 99 378 333 2 332 414 260 2 825 794
87 230
110 336 550 189 697 215 660 943 140 888 700 863 635 479 365 494 68 442 152 724 90 989 296 125 638 965 978 846 980 847 491 323 402 149 732 918 48 472 75 541 806 38 419 800 476 367 770 874 520 73 249 153 349 166 258 820 192 655 839 972 415 263 744 302 519 776 473 255 997 349 205 630 710 596 945 313 235 822 267 564 427 683 696 531 302 565 19
478 769 993 729 923 838 680 63 120 254 398 785 825 241 692 22 168 921 296 12 887 577 100 707 552 400 295 412 911 975 584 523 887 548 331 587 410 856 929 835 661 357 269 927 142 919 63 920 498 89 494 87 912 675 844 575 474 73 541 51 93 987 746 814 629 683 83 641 982 408 54 959 256 981 567 435 73 835 245 190 655 751 949 643 484 231 652
97 202
266 958 487 521 290 55 382 343 70 82 970 416 205 866 813 217 624 215 256 543 929 601 88 820 70 402 313 134 505 309 632 389 919 822 663 418 917 446 950 833 245 585 483 393 49 982 532 108 695 905 447 610 577 114 244 924 793 850 196 500 379 54 643 356 809 284 76 653 542 196 11 978 315 918 833 841 589 817 703 363 267 400 268 87 924 627 913 13 768 323 322 581 178 43 646 783 841
584 314 955 228 446 679 763 45 818 46 852 215 253 749 797 10 538 718 313 852 930 613 3 811 78 176 219 346 681 140 25 389 462 734 546 238 265 276 759 502 653 738 518 546 238 403 837 659 456 732 158 322 26 173 693 117 287 176 76 859 517 963 103 558 799 10 85 431 310 306 622 826 14 285 142 874 274 754 440 598 608 2 396 513 29 133 787 182 619 408 261 424 359 168 202 38 219
98 120
174 937 164 915 946 210 438 663 549 336 860 941 767 106 566 990 496 125 113 103 397 886 727 620 355 899 684 104 252 540 634 202 474 467 819 599 978 568 66 545 179 579 813 831 548 495 496 368 981 690 196 446 350 224 279 887 304 296 324 16 490 423 890 928 207 766 603 967 417 958 351 85 775 628 22 133 493 276 378 704 267 332 234 128 139 126 797 258 336 311 450 187 20 252 176 890 336 405
755 303 19 467 748 321 825 696 864 758 868 750 311 370 850 304 671 662 673 996 137 950 604 480 885 316 863 135 53 296 607 644 23 8 573 128 93 877 549 523 671 468 288 436 429 359 16 730 257 292 77 229 909 997 546 408 891 56 66 79 814 857 520 157 285 693 771 850 818 692 145 825 247 699 291 834 604 253 791 890 191 865 876 346 731 948 707 153 889 742 694 469 916 441 610 14 808 793
82 39
182 594 768 843 365 476 625 759 398 752 8 692 734 919 798 372 312 506 78 950 204 519 973 330 815 762 866 219 828 920 849 383 10 883 527 946 313 173 253 128 808 323 935 74 884 492 468 779 880 279 975 44 77 400 166 10 288 382 261 495 393 216 719 347 307 791 875 442 209 14 412 911 64 312 839 302 662 635 218 397 930 980
567 443 514 389 608 817 600 502 211 735 491 425 732 570 972 479 18 834 758 40 681 963 658 698 776 164 670 891 214 479 87 877 630 420 760 681 394 177 277 911 860 493 282 695 78 172 634 229 177 255 486 676 587 49 410 757 344 350 173 962 842 31 389 757 647 163 960 615 813 254 115 474 694 687 585 426 897 446 986 279 857 744
30 782
754 840 583 211 47 505 483 710 878 553 744 713 687 164 577 753 632 794 484 601 785 602 493 584 729 647 190 721 718 452
346 151 351 638 639 686 998 250 175 329 15 7 783 609 740 240 138 561 19 833 525 518 187 680 521 49 723 879 61 900
58 619
281 931 416 364 451 566 413 900 928 49 962 179 374 586 369 635 553 180 364 489 537 508 609 654 109 899 654 547 132 807 191 771 629 424 484 431 934 179 609 325 897 63 246 988 930 230 178 21 825 819 119 391 420 477 826 711 310 671
674 640 965 248 370 476 818 10 94 738 852 923 716 488 342 335 33 576 15 183 932 172 820 534 601 267 826 549 800 754 51 950 70 463 720 60 170 452 196 311 282 793 730 765 594 321 155 344 48 676 681 143 354 213 438 807 876 450
45 511
595 588 737 273 700 910 113 878 561 918 312 800 833 630 830 273 661 85 994 888 903 756 766 222 620 349 89 416 403 145 630 306 769 503 16 796 863 26 542 692 429 97 488 281 791
968 180 76 367 60 406 601 205 876 985 195 865 156 814 398 969 382 922 159 965 971 228 459 422 352 596 17 203 111 794 830 552 858 434 334 877 688 83 708 131 942 725 375 969 657
77 494
691 659 671 742 629 510 21 617 452 821 877 629 76 941 725 290 420 705 70 929 851 869 94 807 803 901 659 491 50 673 416 163 869 472 296 728 506 7 817 795 909 591 246 505 536 664 411 430 867 401 585 810 205 512 608 239 990 958 684 505 841 589 861 806 450 350 46 462 857 9 764 802 913 12 654 646 882
549 206 14 603 983 183 473 481 43 683 545 672 283 622 532 622 910 816 321 709 240 746 411 66 986 712 305 670 289 703 604 673 844 106 862 996 922 951 509 75 159 776 995 666 575 349 77 783 277 288 995 616 381 157 630 12 140 438 762 123 647 767 10 438 338 284 780 291 172 257 51 34 396 352 535 24 267
36 239
257 793 2 86 408 126 123 993 128 751 376 510 577 313 856 590 785 798 678 959 680 557 145 906 410 766 363 534 374 393 102 618 253 760 242 569
366 530 926 701 786 612 969 813 971 465 303 183 33 386 667 664 777 345 446 938 636 371 192 840 15 972 833 794 638 109 675 547 978 709 221 746
76 645
982 149 712 441 893 201 530 720 115 993 9 934 178 319 893 953 938 151 911 344 913 186 852 552 798 636 538 952 855 529 474 308 256 32 414 605 139 776 686 939 972 888 607 457 597 566 970 146 726 596 618 876 666 545 273 253 469 205 401 145 792 27 698 115 971 235 228 686 747 878 568 451 147 180 9 893
241 448 77 83 622 917 514 213 478 522 499 326 132 412 67 499 861 524 38 237 602 725 565 881 548 601 58 617 942 91 539 840 860 140 274 838 647 764 990 642 643 671 87 719 474 298 328 231 731 502 97 194 235 550 219 948 370 969 153 909 563 845 346 208 591 119 478 279 219 95 430 593 227 979 514 613
68 542
99 900 866 735 197 44 179 85 111 467 900 512 168 925 600 575 548 61 210 164 613 249 895 65 749 246 73 826 22 568 832 458 911 553 864 72 249 103 430 642 382 692 417 29 368 218 179 927 849 962 823 904 300 466 637 830 668 184 189 232 340 13 997 626 814 306 489 551
166 502 110 513 204 550 356 940 439 133 672 981 564 98 446 679 354 577 199 932 201 859 898 700 439 920 164 526 752 735 691 841 611 593 78 641 302 53 975 466 624 369 353 125 123 6 686 171 784 806 28 454 946 710 792 88 455 433 687 714 359 88 286 130 805 768 518 835
95 315
615 732 560 134 607 139 596 996 133 534 106 135 313 606 474 695 999 284 485 750 912 940 208 765 13 321 325 204 840 309 849 573 414 859 135 755 43 749 638 658 785 491 195 535 66 20 647 112 192 426 469 763 301 474 710 898 954 356 39 717 465 186 83 387 786 656 618 778 228 921 395 681 235 187 220 746 179 15 862 374 995 880 166 549 927 397 693 318 340 301 215 87 468 676 564
559 520 617 329 228 323 626 658 700 32 890 312 441 610 639 603 80 374 304 625 649 370 159 993 631 425 488 904 74 585 719 979 955 9 651 12 632 8 88 304 260 129 644 758 887 295 855 19 35 178 565 117 108 778 70 797 975 988 26 436 47 288 470 910 591 641 46 337 169 615 417 515 110 685 572 420 914 510 896 609 685 350 125 555 344 336 20 936 590 787 724 314 39 26 440
65 848
373 236 251 581 252 54 318 261 258 927 635 994 723 541 308 558 470 316 996 255 563 265 658 575 705 680 398 706 521 488 218 203 894 241 722 44 25 79 985 550 203 950 685 982 234 542 159 688 786 57 730 416 547 869 680 633 684 878 472 399 881 719 231 511 933
859 202 272 73 321 357 355 643 690 33 93 615 387 652 46 327 545 130 276 263 553 883 537 49 194 878 991 396 2 113 118 981 376 113 70 287 975 173 689 634 935 334 934 933 134 102 268 939 374 923 51 609 573 2 571 849 662 591 861 713 328 944 477 193 12
12 531
27 24 725 40 870 9 732 391 830 816 904 565
570 315 712 447 669 493 188 683 435 691 599 697
60 661
485 409 579 879 852 270 470 891 885 284 179 147 280 426 67 840 10 801 862 104 8 488 980 587 177 341 474 264 739 349 111 586 24 823 345 445 401 85 173 402 558 198 746 318 353 668 151 318 864 529 856 154 876 621 258 935 422 672 819 481
76 794 904 724 992 47 140 511 351 595 927 755 317 208 546 457 601 643 794 946 722 98 733 980 664 195 193 967 245 293 519 13 491 479 596 503 124 854 915 540 962 766 417 915 40 496 131 394 213 492 900 376 743 153 286 577 631 116 261 422
69 36
416 835 452 763 232 303 96 489 821 90 128 277 357 115 885 514 821 272 91 830 2 518 697 318 885 125 155 673 373 643 819 896 61 846 296 167 432 329 884 823 677 978 636 776 618 496 369 474 698 711 501 627 149 930 85 623 420 720 749 149 554 816 115 429 452 210 719 112 825
159 43 283 540 843 924 976 341 129 873 713 523 88 824 611 623 908 56 329 283 149 207 119 654 913 193 815 115 68 40 379 288 859 47 502 151 17 774 740 505 507 493 878 802 547 151 117 860 595 646 231 784 608 500 945 802 718 301 798 52 293 824 211 980 460 844 62 795 202
62 808
812 777 579 649 143 363 595 125 990 666 980 513 196 680 546 948 45 841 301 991 231 579 787 812 566 930 816 597 684 592 787 492 638 552 15 380 980 436 187 344 521 564 54 317 564 846 395 181 490 333 878 208 777 556 807 468 778 26 829 365 715 336
878 965 991 449 992 306 201 143 969 419 528 458 494 113 230 180 659 305 22 390 253 271 572 61 394 82 711 963 569 84 621 306 492 728 384 230 83 377 749 248 307 945 174 77 334 340 897 506 497 70 473 395 48 511 465 473 651 354 463 618 730 293
85 4
651 776 196 894 264 353 395 651 363 688 188 877 653 643 669 8 641 346 325 994 698 594 57 443 362 607 903 760 999 92 594 364 140 545 482 737 885 391 898 483 182 756 642 932 945 785 585 64 657 197 369 464 741 864 369 990 718 40 908 299 173 550 582 695 859 881 168 627 897 394 617 682 580 969 782 930 751 589 172 692 759 549 854 625 357
365 390 113 227 477 464 62 59 171 303 692 429 917 201 805 817 542 586 677 887 321 827 627 448 724 261 456 188 60 620 172 158 888 732 132 927 342 903 365 767 850 246 82 826 705 32 141 670 181 442 989 245 114 315 193 268 624 608 436 504 343 533 603 123 527 770 976 217 784 840 840 584 834 752 783 457 775 929 772 115 123 190 977 679 369
39 742
708 950 925 899 544 356 639 996 209 530 306 206 435 958 109 190 817 780 664 885 12 373 668 581 966 191 199 741 917 520 678 304 953 71 825 321 788 423 359
605 498 410 836 422 872 783 234 943 663 419 597 673 120 459 498 257 523 573 440 483 459 416 80 129 97 294 336 243 976 328 949 849 696 154 602 485 703 251
53 116
885 808 117 283 309 901 335 104 313 875 836 171 580 726 958 72 673 363 568 921 288 795 549 310 149 82 98 680 88 431 703 119 691 256 277 611 792 514 410 775 71 914 602 514 20 846 940 886 400 54 333 286 305
992 116 626 987 45 287 391 41 495 987 827 779 327 976 152 311 148 911 949 592 100 254 758 798 578 789 788 67 898 611 662 71 965 206 176 520 719 549 212 271 372 167 639 366 290 378 940 662 117 851 688 10 119
91 551
607 579 431 850 241 230 275 396 900 134 988 44 359 427 652 458 848 567 482 68 648 809 484 828 582 205 543 108 190 973 432 438 533 340 550 256 207 551 916 628 313 175 68 701 828 447 902 728 282 113 131 538 580 982 657 671 101 708 354 914 65 530 870 766 553 964 122 426 640 350 346 866 432 372 161 317 463 221 676 919 317 794 310 756 679 272 172 600 466 107 26
203 883 23 69 951 718 365 972 312 360 381 55 205 923 512 692 321 531 549 15 72 878 874 80 15 61 688 97 864 224 786 732 910 552 842 318 314 387 187 297 968 53 76 510 758 699 911 928 931 17 566 636 61 121 33 362 922 829 881 867 419 605 664 893 4 190 2 872 240 295 792 821 265 986 366 329 974 299 695 678 929 721 660 217 740 607 830 134 691 322 284
79 255
651 845 843 296 987 255 834 759 87 232 732 307 847 516 229 433 19 570 610 394 20 315 443 279 338 872 359 760 302 745 999 459 819 928 924 571 751 703 929 637 313 52 95 231 765 645 531 944 134 173 97 973 861 491 144 189 666 969 912 295 363 916 68 853 931 199 830 439 161 403 538 318 476 548 284 698 488 847 551
718 903 148 645 542 998 668 86 106 365 781 617 33 969 829 413 166 40 932 723 389 713 78 93 670 590 752 582 551 655 506 610 753 953 708 403 51 340 954 656 802 226 849 141 165 696 962 586 694 838 840 119 724 522 511 732 76 272 949 368 796 974 314 766 707 561 951 359 310 688 360 849 926 824 303 903 962 814 474
69 240
39 418 284 569 760 212 563 601 11 245 762 296 552 882 846 752 116 13 296 656 844 575 210 354 158 624 859 603 266 34 372 775 167 3 84 391 779 343 777 673 700 782 139 654 326 607 125 677 182 298 331 351 733 692 293 110 208 435 122 301 945 878 585 705 599 173 799 474 751
468 421 57 247 899 110 126 754 686 351 934 571 885 208 940 168 870 895 177 258 471 706 840 564 281 598 310 270 251 939 525 609 20 122 289 943 179 122 981 448 443 418 971 92 447 730 408 377 44 285 303 831 468 872 860 461 32 339 524 617 184 704 985 131 752 405 134 68 906
64 790
286 524 831 970 643 57 427 450 834 98 351 81 334 946 741 852 784 968 715 379 918 643 435 871 120 496 472 394 294 61 200 841 639 206 624 877 222 262 920 220 651 497 879 391 657 547 676 406 829 720 131 55 803 768 227 541 34 578 890 779 671 618 704 72
462 466 951 929 441 703 939 269 841 42 973 683 601 935 959 31 613 636 992 870 526 632 688 307 600 806 671 425 184 693 943 704 553 155 150 72 77 443 401 886 195 650 444 974 687 645 682 447 712 459 111 141 631 853 223 505 407 23 543 171 487 114 589 116
81 865
939 179 247 414 385 913 844 154 387 170 599 372 812 278 156 97 669 845 767 578 299 358 562 551 409 21 829 266 19 206 372 269 120 926 98 87 861 59 33 436 978 616 235 396 743 698 814 128 941 458 765 100 169 595 646 819 750 105 304 294 677 889 940 769 281 650 433 96 114 736 467 235 237 438 474 256 673 779 94 788 639
787 406 631 523 885 546 39 672 3 139 649 783 100 29 768 211 50 785 887 237 222 713 68 290 6 460 859 961 390 333 774 309 569 931 890 785 269 977 106 314 392 624 726 883 218 457 790 122 966 550 780 963 694 114 487 927 457 473 829 20 920 421 880 854 183 978 390 689 355 179 614 331 429 143 454 540 488 689 560 626 165
17 22
346 572 646 588 453 779 9 192 623 498 957 562 230 806 42 950 326
746 879 112 365 414 594 703 549 763 64 256 736 623 706 485 554 423
55 882
415 897 431 798 544 46 177 682 385 370 976 988 942 58 503 240 179 907 209 629 409 78 210 978 593 83 812 32 331 488 819 492 281 645 648 693 383 744 10 614 296 704 263 558 433 976 558 600 382 896 688 515 480 364 307
732 127 762 463 603 286 998 227 357 691 544 332 592 822 715 140 394 999 812 821 73 617 522 65 274 41 19 57 129 932 296 52 830 256 619 513 631 554 657 849 57 309 4 746 223 314 319 868 953 458 757 656 163 491 21
21 885
182 471 333 157 399 6 588 705 974 792 76 452 968 19 531 692 22 393 257 444 209
690 220 247 677 643 638 74 708 170 400 179 164 78 668 346 128 292 931 684 518 263
92 683
973 240 269 511 661 814 779 197 64 753 706 514 422 593 523 422 758 16 383 638 60 1000 423 896 81 753 854 654 102 540 156 476 510 745 836 173 33 749 315 630 130 767 135 198 541 966 947 98 272 531 323 507 20 224 434 664 529 93 892 601 769 694 990 267 829 39 326 411 770 717 443 720 330 595 303 667 711 355 985 293 705 522 798 915 140 129 548 803 416 662 297 396
662 746 151 353 180 404 55 351 210 136 26 902 700 490 275 667 845 632 308 989 164 880 372 237 398 482 998 232 605 41 430 817 772 996 256 670 749 705 7 127 562 184 631 358 611 93 384 163 886 894 65 801 330 623 114 243 484 15 637 711 325 548 161 393 230 478 910 887 488 519 334 82 707 178 365 825 456 387 720 705 302 296 187 300 334 767 420 279 757 928 430 733
53 815
539 910 666 566 763 460 455 629 177 646 680 27 276 93 678 732 157 175 897 485 135 747 187 400 850 633 75 953 383 636 233 982 75 219 684 841 151 602 847 970 369 628 945 799 995 20 618 969 657 337 804 44 860
267 474 178 152 547 953 831 543 531 953 276 75 376 379 430 924 500 707 167 830 825 982 318 819 926 696 651 335 135 653 165 240 826 229 251 297 662 534 206 803 156 486 935 672 922 66 639 927 776 721 603 461 135
32 976
677 29 497 151 934 897 568 905 465 232 884 94 208 820 838 257 120 737 73 268 827 263 394 234 673 992 88 255 413 980 286 434
484 765 171 102 12 567 166 43 570 478 827 834 45 172 807 62 893 836 999 122 909 163 617 55 979 16 378 439 310 397 976 443
30 90
308 432 81 680 622 736 879 18 389 878 939 261 512 515 732 725 266 5 334 640 905 536 723 80 989 37 412 141 364 711
452 844 920 891 430 323 2 854 720 58 224 552 577 328 634 707 786 874 937 943 414 234 665 310 962 393 682 178 682 902
48 602
573 766 638 410 789 242 579 10 854 978 13 974 348 430 787 356 597 322 868 56 440 614 604 53 989 924 449 937 254 119 885 277 323 540 26 297 567 247 834 92 365 548 596 798 125 304 579 874
17 82 435 197 495 737 362 357 862 34 584 852 194 380 938 967 795 134 258 16 263 973 150 5 512 616 754 480 422 606 424 626 362 608 588 747 539 426 837 684 944 959 810 859 498 496 582 869
41 639
742 469 375 389 244 654 276 415 434 665 891 639 250 555 70 952 820 487 470 520 695 274 904 157 187 219 530 516 557 214 331 27 551 107 831 997 689 185 385 190 533
940 338 945 527 759 696 765 601 217 534 692 660 939 230 111 706 397 123 88 186 971 890 56 725 90 41 391 941 896 426 475 656 714 354 904 81 930 4 874 109 193
74 717
619 115 439 127 521 76 439 397 907 785 265 531 98 560 77 818 418 963 493 472 423 207 710 738 686 809 426 995 434 732 266 997 573 744 729 843 483 702 988 338 520 405 797 378 556 558 58 874 461 265 957 633 631 212 621 677 954 643 53 326 552 863 593 430 745 244 854 666 963 595 58 859 219 240
913 153 811 469 689 419 231 947 725 406 950 151 760 622 461 901 906 689 444 618 312 38 634 750 182 170 866 822 675 854 914 128 316 312 793 5 21 332 642 926 961 295 619 778 488 753 193 536 977 438 337 695 949 555 418 45 819 241 4 172 516 822 359 78 479 464 141 277 911 810 528 698 72 259
