82
25 128
1 150 100 166 425 218 85 158 936 840 389 382 577 937 51 68 570 468 436 619 62 527 863 979 832
168 863 763 481 771 770 931 259 756 432 593 39 308 841 616 263 966 824 489 360 993 253 601 681 785
42 639
297 923 681 839 80 141 804 564 830 484 223 545 828 575 423 451 619 335 668 659 161 269 209 568 230 543 238 937 569 136 750 200 379 753 777 694 839 281 968 333 899 308
530 200 8 988 512 89 365 881 313 748 138 434 887 41 748 244 68 613 811 925 933 533 9 937 726 221 678 581 878 644 127 509 12 689 889 407 234 507 945 540 955 659
1 24
924
321
60 252
511 465 166 775 377 654 380 279 497 274 119 722 404 259 982 125 730 194 961 66 221 253 322 733 883 584 918 74 419 2 834 892 82 652 881 728 821 471 40 500 191 356 570 320 168 417 462 91 869 426 796 99 157 646 578 875 566 219 324 327
740 686 265 434 374 346 212 156 858 559 996 477 639 677 614 344 514 397 369 117 666 560 679 773 894 390 385 138 937 841 839 894 462 93 853 320 616 1000 912 834 637 373 779 437 480 55 59 56 523 777 225 259 38 384 652 836 204 899 297 961
53 364
861 100 720 63 307 107 197 358 57 970 524 406 955 522 293 420 432 44 415 802 711 373 621 968 361 24 88 138 968 557 238 215 650 435 557 66 340 967 947 147 619 514 456 464 662 520 331 107 54 688 559 814 620
741 556 890 190 855 33 198 236 585 827 762 20 58 827 301 381 18 411 168 178 164 749 714 487 475 670 499 73 167 303 570 527 147 235 828 206 42 642 556 299 917 562 294 936 441 920 790 431 271 207 969 690 61
66 532
288 605 206 891 368 910 625 725 683 112 10 626 962 7 98 871 452 106 613 281 528 383 275 259 882 629 129 741 98 202 21 425 601 961 489 889 912 977 712 139 437 187 630 904 927 22 41 334 208 562 213 896 784 323 654 828 958 570 403 478 764 740 242 738 16 342
891 936 134 293 698 420 932 469 643 365 663 594 670 766 488 526 229 499 507 250 355 744 250 32 950 478 344 799 347 569 396 380 268 521 56 152 177 118 353 806 454 786 255 762 527 233 473 338 275 359 110 238 240 987 99 790 269 253 204 9 66 331 686 581 68 693
49 313
752 364 441 376 303 253 26 481 3 385 467 750 197 731 522 648 774 952 114 645 95 38 253 829 74 957 332 480 66 907 674 753 769 633 365 934 338 497 85 916 676 379 852 25 445 904 109 175 983
833 192 342 61 645 135 202 149 297 901 212 782 738 245 892 843 499 26 907 568 586 233 944 281 670 796 130 478 731 670 251 920 679 431 452 97 96 677 767 902 90 326 769 797 955 760 639 695 978
32 547
557 377 678 846 868 787 646 576 126 664 564 502 858 894 335 591 957 276 533 647 207 753 111 907 92 744 39 918 653 987 530 643
550 948 691 710 209 144 461 949 416 996 854 448 557 672 286 129 638 31 558 928 462 748 266 453 371 335 357 727 588 875 914 807
21 271
898 340 842 386 738 780 417 624 957 448 662 441 83 127 80 775 371 71 471 513 998
482 208 150 636 18 231 991 923 6 617 470 303 709 961 805 6 258 863 438 970 244
24 334
601 835 368 35 976 786 227 678 990 963 182 395 205 562 722 486 735 207 852 850 733 958 843 727
532 461 477 71 436 750 501 925 616 912 395 427 102 255 154 784 996 911 133 111 706 777 910 807
83 217
405 405 844 712 178 60 140 250 96 105 518 957 41 292 400 976 550 438 187 503 182 316 817 343 593 692 327 97 909 539 165 548 414 310 947 520 301 987 328 193 815 171 914 52 153 199 288 906 614 683 590 388 869 876 791 767 588 595 97 885 628 742 820 279 229 470 211 814 482 878 588 720 787 992 554 485 304 677 97 602 92 365 468
62 823 284 942 436 498 682 537 126 442 29 968 680 474 307 150 813 88 643 770 3 577 629 451 187 45 621 483 909 598 12 706 928 266 824 585 364 928 892 912 895 667 945 694 443 818 787 329 140 824 637 922 312 165 756 215 854 912 135 863 858 721 494 31 433 769 972 951 359 74 255 539 367 508 820 995 570 119 210 593 794 50 646
92 255
792 138 906 507 56 919 447 983 569 198 358 561 621 240 638 230 345 241 371 104 961 482 28 131 91 801 740 443 450 612 16 567 343 171 975 337 506 24 317 418 275 737 804 273 458 315 243 796 864 879 320 975 846 699 407 928 502 860 818 13 591 324 397 114 196 215 439 286 620 493 33 495 551 334 257 362 735 106 859 893 41 984 262 558 983 997 127 98 757 766 114 989
831 687 184 390 340 795 745 841 952 729 541 52 111 812 951 877 694 682 582 419 234 903 55 231 102 991 220 344 605 990 547 516 317 42 364 264 696 605 494 69 330 370 459 928 571 234 817 981 841 836 118 832 549 465 602 374 623 825 337 162 314 197 68 981 105 875 344 773 202 787 234 643 754 517 870 955 494 950 232 441 243 42 925 251 840 864 259 480 406 418 755 935
31 192
402 4 158 646 385 83 359 118 390 272 801 260 570 934 95 267 229 280 66 506 465 583 638 243 940 878 957 319 203 470 310
653 567 41 726 937 606 822 753 398 274 391 56 216 402 538 145 7 726 903 194 848 576 937 994 260 955 817 525 546 545 302
25 462
760 395 683 409 117 679 629 715 965 994 524 693 53 289 900 401 960 444 211 790 568 772 85 184 199
15 969 59 550 889 697 599 949 214 142 667 60 999 261 87 48 334 300 441 110 16 356 965 573 879
63 41
137 986 641 273 375 259 382 937 371 320 165 342 736 552 219 61 768 774 408 84 865 273 710 358 297 174 633 677 974 267 460 413 561 669 630 700 804 324 959 557 458 247 815 29 297 874 304 663 102 943 436 30 888 888 13 362 903 917 676 834 942 667 398
517 135 697 143 867 68 161 274 111 783 349 219 782 327 910 977 791 857 893 125 15 274 631 176 281 513 503 186 943 359 267 516 38 567 466 470 687 522 97 977 527 877 577 439 322 715 36 952 940 876 698 354 441 816 31 827 377 471 274 631 630 266 815
59 918
588 199 991 325 736 669 479 710 961 352 168 671 112 264 499 262 640 641 606 357 540 948 503 467 913 28 115 338 40 106 667 106 732 878 411 357 160 301 752 57 907 914 289 454 344 377 425 797 882 897 355 807 514 596 203 347 448 322 265
824 307 69 851 93 857 194 260 528 149 361 484 126 718 871 72 363 558 629 451 7 194 426 658 392 898 712 62 104 906 758 421 821 348 504 206 94 62 973 985 412 36 781 832 737 768 872 412 583 740 955 885 520 223 824 549 96 373 705
2 254
158 775
295 888
35 331
313 606 373 135 377 501 727 957 692 521 733 872 108 274 449 855 303 955 666 124 335 934 344 83 383 954 225 266 120 722 28 792 91 117 701
24 765 556 411 191 695 182 368 485 297 994 401 869 61 786 961 470 288 23 584 238 603 148 76 255 748 910 665 2 79 410 962 35 148 847
5 491
856 359 144 508 158
654 31 441 563 444
7 581
280 654 156 645 85 656 292
508 639 202 854 329 781 895
85 842
676 850 452 907 664 135 78 643 259 744 67 493 838 998 681 666 754 855 795 681 292 700 995 660 240 311 603 280 311 557 279 9 291 237 553 344 58 697 107 509 901 516 706 360 314 728 980 415 284 966 386 943 884 374 860 746 860 884 28 402 553 918 621 678 707 106 411 945 6 980 306 457 406 102 221 470 836 405 470 629 848 136 453 824 518
1 83 569 164 648 209 535 169 300 869 764 287 796 488 380 376 903 502 242 809 79 272 672 242 845 28 796 948 1 547 845 36 163 119 311 930 273 406 692 934 515 382 180 28 776 926 442 104 861 60 906 459 164 945 561 217 959 828 793 423 654 710 232 691 329 1000 588 370 62 292 776 90 869 43 653 462 149 683 597 476 713 672 624 169 811
93 538
966 691 262 264 608 987 195 613 202 301 546 181 809 269 342 937 924 38 230 265 411 328 258 738 97 990 198 771 205 851 820 26 603 584 507 714 838 604 758 919 993 247 683 93 969 539 105 251 569 61 898 313 93 551 226 485 958 761 657 733 200 807 609 653 18 200 678 568 293 477 71 795 924 93 573 674 785 91 252 433 6 147 872 190 144 494 473 236 59 691 393 296 298
177 859 976 472 789 889 170 734 269 892 597 611 466 506 664 116 482 249 994 676 1 535 979 847 192 595 546 724 495 835 120 285 279 790 613 701 385 854 774 869 993 604 538 991 675 822 701 684 697 931 551 425 775 580 559 166 70 232 487 90 827 318 357 512 852 424 570 863 775 199 343 106 665 178 700 23 257 648 112 277 887 293 63 951 99 961 175 36 505 144 588 55 411
3 679
587 675 165
639 367 874
94 785
216 211 478 517 369 48 495 241 944 34 101 232 627 463 607 868 662 229 244 843 268 654 33 309 230 746 176 639 664 603 675 184 541 923 243 735 480 741 801 817 825 784 409 394 260 803 944 99 781 419 579 64 723 368 965 817 591 952 321 336 559 373 238 632 47 421 44 536 692 282 463 39 66 469 230 675 997 125 587 894 571 418 339 927 682 984 298 46 559 303 214 342 971 437
568 133 921 934 550 112 101 634 14 263 558 958 22 180 16 852 835 652 425 53 233 852 491 989 175 442 631 816 490 248 762 211 18 702 227 791 352 328 334 244 236 732 855 813 993 857 933 210 268 429 184 35 245 591 241 232 333 160 996 399 676 674 669 25 257 613 496 44 213 246 349 36 386 579 993 868 235 284 254 550 720 603 24 280 390 135 691 73 156 891 19 716 847 412
57 880
710 467 797 292 957 412 526 230 235 941 30 871 752 556 425 615 761 171 881 407 8 263 47 617 337 373 650 101 776 194 945 419 980 5 11 232 503 811 440 634 876 595 189 800 773 186 330 673 649 118 347 955 912 474 30 435 570
981 40 338 261 802 794 992 213 192 294 509 482 332 195 172 297 436 998 622 908 364 91 69 46 764 966 394 93 159 273 750 275 20 71 886 782 429 886 849 620 360 265 483 290 424 131 912 778 899 32 921 76 149 549 94 873 358
30 9
201 862 711 912 302 837 291 648 715 405 435 924 51 764 405 624 697 971 474 206 450 582 954 481 277 135 57 39 469 390
203 344 232 167 413 779 476 311 747 631 265 501 436 175 882 836 316 168 169 566 904 563 112 672 660 665 510 226 706 991
56 128
637 359 469 303 980 678 488 609 906 206 910 510 521 715 913 168 322 563 52 185 521 886 930 540 97 778 969 436 460 717 105 219 92 548 481 703 256 78 403 35 654 8 799 822 815 519 323 301 161 211 292 689 852 544 752 470
336 909 616 794 938 859 859 608 33 369 944 28 600 991 603 911 841 796 594 661 854 987 977 293 785 577 344 432 700 215 217 867 376 276 799 691 274 659 59 998 888 578 1000 216 249 687 977 136 221 441 549 451 706 283 167 938
15 579
262 163 684 611 781 278 640 143 395 293 215 66 440 401 519
843 258 280 662 412 533 867 105 830 199 355 828 395 853 795
28 721
482 244 428 159 625 439 151 819 101 756 956 83 333 34 764 953 86 882 807 706 132 430 200 610 550 740 320 828
752 821 5 964 301 15 547 28 640 28 254 306 623 389 752 21 154 135 339 604 201 869 847 999 879 210 924 123
18 537
100 67 859 883 337 760 819 181 967 899 792 569 775 793 725 746 80 766
661 472 789 314 335 195 324 993 74 184 86 714 707 723 897 663 141 721
15 722
144 234 949 551 911 960 34 855 642 170 464 199 797 475 248
839 977 461 274 700 640 781 878 464 525 671 493 513 50 43
62 211
699 67 757 760 719 863 802 653 439 530 73 527 795 755 849 901 230 921 511 751 685 638 83 337 96 658 263 816 455 582 212 364 722 727 266 896 678 132 115 13 494 446 612 467 515 909 258 64 949 778 320 999 365 268 337 959 732 599 151 270 47 858
865 464 479 880 626 930 483 649 320 200 971 569 262 757 241 55 682 417 468 782 867 56 496 792 13 450 463 556 755 16 431 783 258 774 423 265 784 272 32 688 905 157 429 543 450 470 741 774 889 696 501 26 621 46 690 370 673 970 800 806 922 111
34 354
885 337 465 541 706 458 263 667 154 489 387 817 566 990 933 194 406 257 214 151 467 963 459 351 349 417 402 608 898 256 368 447 188 758
852 986 902 207 336 933 310 255 188 328 955 73 853 570 715 513 761 399 291 66 756 28 251 378 258 825 103 126 548 373 998 220 165 582
33 105
468 389 943 552 504 19 323 961 241 793 421 35 396 92 331 1 729 540 254 652 988 193 362 255 360 843 239 332 355 367 810 665 779
570 737 779 398 25 738 460 905 896 705 742 261 886 978 526 623 484 979 304 19 818 317 111 182 784 353 5 282 99 601 15 295 263
49 79
626 659 500 655 293 647 944 947 593 1 724 896 768 668 45 735 745 908 609 119 265 132 557 442 546 958 832 989 666 897 415 633 173 953 784 823 154 339 858 165 198 144 645 675 218 537 41 852 480
389 917 76 604 206 283 355 18 851 987 179 948 461 754 602 173 363 35 697 996 284 429 163 123 833 197 695 512 801 881 1 993 191 595 789 340 311 880 50 947 149 652 64 102 45 715 565 126 683
57 263
367 350 247 672 421 485 315 942 252 208 702 457 453 436 606 360 232 314 884 340 275 808 234 187 605 542 276 524 556 16 954 975 601 375 472 176 609 194 786 557 121 964 231 526 410 936 841 850 148 264 727 544 282 164 766 233 250
445 967 821 588 976 428 786 301 679 305 562 64 92 230 813 296 980 570 70 119 673 165 156 938 70 646 741 355 714 375 142 408 860 82 707 741 585 993 793 599 794 950 434 55 900 689 81 878 253 713 52 393 514 106 891 494 991
36 768
376 231 466 366 529 840 508 812 558 597 760 456 536 488 281 666 89 558 714 892 15 476 512 979 905 726 429 12 225 120 217 891 585 164 352 162
701 875 530 915 521 922 331 432 38 662 859 196 258 808 692 713 31 858 640 416 220 757 612 455 736 970 153 420 472 420 720 608 313 481 345 772
93 81
788 221 556 780 512 974 833 579 111 19 498 968 532 325 108 468 967 695 425 553 714 179 356 107 223 428 371 903 510 778 684 588 512 997 267 530 340 530 537 641 451 75 755 26 548 517 96 386 632 991 727 801 241 407 63 162 73 133 317 239 92 673 780 513 383 465 720 234 834 605 235 368 316 868 223 632 235 182 119 236 664 734 59 378 690 799 128 42 275 635 194 572 816
541 200 619 793 753 582 517 294 319 316 690 340 550 566 740 991 368 112 783 880 209 956 765 972 13 719 545 399 73 856 480 795 519 850 669 121 972 669 40 866 884 130 614 33 62 423 88 694 562 113 290 179 897 481 159 179 205 763 744 392 225 125 358 811 903 90 480 127 887 191 761 519 829 326 608 727 198 578 541 485 315 232 435 707 788 547 596 326 239 451 699 177 978
52 995
979 344 521 981 789 486 841 902 936 145 170 506 459 602 339 97 552 251 423 644 533 650 534 619 592 380 825 741 271 40 525 137 462 60 495 84 306 747 821 401 210 834 515 81 490 294 284 4 227 206 434 924
739 300 718 222 298 665 243 323 18 481 948 940 670 445 221 479 962 661 19 57 375 350 32 728 108 8 65 785 331 320 661 795 182 134 879 472 991 260 596 862 668 664 256 400 642 642 64 312 264 798 797 855
50 208
47 620 238 38 137 509 989 33 138 360 275 356 187 290 127 290 187 90 920 792 337 366 584 559 379 2 897 4 212 100 351 545 233 466 866 631 577 454 826 370 118 107 180 260 202 195 810 100 613 285
737 993 951 432 911 556 235 146 73 707 153 961 319 117 537 570 521 239 821 930 947 677 759 501 168 4 773 480 420 180 698 779 95 68 309 223 688 839 794 982 716 613 4 245 553 510 737 353 676 859
44 873
818 953 318 255 85 242 474 771 948 321 562 938 587 529 407 115 267 327 882 247 532 100 722 523 72 783 20 128 489 130 671 137 351 503 898 938 194 369 620 523 756 523 698 37
522 202 725 798 151 647 791 313 554 943 140 701 916 573 358 211 897 304 741 266 940 484 719 205 364 632 621 672 729 779 211 658 913 447 983 853 899 585 276 106 576 629 146 120
90 107
149 937 761 119 836 291 462 54 88 139 684 142 381 305 753 246 293 562 390 763 703 718 572 430 232 159 41 407 999 358 278 847 488 534 52 790 42 456 707 673 331 173 736 866 677 701 907 130 215 861 714 906 989 797 259 230 543 804 320 576 805 836 579 977 934 991 96 71 228 5 280 532 465 20 493 460 224 986 715 75 591 637 145 412 934 476 16 777 819 732
657 706 352 397 904 832 327 691 168 68 531 407 656 946 365 447 89 845 917 364 192 309 228 910 445 836 331 424 883 571 974 576 251 324 138 634 159 433 213 588 405 868 634 201 417 668 362 780 463 128 14 859 903 922 908 982 555 894 197 418 857 107 20 667 519 315 260 227 80 954 677 658 941 114 897 198 867 485 616 689 325 995 128 989 664 172 661 869 40 708
80 160
504 136 393 700 858 422 556 950 122 492 733 503 945 629 810 289 326 804 98 989 325 839 401 952 227 991 869 867 837 820 348 426 949 119 202 548 885 579 85 71 297 698 736 260 622 195 437 376 885 555 713 530 13 107 732 827 221 960 423 864 40 190 549 149 913 544 706 843 464 888 480 488 957 868 928 797 939 854 564 336
89 693 794 152 129 80 368 715 808 896 619 82 641 768 271 421 690 361 923 920 91 52 439 729 833 708 727 392 524 56 909 555 587 471 876 306 638 372 737 920 289 345 14 939 952 633 207 949 253 89 435 401 34 476 552 537 982 618 40 289 249 522 658 477 366 24 827 235 289 208 76 135 173 331 139 832 53 44 874 14
79 571
972 832 461 167 404 94 464 187 597 46 731 596 392 688 575 901 764 665 329 545 427 305 930 545 574 982 393 839 190 599 271 947 817 837 599 419 199 674 620 178 721 399 397 215 264 630 538 314 731 197 709 943 577 296 219 789 154 495 39 571 32 145 163 868 910 199 766 978 287 665 921 755 637 426 996 642 582 421 975
993 112 101 635 446 317 778 138 162 64 766 632 874 437 689 699 806 189 790 238 987 79 416 291 613 332 426 512 58 18 406 584 464 339 41 407 5 613 753 925 901 168 252 999 433 316 72 141 610 639 412 933 506 828 271 904 327 538 80 378 224 489 837 37 966 10 814 628 174 564 425 688 850 203 978 287 255 616 791
6 584
756 610 261 369 489 964
196 353 248 873 187 865
20 973
246 930 277 248 377 250 24 401 52 445 252 552 842 458 300 664 86 356 697 47
874 364 81 257 949 353 773 955 848 493 755 486 441 659 33 300 132 959 92 162
56 277
525 364 746 738 691 61 404 40 61 776 327 872 433 609 790 435 183 627 63 681 976 345 784 186 521 33 475 642 672 322 288 164 160 403 508 464 313 720 561 963 216 444 991 509 260 308 336 691 530 710 7 562 237 588 218 301
716 384 579 424 415 140 441 19 589 583 927 70 295 547 281 107 364 559 175 995 51 533 428 454 898 752 429 256 306 234 627 567 919 243 870 265 850 120 452 823 238 985 626 952 41 696 194 573 53 471 814 739 224 44 750 612
38 165
605 171 50 108 48 459 346 164 360 773 360 881 757 132 504 372 499 963 545 995 136 728 310 772 789 154 538 734 856 31 381 898 405 617 673 43 452 563
1000 873 849 252 920 360 91 545 115 315 917 371 652 238 174 457 452 450 320 220 25 420 775 346 787 39 163 937 871 155 395 486 495 822 974 149 721 363
59 550
910 448 95 71 428 294 779 527 736 563 497 370 671 534 916 462 27 580 557 536 295 910 134 282 280 664 564 926 695 350 446 647 816 652 83 546 987 810 893 922 116 558 511 392 894 302 34 125 176 474 775 227 144 264 805 360 314 448 13
482 748 962 463 91 301 673 815 478 465 881 24 884 344 581 520 988 309 700 779 810 849 160 601 222 21 410 667 30 434 400 410 226 434 225 331 664 854 330 705 26 459 981 440 790 263 922 928 957 728 342 833 546 222 544 32 828 71 741
98 656
16 49 402 914 808 632 682 728 645 997 194 904 437 587 283 174 324 6 279 407 717 766 521 794 320 909 157 469 420 186 268 662 708 249 750 197 400 758 962 406 562 933 445 135 301 35 524 392 538 768 92 850 88 775 906 272 815 750 409 138 379 292 94 868 288 254 782 736 955 396 133 382 429 878 988 77 384 644 983 378 765 607 945 518 74 377 870 452 797 359 7 621 549 190 4 574 48 554
1 371 178 323 972 893 221 113 638 353 199 576 56 634 7 841 877 258 302 683 512 23 734 235 179 807 211 362 650 933 900 703 963 153 183 571 286 848 27 162 606 350 94 149 534 185 805 909 111 770 53 619 779 802 662 810 242 1000 621 470 97 699 712 321 121 173 205 705 626 508 708 956 133 991 211 654 564 836 249 877 534 99 4 614 256 121 478 274 789 267 6 713 397 175 592 948 534 692
7 329
503 517 58 895 545 396 951
3 121 949 383 433 435 877
37 302
669 423 860 739 121 391 861 446 594 375 518 926 553 710 870 65 558 457 65 61 688 346 642 292 549 641 538 576 729 10 900 565 352 96 97 81 517
439 244 357 209 661 596 481 218 73 635 792 112 133 922 461 127 918 291 886 605 311 949 891 806 360 295 926 868 442 879 866 658 430 25 953 727 617
74 932
285 322 827 596 274 19 757 454 304 881 302 820 977 906 510 543 268 744 950 370 362 368 383 453 236 895 631 46 618 266 402 613 711 817 604 609 415 590 145 770 240 279 594 752 237 577 461 357 215 21 229 290 689 350 948 321 536 536 417 1 158 148 727 383 900 835 368 841 986 279 715 512 587 559
517 974 330 361 941 932 330 443 241 343 200 336 835 683 983 472 303 674 192 641 712 963 216 314 340 246 175 796 785 560 234 227 623 4 279 98 798 82 40 556 930 941 911 415 416 79 653 138 859 764 765 725 558 98 760 783 854 855 244 878 272 866 811 222 362 461 245 451 172 708 896 594 59 863
8 885
475 783 644 589 979 629 461 250
573 157 37 646 546 770 513 911
19 314
293 67 431 437 603 123 79 361 608 280 812 18 59 261 680 268 502 389 163
192 540 207 378 432 971 977 926 269 865 553 695 552 565 261 488 418 110 768
96 571
599 653 98 320 505 403 98 887 768 291 278 428 993 773 325 952 373 703 903 531 203 645 102 743 940 840 821 865 270 863 921 489 847 523 217 940 396 160 684 909 178 109 109 980 581 768 609 845 274 59 64 119 940 893 557 72 950 129 763 838 753 962 395 605 403 370 563 477 467 109 419 258 197 244 172 864 412 894 582 877 193 813 914 124 213 62 855 652 439 410 600 114 866 41 446 712
907 779 584 967 824 691 649 260 5 593 250 209 838 621 396 177 218 265 455 381 48 89 523 396 422 729 311 457 954 674 809 884 425 576 877 158 974 185 946 32 391 470 81 957 995 46 322 435 337 651 203 589 582 861 329 722 371 712 158 309 334 968 603 145 545 477 46 707 760 606 924 577 75 284 179 821 571 13 247 288 713 899 154 711 81 31 826 57 943 568 620 344 323 556 667 306
95 503
433 726 661 166 570 375 762 36 889 133 326 54 439 234 70 433 825 759 568 586 637 701 625 366 584 424 737 261 828 52 884 84 597 102 896 118 328 30 532 417 807 795 30 998 238 135 433 747 280 763 88 72 19 1 130 552 737 575 961 532 999 943 629 319 564 267 934 979 681 770 699 237 78 908 478 574 684 503 606 822 756 331 827 274 585 412 567 115 493 653 217 647 774 592 456
298 951 967 117 915 986 18 910 161 688 624 448 205 866 1000 107 755 134 327 202 241 515 22 560 634 72 297 882 925 831 407 595 976 11 215 111 777 114 882 226 104 787 322 469 860 545 144 571 990 950 662 798 601 396 585 243 223 21 679 622 978 479 940 947 776 273 474 6 21 318 336 811 691 509 366 704 466 174 25 471 61 710 373 806 603 504 541 244 359 217 901 582 489 218 381
21 374
655 482 494 215 628 46 541 779 5 780 910 432 280 159 704 369 306 102 277 306 990
635 715 26 488 168 276 105 978 839 977 542 787 465 452 452 562 173 757 91 151 601
3 47
118 392 448
928 544 57
14 184
15 554 18 339 904 44 811 629 147 603 238 827 507 649
820 519 332 823 708 319 839 456 517 399 59 800 696 615
91 961
699 842 406 945 762 844 842 421 802 398 770 602 929 945 825 153 763 699 215 889 78 184 534 845 507 731 757 469 529 61 662 66 349 686 452 697 560 698 416 910 861 309 579 824 362 467 513 20 932 589 72 200 656 219 158 866 827 665 623 676 532 447 803 514 707 828 903 651 694 162 123 830 58 504 636 181 834 693 321 794 119 190 317 405 829 86 437 850 417 935 866
999 272 844 866 585 273 892 21 706 869 76 833 803 187 21 829 514 426 195 770 327 770 390 381 989 202 865 907 374 344 476 71 845 384 645 401 837 625 970 946 770 461 986 165 716 549 422 475 749 318 599 444 516 556 533 464 55 647 897 698 112 992 986 898 590 681 672 766 164 738 152 314 988 998 653 440 600 453 331 362 484 818 868 712 550 299 162 816 672 330 26
87 602
887 570 491 613 34 882 881 140 915 127 722 180 669 789 791 185 977 381 603 426 553 436 312 640 227 400 479 362 976 949 805 79 973 806 900 977 398 23 474 363 57 422 102 231 728 955 780 770 803 40 132 196 83 495 99 209 443 645 310 517 14 534 420 27 430 776 808 964 237 668 768 939 99 43 270 167 70 779 983 43 667 851 635 380 532 975 620
566 138 715 980 827 669 653 913 188 13 392 256 764 715 354 7 454 580 559 583 499 310 903 694 714 490 706 101 13 242 539 474 793 728 162 217 497 151 937 296 243 640 727 478 132 407 684 516 317 410 224 526 588 142 41 784 397 294 380 247 808 141 1 343 826 865 298 994 942 930 113 392 342 319 305 775 275 305 669 266 262 780 116 988 165 29 552
93 343
271 12 298 15 951 435 963 357 193 781 397 750 186 932 105 991 336 650 609 422 562 610 665 475 859 755 889 230 423 303 904 766 624 697 762 206 399 814 962 513 701 363 481 520 788 553 741 201 511 391 70 532 843 118 514 610 142 517 520 326 469 792 759 548 373 819 830 823 901 549 235 980 429 915 506 291 925 473 727 484 397 581 345 463 386 850 661 831 686 130 642 175 10
190 623 777 196 770 529 369 498 58 647 464 743 145 911 972 248 132 823 879 644 441 606 228 686 993 732 222 248 714 909 824 387 176 739 53 954 364 300 477 613 512 10 184 905 474 44 624 847 701 846 568 27 373 556 959 14 359 910 944 795 461 427 289 113 781 151 973 530 811 907 295 15 703 292 261 561 505 965 846 889 532 925 530 1 107 899 476 745 17 35 464 735 639
85 443
172 483 309 651 249 338 642 174 451 843 973 890 626 650 146 765 287 954 828 627 421 462 497 926 541 23 404 350 669 2 38 608 709 675 953 282 690 640 930 33 314 292 656 133 982 408 351 821 237 407 532 546 578 153 753 661 736 588 517 616 246 730 756 80 410 351 313 379 228 508 607 336 433 15 292 401 211 513 202 178 497 893 855 770 703
528 5 582 513 339 991 311 332 621 693 867 253 447 773 955 206 188 827 715 525 695 350 427 621 315 191 253 79 738 17 716 124 848 179 144 643 273 616 904 667 565 932 343 342 247 434 989 587 103 882 334 404 91 975 839 875 57 583 321 687 24 658 780 705 550 19 728 765 97 341 818 148 740 963 816 127 648 89 316 145 641 224 82 800 952
47 331
792 261 164 447 105 249 29 137 923 798 736 444 646 391 734 920 238 723 746 752 40 922 385 196 280 632 715 249 146 686 147 144 403 883 721 292 715 901 226 82 199 908 73 438 34 169 990
22 877 706 234 621 765 736 18 900 149 117 894 394 309 607 623 296 10 89 77 935 166 599 171 463 691 458 973 668 346 559 207 861 106 75 711 204 75 500 642 922 147 544 267 234 509 675
41 415
127 300 863 733 866 613 542 606 556 841 795 631 198 23 869 214 598 822 643 118 806 184 628 87 516 788 604 585 863 3 829 590 980 244 940 772 468 241 721 534 326
417 922 66 300 535 656 890 553 126 600 918 131 500 73 980 922 467 128 695 578 551 59 572 266 912 223 648 992 106 834 194 685 594 153 592 784 86 218 314 744 733
29 87
811 860 720 396 260 240 784 427 403 852 927 121 982 215 301 158 744 769 406 359 984 242 756 980 928 808 30 549 950
453 101 670 633 25 330 245 850 641 616 713 371 692 450 815 642 90 599 691 905 217 705 103 145 611 65 444 514 200
95 431
886 213 336 636 829 214 654 168 827 217 550 309 276 270 782 994 538 197 580 141 828 558 693 243 160 274 961 131 686 520 220 504 162 585 970 315 160 864 327 190 697 311 67 247 17 168 370 468 784 728 245 697 237 583 947 345 476 923 486 803 535 293 649 442 522 433 741 663 283 906 778 837 815 21 855 154 406 13 36 497 264 406 887 925 191 265 751 348 443 307 53 774 608 886 296
626 162 465 902 603 391 789 222 455 175 142 844 731 254 532 386 274 994 924 300 605 991 507 63 159 356 767 754 420 69 639 964 406 548 576 81 584 987 115 27 791 124 131 8 887 406 871 419 989 642 500 849 757 737 245 711 272 436 739 734 572 820 798 576 889 147 853 979 950 657 804 526 401 566 338 931 972 111 989 965 214 316 617 524 47 781 36 35 177 511 673 559 537 917 481
51 336
621 461 294 377 625 941 387 113 889 374 284 712 415 173 890 132 773 621 250 991 182 221 878 2 39 68 791 479 57 856 325 249 778 907 720 430 283 957 989 442 153 265 274 385 7 969 837 445 583 435 964
553 774 552 999 564 230 93 866 490 150 241 855 55 708 791 624 582 605 72 447 804 739 530 566 461 405 618 531 163 978 707 490 738 180 487 165 356 593 172 944 133 344 266 64 50 483 846 958 268 120 564
44 827
435 820 348 606 191 604 38 803 342 107 305 310 933 367 15 110 336 838 490 240 714 480 579 795 579 137 833 834 138 336 726 868 8 646 340 183 308 361 769 225 717 154 906 878
247 407 572 550 733 574 804 938 731 586 692 195 240 994 123 587 297 333 249 866 82 240 899 409 910 723 343 308 826 568 649 965 853 125 572 466 568 339 460 686 312 744 393 235
79 596
909 866 912 185 184 846 487 6 734 110 290 581 430 249 650 950 86 938 620 369 414 949 877 933 109 185 390 21 94 116 674 527 474 813 632 1000 862 231 115 130 375 182 880 169 172 810 231 537 69 869 213 743 161 539 363 76 59 446 616 402 980 108 558 450 691 319 274 253 425 321 371 925 751 801 728 638 986 822 402
175 228 872 608 154 338 625 193 863 174 746 594 603 765 893 670 331 781 311 85 362 657 453 760 533 194 591 680 759 397 606 16 30 137 865 939 268 201 913 698 669 881 400 387 178 134 53 192 365 389 286 545 587 29 26 721 969 456 699 897 407 736 357 305 940 373 534 19 837 665 704 698 306 688 945 513 645 42 222
37 615
196 731 341 419 414 753 956 581 332 797 992 105 495 754 180 317 207 886 661 900 129 695 96 893 254 18 195 587 897 830 498 192 95 414 711 480 145
646 308 471 124 553 399 640 905 459 236 828 661 3 890 670 168 979 829 547 291 251 463 268 433 17 307 741 275 803 347 53 5 78 201 736 725 395
4 741
604 578 406 409
660 362 375 842
65 182
321 557 492 629 614 166 630 40 309 997 514 171 299 628 184 486 535 814 158 506 80 994 978 544 46 912 754 791 995 948 646 546 132 922 987 671 749 114 555 705 644 791 183 242 26 713 42 867 431 949 751 385 609 57 810 169 469 452 475 982 238 120 908 535 646
581 333 259 399 645 42 893 972 7 930 79 963 8 133 797 115 768 946 344 173 238 459 729 32 243 189 131 224 895 596 630 520 345 616 678 491 426 945 903 466 746 491 50 120 360 739 888 768 687 540 835 987 581 890 139 373 246 462 650 248 747 50 720 10 502
18 394
791 853 216 549 652 786 379 756 401 713 79 529 390 537 397 995 614 21
105 8 556 49 512 195 967 40 706 854 773 827 455 889 140 176 522 866
86 202
599 453 140 169 628 603 266 485 996 685 877 738 715 630 352 757 698 538 339 786 900 386 254 346 675 830 977 883 634 335 821 124 622 516 117 363 340 60 536 800 315 323 694 38 760 835 167 572 143 641 201 119 818 891 833 697 678 706 330 961 111 822 742 147 138 767 724 419 406 444 838 203 735 562 941 5 95 481 527 189 574 504 641 523 219 573
333 946 17 283 499 649 440 579 45 126 924 316 432 162 763 721 698 701 526 90 167 590 390 361 981 576 632 349 829 25 129 307 528 861 478 812 888 675 111 36 365 319 27 726 259 666 262 931 697 254 482 911 592 470 258 793 630 943 696 825 562 221 503 489 779 177 652 493 405 299 22 35 296 713 578 99 877 62 832 418 134 982 449 651 169 323
38 951
854 896 537 816 886 842 837 172 879 813 66 311 754 769 57 510 981 756 2 841 751 273 196 418 166 592 553 903 996 946 256 65 278 576 663 801 146 484
91 411 212 11 660 585 697 402 854 802 364 60 370 953 125 810 742 50 615 568 424 388 269 252 442 794 533 978 990 622 528 883 88 392 687 688 670 38
60 515
799 665 734 934 162 403 784 405 191 18 48 27 536 55 35 722 985 957 447 615 817 538 66 223 730 433 705 25 368 406 201 977 166 924 620 944 102 130 772 703 880 694 532 519 657 170 357 846 690 936 948 603 180 548 271 66 146 361 720 858
388 886 687 595 318 129 287 886 449 445 562 16 543 857 488 152 95 192 25 164 392 798 283 523 214 490 115 756 741 13 891 683 103 170 696 34 515 89 571 383 300 134 742 17 271 36 741 503 409 102 502 654 744 267 213 751 979 493 431 713
12 723
854 621 547 96 427 550 461 425 660 513 934 725
993 511 386 293 947 174 903 711 601 91 590 487
12 377
627 99 954 546 750 137 310 996 64 577 344 380
376 768 179 956 348 75 182 735 961 324 282 535
77 839
222 137 683 359 911 490 434 490 638 59 123 899 417 166 98 630 285 634 645 416 846 393 301 711 264 107 479 145 98 540 981 634 175 957 856 851 616 668 764 792 539 266 971 836 803 731 437 87 35 426 458 16 263 670 975 121 539 922 898 774 309 66 953 110 493 557 222 3 438 41 738 859 191 906 358 267 224
755 280 237 456 601 723 535 605 226 417 220 632 275 884 26 32 696 879 792 68 256 514 435 495 271 526 385 593 245 279 664 417 312 966 180 809 854 13 702 952 331 831 561 141 371 537 102 95 335 310 133 696 596 922 588 239 984 302 901 971 330 31 38 373 803 401 107 660 111 977 937 143 232 719 622 793 996
56 131
422 277 825 709 92 384 844 795 82 486 829 824 125 379 440 136 333 187 865 208 944 231 972 54 900 570 249 518 489 655 468 447 872 850 429 708 820 388 811 573 258 946 61 708 399 482 6 673 937 302 584 727 393 664 634 556
488 708 414 946 932 906 960 843 358 170 282 566 930 88 420 810 544 952 100 606 318 533 485 495 72 338 411 83 814 540 194 135 646 99 450 939 255 609 194 839 162 1 145 54 511 185 32 697 476 396 85 404 776 452 259 933
