15
49 898
12 605 779 842 647 773 31 77 840 378 20 557 863 990 478 212 935 286 93 286 403 693 138 768 185 705 92 426 126 225 665 556 923 806 53 820 951 225 216 416 264 806 535 274 539 792 520 119 758
636 745 350 211 463 846 707 875 862 437 812 121 168 782 463 152 630 76 569 982 689 447 535 34 36 974 776 867 914 463 680 139 98 480 689 890 797 821 665 11 759 949 511 843 419 842 525 203 698
19 13
49 937 433 121 354 154 955 968 940 349 391 874 110 830 572 720 320 947 888
12 613 576 624 647 973 214 503 919 618 902 985 722 790 595 417 4 777 671
83 373
578 340 705 265 969 226 989 754 576 679 991 828 547 245 194 807 219 839 227 332 389 133 892 855 525 798 139 513 158 730 407 75 840 140 71 639 177 858 265 314 487 887 79 388 251 445 209 856 660 23 732 863 468 123 271 215 485 738 822 896 582 266 591 530 276 91 667 826 154 383 522 489 705 624 612 454 553 331 323 875 562 202 523
275 627 490 863 603 19 734 840 854 674 190 646 34 617 568 633 38 89 844 978 591 719 734 64 896 976 920 783 559 985 594 605 217 86 429 469 658 632 273 381 49 958 498 252 815 5 359 93 358 463 710 892 680 734 221 571 411 57 638 866 471 830 447 236 766 290 504 86 800 147 540 4 378 816 118 203 898 118 120 643 83 831 148
82 740
167 204 674 628 63 449 452 133 773 707 659 99 197 347 108 968 79 755 958 811 64 236 506 829 220 566 286 749 660 812 721 894 659 406 858 63 215 913 720 626 979 740 204 615 560 687 591 693 535 623 334 884 579 655 193 562 545 762 484 164 802 927 466 592 4 940 160 988 100 873 270 145 567 222 936 337 808 536 105 903 647 309
260 62 770 681 912 220 301 7 299 215 279 298 992 650 662 424 304 806 726 385 20 698 592 678 579 116 597 175 247 9 692 349 539 516 823 467 235 304 770 424 690 402 116 100 528 519 610 264 881 88 911 816 845 108 33 148 580 815 268 478 245 624 889 114 660 969 946 570 256 93 388 769 930 572 899 858 732 130 881 676 198 58
88 437
648 59 543 987 314 363 461 700 899 69 822 334 967 67 932 777 231 418 904 761 637 632 514 848 955 645 308 717 651 164 733 624 896 107 662 301 990 87 881 530 962 551 3 468 327 722 758 54 620 398 555 156 421 823 444 967 245 475 153 496 72 352 511 522 109 182 253 701 460 964 551 739 942 708 67 930 565 338 791 467 675 601 340 658 364 323 575 297
517 71 208 715 720 704 966 66 977 738 254 517 541 91 47 171 322 573 391 696 540 306 797 589 382 187 651 143 517 8 490 159 31 170 826 913 565 84 582 176 659 929 587 198 362 828 675 501 651 432 751 328 760 535 405 358 256 646 133 377 417 869 290 662 680 792 188 215 383 687 127 472 286 269 462 313 397 468 390 794 628 73 996 417 224 244 381 808
53 505
227 786 412 419 60 766 862 910 28 455 97 628 54 137 519 235 761 694 810 655 908 973 113 306 730 254 588 89 529 428 523 782 194 318 163 850 365 233 676 741 371 537 465 122 943 242 152 965 453 774 185 842 555
435 229 776 689 968 481 467 333 251 52 78 608 912 294 300 28 72 97 23 836 365 829 24 750 252 635 476 214 968 935 501 558 583 310 375 270 976 153 996 944 554 484 385 686 573 119 462 460 633 599 369 747 282
79 490
72 148 200 908 172 270 184 400 802 381 687 106 353 681 220 271 114 125 550 375 132 934 985 597 732 332 826 653 485 268 949 649 753 38 818 843 961 656 851 905 549 588 432 522 644 224 688 501 968 235 567 888 961 927 326 505 363 879 182 571 646 111 280 306 121 381 144 134 648 827 822 875 828 970 458 275 750 458 405
630 631 140 29 354 671 432 636 991 941 414 503 411 945 395 629 7 635 735 539 521 260 964 614 993 18 609 490 842 785 684 691 713 124 91 762 370 938 216 66 249 319 512 647 241 189 748 577 69 643 202 612 636 700 556 896 450 53 750 656 109 758 758 460 320 252 358 153 234 4 879 830 685 266 735 462 20 204 962
36 228
603 756 159 711 391 293 4 730 48 294 776 440 366 901 732 800 433 165 186 472 427 727 593 456 941 2 479 139 856 330 420 108 631 747 254 928
383 996 486 347 261 282 265 242 785 552 769 236 661 291 816 815 252 620 335 867 224 8 899 126 849 61 865 81 592 805 172 471 728 823 337 839
69 423
962 246 803 800 57 776 904 268 415 780 169 977 604 524 457 502 118 422 191 12 503 504 307 424 963 377 636 854 672 788 579 191 964 111 978 856 899 496 432 727 258 90 863 685 506 639 280 585 883 14 427 985 723 612 388 584 56 9 99 885 219 489 590 787 223 960 590 283 872
588 930 976 128 4 228 38 725 490 73 545 95 283 36 695 939 19 323 747 985 741 166 606 763 501 733 267 952 360 767 947 304 475 569 920 109 330 859 576 823 928 522 978 655 904 626 343 673 967 967 643 614 493 102 119 107 939 78 349 402 387 30 488 567 387 620 762 504 244
98 665
723 202 420 279 621 312 546 474 128 227 61 946 808 364 829 401 854 900 11 741 439 447 489 780 652 348 755 557 713 87 821 882 711 886 427 905 859 27 993 720 420 113 205 427 483 578 827 250 683 156 942 629 915 66 811 622 799 346 140 84 174 647 336 214 570 526 837 335 313 274 367 365 981 438 471 602 296 572 48 679 698 58 569 744 246 955 855 93 486 563 357 633 217 300 887 833 676 208
606 412 661 537 120 281 29 521 745 977 139 880 804 724 873 200 785 930 953 316 421 912 384 99 795 622 871 616 534 600 771 917 379 224 792 627 758 540 246 791 860 880 18 251 721 697 865 46 88 219 703 353 833 903 515 146 229 741 489 909 459 853 404 388 100 92 699 14 240 91 294 150 262 348 281 240 550 327 553 698 648 211 50 240 182 67 294 38 203 958 893 592 409 87 360 722 385 109
79 405
907 709 920 678 218 815 968 650 993 386 95 871 188 871 77 877 698 897 52 765 647 340 274 402 540 965 564 808 901 807 999 309 987 831 418 21 237 787 313 281 599 545 83 492 662 708 723 76 373 204 204 110 859 335 702 86 528 896 924 864 863 393 884 970 323 37 697 279 400 83 705 886 732 576 801 511 871 622 761
940 425 166 650 418 36 61 661 252 148 766 926 511 196 382 12 153 147 560 593 330 626 120 98 700 220 53 795 103 215 780 653 7 195 336 274 112 701 749 685 27 702 435 797 848 138 873 358 577 539 699 685 822 848 883 336 752 469 829 391 665 676 148 276 942 304 950 183 279 298 421 955 245 767 216 92 719 16 189
99 755
179 771 586 535 606 940 4 751 76 122 45 376 97 226 92 113 151 290 782 726 862 643 388 179 144 468 856 43 147 283 44 729 994 216 74 923 802 30 20 177 193 380 143 887 420 804 461 89 494 564 969 290 237 650 30 806 257 670 687 433 758 840 579 706 100 427 628 118 337 479 726 495 87 906 995 154 652 171 699 135 45 519 465 356 625 12 23 467 84 445 329 447 549 424 200 749 707 178 625
770 453 104 585 932 588 20 69 815 359 177 797 973 38 684 604 48 30 393 507 337 257 459 375 313 293 226 354 82 297 785 169 891 965 545 722 152 797 410 439 185 309 437 741 830 128 280 488 934 38 710 600 492 490 155 207 565 742 372 423 120 940 382 984 563 911 906 891 746 183 166 635 975 408 531 118 703 514 215 790 45 499 251 444 230 11 276 630 571 843 886 630 562 604 563 952 917 289 381
51 287
442 345 618 250 299 223 602 231 102 644 590 894 514 34 450 443 32 837 441 537 116 666 3 683 133 410 803 775 605 317 27 337 562 703 358 249 40 646 214 629 357 554 625 113 71 210 782 911 18 931 619
988 427 749 638 683 126 168 535 655 586 391 704 141 767 115 327 725 845 821 667 984 662 359 665 464 226 681 277 704 23 392 463 358 856 889 483 360 120 410 168 732 336 943 330 504 785 220 841 444 156 532
82 72
36 885 743 70 739 38 300 293 231 894 453 965 266 719 522 205 851 284 523 160 466 695 947 710 502 305 918 745 118 546 808 695 239 232 381 937 358 581 834 564 261 752 537 928 233 244 614 780 721 354 839 156 354 947 991 911 209 52 665 111 334 972 809 64 549 976 856 59 904 168 730 553 135 77 384 627 656 883 770 398 908 924
16 181 261 596 533 197 818 456 683 355 452 779 860 505 20 153 643 364 124 833 339 959 846 461 898 1 757 276 782 226 913 287 759 685 705 348 735 775 221 375 478 439 6 625 556 435 771 464 843 205 295 914 903 918 116 145 958 676 95 885 439 238 634 364 761 996 76 272 433 19 533 748 473 172 402 713 547 327 362 708 992 741
15 230
983 652 786 653 583 745 834 52 959 900 677 972 383 176 807
405 97 499 797 281 516 745 681 471 206 483 537 39 978 981
