13
88 745
15 97 231 652 990 813 322 174 258 600 61 21 813 4 66 639 459 80 635 273 20 890 478 516 170 189 121 947 856 796 719 380 156 344 492 575 113 692 111 897 600 609 797 695 477 456 821 653 873 278 655 214 990 558 356 393 610 698 703 82 388 388 396 46 989 470 530 351 770 373 275 624 905 19 347 966 343 542 220 651 13 908 470 371 859 84 835 627
959 33 301 283 45 354 783 913 607 241 871 47 619 292 299 822 408 506 321 169 638 904 489 484 856 318 206 773 306 86 129 211 686 161 823 240 74 259 670 113 908 147 688 989 692 197 254 536 770 559 468 506 668 280 552 955 351 170 797 554 105 500 788 674 807 856 647 713 833 480 540 702 578 149 149 742 931 11 819 892 593 120 171 753 634 647 3 366
65 354
985 638 19 38 945 583 211 806 151 602 909 608 138 174 102 39 858 932 178 958 642 249 117 309 50 573 94 320 703 127 616 69 799 973 126 947 884 722 733 759 452 109 818 851 191 124 209 12 318 657 185 245 499 459 418 356 369 548 257 627 867 958 583 937 481
742 671 508 756 231 954 940 96 639 82 645 53 675 331 96 725 420 89 191 60 443 123 820 413 999 889 321 486 360 644 28 937 753 389 212 686 598 804 231 2 768 311 9 642 453 314 836 652 679 91 421 415 147 795 241 605 21 131 989 912 625 844 760 113 370
79 606
253 670 688 907 915 672 617 472 277 247 524 741 848 295 103 835 794 781 63 885 972 323 76 31 147 695 517 943 67 841 660 59 44 685 352 337 449 979 224 348 110 461 892 965 617 719 709 604 204 974 459 30 279 582 174 147 123 114 193 417 247 288 806 101 669 53 82 993 763 784 8 825 663 282 297 969 603 852 334
387 717 896 873 602 435 251 662 845 951 253 219 674 525 111 299 677 71 137 803 781 221 530 134 775 467 320 294 727 595 392 464 451 575 252 371 668 851 524 994 250 370 575 832 54 15 498 813 352 713 426 591 645 855 916 469 283 581 368 349 110 631 139 344 221 221 598 552 153 211 35 983 679 652 679 880 865 486 655
22 854
961 630 921 411 378 549 690 244 448 170 889 640 293 606 885 35 451 337 393 727 234 778
707 849 598 281 362 415 485 585 157 549 71 2 968 410 537 10 513 140 250 938 303 437
77 243
810 53 749 137 611 717 203 206 376 680 496 131 506 825 914 516 669 167 710 164 730 353 153 816 808 975 890 781 457 207 318 903 375 516 307 944 933 283 31 511 958 108 603 859 108 872 981 811 353 198 795 69 391 79 201 538 581 728 730 940 166 421 982 923 754 412 344 162 998 624 776 652 719 712 91 955 702
261 194 764 347 583 600 758 314 482 716 79 426 778 574 72 126 456 514 512 738 82 418 177 371 208 657 825 13 396 913 533 291 16 694 757 501 127 950 941 1000 39 255 41 993 939 597 280 615 49 521 483 921 635 474 323 267 96 274 322 503 579 580 13 335 323 152 218 618 926 532 372 770 544 282 212 608 652
21 79
820 836 672 451 858 531 822 221 391 348 483 909 233 111 989 646 20 747 804 454 330
985 584 194 483 434 658 191 225 287 147 524 284 596 631 962 497 795 156 947 34 51
36 551
787 536 122 150 365 975 308 55 48 907 66 332 436 109 482 167 306 53 451 356 182 943 761 781 608 578 373 254 487 404 513 79 956 1000 912 141
132 790 72 348 910 202 67 794 292 97 611 477 459 534 468 939 265 854 895 509 18 946 654 100 488 461 929 119 862 764 867 110 221 278 676 753
92 439
717 210 777 697 108 947 817 238 718 531 407 575 929 319 929 556 837 400 770 221 199 321 980 440 229 189 932 109 179 298 843 766 771 733 361 223 906 623 920 24 648 887 618 998 837 169 635 251 751 425 453 845 861 658 836 133 438 926 171 329 536 652 828 128 859 291 456 685 950 969 482 131 665 111 851 361 543 757 73 207 278 761 582 311 213 729 681 338 410 178 6 207
548 333 228 647 128 18 657 671 24 766 753 682 380 340 107 958 461 996 802 97 96 32 197 300 115 596 526 602 224 50 525 598 326 340 683 42 744 528 141 70 659 557 38 634 193 762 530 701 620 526 215 420 781 524 13 311 146 789 43 283 899 17 476 842 544 829 904 609 544 610 104 624 177 590 386 315 578 664 123 76 980 137 449 232 809 64 199 643 803 740 246 93
52 42
816 108 445 380 304 541 19 499 420 899 781 796 563 256 659 182 165 732 443 572 204 938 687 523 45 463 858 235 391 835 449 787 271 770 24 682 495 375 996 602 441 57 251 635 260 70 818 612 469 691 348 848
955 401 563 685 328 990 179 40 891 195 424 388 718 680 266 640 148 697 732 266 982 494 784 522 23 104 597 132 238 200 791 630 669 186 92 704 296 400 499 620 328 4 740 971 548 540 712 690 729 2 790 865
76 848
256 87 344 430 282 995 921 660 67 972 833 498 2 744 546 755 436 886 300 995 877 186 439 125 786 777 802 707 882 179 18 502 242 13 197 239 868 77 178 185 314 962 660 326 215 811 436 384 199 354 231 93 733 160 119 471 371 724 69 726 829 313 551 63 610 699 118 126 492 685 639 310 383 135 945 960
196 733 507 667 907 462 671 839 108 223 594 966 180 350 353 300 895 374 829 696 743 780 580 71 717 160 406 280 124 77 105 498 500 767 344 414 578 613 795 865 711 442 6 457 498 948 66 742 612 433 670 296 313 376 455 256 526 34 816 155 928 206 305 548 358 8 801 76 738 758 137 863 561 300 983 603
46 204
977 729 994 7 469 877 183 359 92 140 492 750 508 791 99 674 312 282 825 408 866 595 979 943 339 330 296 644 186 703 581 620 440 786 872 776 984 590 171 289 791 952 302 420 685 116
811 996 890 21 431 532 388 358 365 432 776 899 718 555 347 148 347 80 311 919 962 95 235 754 658 371 954 541 199 162 4 24 943 66 127 767 79 114 793 338 353 887 663 168 507 657
54 936
194 288 144 561 758 291 52 757 7 527 284 935 117 119 262 9 362 928 434 364 21 670 150 78 342 720 620 508 924 613 103 761 895 973 919 256 843 374 753 609 695 229 484 631 410 172 360 611 15 899 809 66 15 550
793 10 824 127 957 196 851 636 734 6 712 290 544 71 332 885 646 410 596 971 557 284 531 848 949 672 137 918 202 268 871 687 639 232 430 556 113 842 273 202 125 969 786 406 347 605 137 869 441 839 851 35 288 787
100 672
216 819 691 666 759 446 727 754 358 948 832 840 301 552 978 146 846 155 38 556 275 4 479 483 748 389 205 608 709 492 214 328 283 388 173 263 996 286 129 304 122 135 385 54 318 717 598 817 667 8 864 167 611 614 706 403 102 24 941 142 486 777 679 83 134 228 676 150 919 210 597 107 23 217 59 387 145 656 209 705 273 816 877 849 753 255 987 160 568 440 99 819 238 656 459 196 923 486 240 18
566 613 316 939 631 305 792 50 611 382 256 6 368 279 799 902 868 93 514 123 767 676 600 32 242 990 898 488 719 951 710 102 992 775 507 907 577 676 396 638 284 744 731 122 125 579 693 397 550 562 653 998 573 42 119 171 682 896 877 103 598 655 968 894 134 101 799 176 73 785 577 319 988 337 482 952 602 902 916 208 479 38 684 217 357 405 557 626 365 391 255 239 574 162 291 522 815 63 480 582
