6523
374 1147 633
741 1799 489
779 1292 2380
1656 5987 1829
2137 5877 180
2614 6513 1226
3162 4333 905
2722 5941 740
196 437 1761
990 1405 776
1985 6518 1763
1401 6213 1672
2629 4657 1647
1845 3419 1477
1855 5950 2288
210 6449 1028
499 971 310
492 5304 488
1821 3140 1664
2200 2580 2241
1841 1860 9
3127 3815 104
2873 3692 1136
253 5302 369
1478 5020 1615
2445 5627 1263
747 5385 1130
2431 5604 968
643 1837 958
1446 2725 1607
2368 5545 1219
425 2776 796
2674 6441 1273
1866 3235 2080
1700 5693 79
1418 6121 1100
1985 3473 423
1529 5666 2262
2263 6113 1652
2926 5207 165
3006 3949 2294
3030 3283 1597
1422 3765 683
29 170 387
1807 4692 2052
2682 4380 14
3216 6278 2002
561 2679 2086
1126 6337 1204
2060 2182 958
2230 5223 162
2406 5527 2354
397 3043 1816
2305 4455 548
164 3603 1209
2466 6137 1843
2240 3972 2196
2937 2989 2198
614 4643 737
1927 4084 1982
2935 6043 777
2866 5054 1562
156 795 1772
1960 4207 449
2395 3317 1051
1494 5960 819
852 6493 411
505 5666 940
2685 5324 705
2418 6050 767
3176 5621 1571
927 4786 1978
1662 1880 695
1157 3409 1766
308 4042 1311
1648 4948 445
403 4235 90
599 1789 2011
558 6144 365
3024 6209 628
1999 4097 1373
491 6183 1552
1925 5296 1188
781 3928 1973
2292 6240 271
109 4507 118
2848 3179 1102
2205 3285 902
2675 4125 659
1827 2347 1095
1861 4853 1129
2082 3210 359
2585 2863 928
3103 5433 2225
333 4333 1299
351 3444 1414
3181 6254 535
342 5659 1533
546 6321 1563
2664 6027 2262
647 5585 1215
2116 2426 1400
734 1150 1680
341 5987 893
2165 2986 574
3249 3288 1731
2811 4390 1048
2695 4553 952
39 6519 1369
643 5357 517
513 2247 505
2808 4265 1267
3155 4939 1573
2276 5934 949
2755 3972 2303
2872 4736 80
616 5312 1736
1092 1416 1229
1897 3865 1294
2563 3651 365
2054 6069 1186
954 4790 1015
1333 4478 1308
1691 5778 1048
1027 4335 849
2613 5532 678
2777 6394 2112
189 416 659
1690 3291 2330
1361 6255 1040
920 2639 1737
2 1162 1500
1796 3794 1987
3093 3654 1835
392 1921 1029
598 4066 789
2828 4979 2252
952 4009 61
2684 5065 125
1887 2386 2097
2920 6065 890
910 1410 969
329 3390 2239
8 4856 923
431 827 2263
265 346 1744
2139 2371 1314
1247 3533 842
2083 6071 722
752 1206 522
2918 3500 2193
2508 3677 428
457 1711 12
510 3603 2179
891 5414 484
2202 3266 898
3112 3304 144
1695 3022 329
1262 6117 1089
21 1633 1451
2617 4324 1965
2379 3631 890
82 2616 1693
708 4559 402
1356 3699 1829
2617 4235 1598
2385 4162 780
1866 3937 766
2751 5095 1519
231 6069 1240
1372 5632 405
654 4308 1997
67 5936 316
1516 3819 1423
1766 2762 149
795 4413 10
2889 3797 559
2280 2825 855
1772 6522 1745
60 3700 2019
2071 3913 2365
2117 3104 2279
2506 4606 620
749 2108 171
3104 5706 407
1317 2973 1838
2088 4127 1384
1335 3503 207
580 4034 2400
2463 6370 1682
3195 3856 332
1930 3742 121
187 2860 821
430 2709 1100
517 6392 1402
2143 4968 1696
1390 5990 216
2273 3659 951
194 465 718
3153 3830 110
1306 2656 2284
2251 2550 793
2389 3312 518
2278 6481 1538
1020 2069 1210
3114 5731 1260
2907 6291 900
1524 6141 1092
265 3055 1166
1898 6444 2208
2512 6083 1877
1471 6379 1501
518 4894 1818
444 4545 1819
1658 4146 1706
1955 2802 1190
1908 4001 1521
2193 3222 1465
3172 4607 1281
1109 3227 1787
3248 5596 262
1524 3637 1974
886 3803 1158
1661 4468 1035
1472 2062 1772
1449 4506 776
1061 1560 2259
1319 4320 1933
1097 4780 2201
1781 5737 20
2373 5645 2392
261 4980 1420
517 885 1408
3039 6233 816
2277 6175 1438
129 5952 2234
2993 5991 2249
2554 6312 66
2654 5694 1335
2166 2215 1321
1859 5101 1239
408 5617 966
163 1011 1700
950 2478 1584
1446 4560 1460
12 2420 816
2012 3353 1965
2483 5443 237
2589 5694 1839
3162 6143 1867
3034 3373 2037
1551 2180 1580
2391 3737 126
1455 3818 1891
1417 5085 916
2763 3908 511
2946 5948 88
6 3619 1812
2059 6018 675
3242 6153 2329
2177 5989 1348
1903 2666 459
609 2294 325
379 5912 461
3207 5188 1412
286 832 1739
2008 2521 2392
3172 6112 1977
1677 1873 41
2236 3315 362
58 1327 2178
984 2922 1123
971 4405 57
1966 3968 729
1149 3426 1548
2769 3273 1658
315 6181 52
2586 2822 1087
2848 5491 67
1225 4556 350
2475 5413 730
990 5143 1979
2724 5989 1986
342 657 1590
144 5991 2127
3117 3702 871
1793 2188 574
2 3036 1980
1325 4246 1191
1296 3304 2092
1151 3967 1765
647 4528 1797
2116 4149 1946
772 3213 1537
1347 1419 1374
2590 5827 2016
873 3667 2174
2156 4297 1714
288 2961 211
569 6299 1036
974 6473 483
2138 6227 2123
1306 5883 1025
1515 5326 1063
1213 4616 1780
2584 5126 2238
1715 2707 1509
1825 6239 226
2184 3136 1744
254 433 43
1666 3641 891
2338 6511 1341
136 3052 1279
2082 3198 1053
57 5594 2013
2647 4751 343
3072 6013 1775
1437 3144 765
2136 5079 1415
2802 4536 1548
2816 3560 1193
2134 4532 179
361 4685 1899
312 5540 1322
3115 6095 1595
972 5497 170
2078 4469 1242
2739 2910 928
1670 4918 1099
2937 6181 1318
2530 5213 2059
804 1816 2387
1096 1611 622
855 2360 2161
1719 5125 2117
1698 4215 1175
466 5322 851
1712 5504 203
1218 3581 2053
1378 2189 2318
1179 5851 1671
493 869 244
1286 3999 1218
3009 4449 1562
204 1491 139
2488 5339 2262
1464 5722 1518
2476 2806 768
1426 1616 998
1923 5319 288
3208 3603 473
2495 5749 2018
1997 4688 1360
1516 3391 2173
2610 5870 1205
1351 5538 705
1573 2019 1309
1218 5933 100
2843 6074 985
2028 2954 727
3009 3545 492
1505 2629 1510
2412 4579 2012
2316 3198 2007
3045 5253 1145
2988 6319 1004
2371 5960 1071
2745 3759 611
2950 5991 1078
2005 4618 151
1472 1786 2094
2917 4346 2325
863 5510 1837
1663 6212 1664
1329 1707 440
135 626 2275
477 4184 1187
2181 3767 144
1162 1875 2355
1012 5820 78
258 6090 1381
1821 5418 2055
3183 5376 1699
1538 4599 385
1596 4813 1811
2104 3277 158
865 1678 1118
2137 6349 1136
39 4320 103
1237 4030 1297
975 6033 873
2299 3815 1069
2407 4631 245
1824 6283 1277
935 4817 678
2224 3247 494
2720 3425 127
3150 4245 2206
306 3864 215
2827 6481 2
1915 3832 1608
80 4526 1825
1781 4440 2037
1124 5901 444
1721 5580 1241
1742 5707 2146
2679 4621 85
2303 4568 2042
1600 5514 840
1999 4136 2273
306 1042 730
1700 2423 194
50 6448 169
472 2109 912
501 5266 1501
1974 3491 1979
964 2393 204
216 6232 1243
2116 6336 1770
2915 6231 1136
3019 5634 1661
3009 3145 2173
1769 5223 2232
1131 5675 653
1130 1642 1073
3052 3849 1357
1662 2350 709
2849 3635 1050
2213 5822 1594
2120 5423 18
2497 6185 697
1426 6264 1180
2764 6257 21
2597 3718 262
3241 4619 1402
1853 2390 373
1226 3925 1878
2554 4519 2087
2721 4506 2146
2988 5986 381
418 2536 1284
2875 6045 1587
306 3423 2347
302 940 1898
193 258 1546
1952 2068 1114
63 1482 1380
496 3693 2200
651 6267 1563
1651 6030 634
1383 5114 20
1674 6004 1737
2412 6497 1939
446 2503 2352
536 4087 857
185 5324 674
516 5022 1670
1867 2591 130
3233 4786 608
1043 1496 985
577 2704 1406
2071 5813 1885
948 1502 581
158 4801 2026
2721 5288 540
1871 5966 1893
959 5419 691
2345 2732 11
701 3467 1498
1420 2274 2157
489 1732 1891
619 5954 241
839 2067 1029
2548 5508 301
265 3656 1579
368 2847 2040
334 4240 1758
287 4858 1559
2977 4348 946
1086 4253 105
1361 2569 1456
208 6518 1572
845 5459 1970
3109 6337 848
48 1593 1891
816 3853 1172
1072 3554 1269
1987 2722 40
633 3442 21
3222 4672 1254
2274 3073 2319
936 1583 1005
213 3954 239
2263 6228 1961
232 5006 1821
1480 2394 2341
1693 2395 724
1977 3306 1450
1338 4744 777
577 1355 1558
1190 3196 389
1006 1573 299
1328 5936 237
1100 6358 812
2662 5699 77
592 5887 1450
1783 5841 2224
2646 6100 1193
763 6235 1704
873 1011 2243
3210 4587 2060
2641 3848 529
2886 6344 1563
1066 1230 391
658 1994 1661
1186 5005 1073
1625 5351 870
2306 4261 704
30 2524 1863
2608 4202 1074
2824 5906 1397
2257 5523 1198
3059 3832 2075
1494 3477 761
2930 3615 373
3014 4204 81
887 5138 896
3040 5968 1406
423 2387 932
711 2480 271
1087 4444 365
279 4150 177
1759 2901 1902
376 1269 400
1279 5508 602
1334 5333 2342
3117 6191 1686
743 884 1660
1460 1815 7
2618 6148 1311
3146 5509 881
329 3515 1658
2281 4544 2223
388 6125 1812
2623 4335 171
2637 3888 1019
1552 6283 1738
887 4628 2384
2983 4970 1024
1318 5197 1867
1932 6421 393
882 6228 2290
2019 3427 1698
2575 5896 1428
1121 2515 228
1769 2720 1442
2122 2867 2373
149 5734 1239
1639 3505 926
1148 4832 589
2536 6433 2146
1182 4979 566
2164 5035 1061
1374 1839 1189
2899 4099 957
2165 3475 1049
347 1751 597
2043 3593 1179
2804 4973 1641
2968 3802 1932
1006 4743 1366
270 3998 602
2848 3329 1227
3105 5777 157
356 5460 1926
1042 3289 1458
2123 2610 1227
1061 2109 1204
532 1152 442
2001 5900 1617
814 5730 1228
2719 4262 2127
39 1667 1523
655 6232 183
2313 3488 93
3026 5991 2105
2250 5066 1030
2024 2670 359
472 2413 2362
1283 1816 1673
2581 5394 2374
1002 5635 646
1283 5673 1636
1332 3687 864
2525 6032 1109
601 2628 1627
2256 2641 1839
1710 2632 1079
127 3470 502
2833 5662 421
614 2229 1568
2943 3569 1754
2606 4616 542
2921 3766 1003
1816 1959 1702
637 5583 2165
1580 4592 2212
463 5975 798
961 3851 2333
1820 4207 212
2673 5510 2171
3085 5432 617
2185 5568 607
3031 4227 213
2316 3933 464
2734 2823 6
1561 4865 1049
2197 4359 918
3094 6012 2071
1866 4732 1953
2724 4217 880
738 1228 107
837 2534 96
2116 3023 1037
1066 6201 1003
787 1963 158
1209 2546 153
813 5314 1058
801 3230 2280
1059 1872 1311
295 1803 1061
3220 3872 736
2401 6137 727
1231 3084 584
1699 2171 1611
2693 3285 948
2958 3282 1394
340 3694 869
1969 3778 1321
566 1416 801
1975 3241 389
2985 3811 1039
218 1251 1845
859 1119 307
1845 3110 608
352 2313 1599
2845 5714 2285
337 4087 843
200 4639 1158
3032 6324 2374
122 3885 1629
981 6297 2073
1425 4549 1008
919 3195 23
1462 1964 1403
72 2256 1946
2047 2089 1912
2552 5166 112
1500 5579 810
3044 5127 1020
2517 4155 1578
2736 4731 149
1593 4774 1367
2960 6428 614
1685 3077 1777
3117 5856 1234
2046 2199 1523
61 5380 1256
916 6379 511
2393 5909 1409
1275 3421 2317
2647 4066 1966
326 2672 1879
3157 3991 956
2392 6441 1929
3025 4302 2190
1942 2885 688
1330 1833 1014
2749 3728 1164
1001 4172 1708
1717 2248 208
975 3163 1765
134 2111 1388
1378 2083 2202
2356 4274 402
2639 4809 1462
1237 5550 2203
505 5215 1440
1996 6002 1856
889 998 608
559 6319 2271
2341 3441 1542
1227 5722 1844
795 4890 1644
1546 1788 142
2241 3744 1884
1610 4127 1883
50 3274 1629
1380 5328 501
3118 5355 2084
1228 6117 1533
1376 4399 737
2649 2899 126
956 5715 1279
1971 5096 991
2699 3939 502
2753 4079 2206
1501 1632 1989
576 2961 1931
772 3958 2024
2625 4584 1247
3065 5326 2173
2093 2140 1006
2202 5602 751
1586 1830 557
1842 5701 1557
1524 5514 1615
3152 6068 2378
2161 3365 2220
2380 5336 1986
1797 3649 1886
3041 3508 2289
101 4333 396
2803 4156 1332
3056 4618 2305
2317 3079 383
1331 5359 627
2714 6501 1919
1337 6507 97
1614 6396 331
2810 4379 1188
2733 6155 1375
2140 4258 372
3205 4763 129
2529 3052 1834
1558 5661 1132
2032 5310 1287
1784 5640 1677
823 3006 10
3022 5555 1537
1284 2310 1129
1347 5906 1784
2923 5874 566
1257 1963 1185
2631 6074 1009
536 4443 988
2865 4373 2388
2228 6336 856
1169 5340 2129
672 2861 2158
978 3893 472
2134 5145 1180
2593 5552 2380
1074 5373 1299
2887 5855 2137
123 267 1190
677 2991 792
139 3479 261
1724 4359 27
2721 6393 77
2983 5977 1499
700 3568 1958
1054 4993 1316
1110 5001 272
734 6328 1727
2246 6280 1979
1441 2616 919
2168 6021 617
2089 3893 1745
760 4513 1705
1765 6410 1018
2639 3015 2143
2981 6425 427
2171 2708 903
1691 6106 685
205 1711 2224
849 4379 848
755 5165 1298
3255 3320 596
425 4093 2325
2747 2899 281
3224 5168 601
3006 5426 2009
1947 5104 1329
1051 5410 1800
2019 2479 328
2552 4684 869
2469 3923 1016
2102 4514 1368
1984 2052 1800
2206 2489 2246
2269 4250 792
106 6284 400
1064 4972 2213
3252 5673 1123
151 520 1531
2467 5249 2389
1661 3218 1518
32 513 1024
483 958 1625
1527 3574 149
2064 6489 539
2139 2998 2350
1440 3200 1503
1657 4534 1426
3075 3194 1559
831 1554 1524
499 997 66
2620 5954 1706
2595 4737 49
592 3547 1227
323 2622 65
928 5162 156
603 1315 263
496 5251 950
2948 3394 186
1549 5317 1970
1533 4509 86
2026 5782 1559
1487 2249 2347
1689 6074 1554
3073 4254 443
2872 5193 343
2739 5868 547
190 3557 2024
2479 2702 1164
588 6203 1921
643 1743 2231
1193 1935 1385
1273 1948 645
1817 5135 1966
298 4099 1911
2515 6401 1382
760 2009 639
2617 5626 115
2359 5849 1634
1001 2560 194
2944 5348 648
2675 3786 185
1845 5879 217
606 2107 1982
1747 5032 2233
2090 5941 1540
2233 5371 2394
268 3854 94
1463 2977 217
1294 5534 1778
1678 3649 2010
2881 3372 486
573 3999 184
934 1381 1313
675 4456 1564
1743 3918 998
1952 3587 410
1965 2826 647
1774 4440 764
1465 5665 890
293 4915 1870
2205 3723 1934
3030 3203 787
1595 5675 509
3236 6508 2344
2487 2518 1372
433 1283 864
2937 5284 940
1058 3512 267
277 5025 2327
2602 4329 1313
497 1579 535
109 734 269
1621 2502 1589
2954 6043 726
703 1261 1587
1031 1849 148
2598 5410 2129
2812 6425 504
1225 4686 1477
850 3608 1134
1307 5332 2043
2415 5344 386
1645 1928 1864
2224 5657 1863
2441 3797 913
3070 4911 489
2518 3142 253
683 2024 1013
728 2990 568
1708 2253 1662
31 5874 1792
2758 4155 999
24 4978 1114
2339 2573 396
353 1000 1694
961 5191 753
2482 6005 430
1831 5455 1898
3156 5548 861
2381 3271 406
1240 3563 614
1820 4987 219
2562 5167 919
333 5790 408
3133 3224 2330
1563 4237 970
2408 5269 2029
2632 6169 474
2142 2890 476
941 2817 93
939 5476 1341
373 4003 40
540 6256 1343
3206 5619 1859
1912 4371 722
1930 2942 1900
1791 3823 927
1855 4085 837
2921 4210 1316
836 3810 1479
2941 3403 547
1201 3729 1388
2957 3439 2277
2758 2760 378
325 3646 216
3114 3396 437
1554 5604 495
508 2814 1731
767 6172 1767
2512 2758 726
2424 4766 1159
2441 6074 11
2992 5886 2309
2413 4702 1658
2832 6038 319
2745 6071 747
1268 4672 1290
1376 2892 143
2141 4942 194
1571 5105 293
2158 3461 1705
2401 4674 556
901 1646 2148
669 2316 957
781 1351 105
223 2946 1632
2300 3888 1266
531 2003 2125
2549 5590 1346
2357 5155 2002
916 3608 1535
107 4230 1092
2953 3627 815
480 3196 1185
964 2532 13
2462 3499 845
1040 6519 536
674 4484 11
2765 3803 879
2495 6512 1145
276 2319 1590
597 4494 2007
1597 3637 2305
2590 3765 2251
1022 1297 2012
2202 3713 1616
3182 3700 528
2544 4562 97
221 5982 1702
2441 2483 870
2409 4575 927
2112 5039 833
3103 5112 1452
76 3509 1346
231 4593 1747
735 1958 2052
466 3998 1452
2544 4921 1345
344 3730 2109
2725 5599 670
2632 5111 1615
2519 4193 686
2880 6033 2029
1488 1659 258
2827 4669 948
251 252 343
808 1822 2278
160 6151 516
2397 2405 1263
2624 4011 1062
2532 6280 833
416 5954 2225
699 6268 763
797 6011 1198
2695 2729 1904
2703 5032 734
2878 4561 1498
611 4368 1965
2763 5788 1825
2046 2910 547
577 3294 2356
2445 3239 1278
2692 4009 2074
1777 3741 1690
1357 2874 1171
2695 4551 1215
495 5016 1175
1125 5653 1932
1976 3580 2332
1905 4671 303
2924 5266 1349
148 6414 1294
235 1068 364
2682 5789 579
2032 5715 2151
1854 3700 768
2345 5967 1370
388 5022 1977
1790 3850 989
1176 1191 1968
115 2488 1012
548 853 631
659 2871 684
1092 4927 2324
2525 4687 1978
1754 3212 141
1337 3101 1616
2394 5254 2111
2582 3848 1959
2131 4187 1156
873 1462 2372
30 5089 2375
440 763 922
1067 5348 1685
693 960 2166
3230 4531 1582
921 5132 407
2300 2388 726
383 5363 930
878 2091 1953
1362 5420 419
1499 2140 1736
1775 4309 1407
2217 4542 2358
75 3417 1168
1752 5575 53
2494 4192 1956
1004 5333 264
740 4136 1550
5 3742 1613
1347 1695 779
2215 3421 421
220 863 2007
1557 3822 886
1524 1862 511
2681 2746 1447
3139 5353 336
1105 4906 1037
2862 6453 304
2524 6078 2248
1482 6327 1076
2003 2612 1356
1273 1837 833
261 3800 1820
1730 5253 1870
629 1132 1026
2843 6313 1061
1475 4245 1312
251 4705 1445
109 3324 2007
1076 2557 867
921 3623 2330
307 3935 602
361 4758 1958
2568 3093 1961
1940 5551 1411
3206 4557 1258
412 4838 1331
1431 6043 807
2398 5970 2181
2141 4188 2120
1537 1544 22
2907 4866 346
811 3268 26
2281 5934 1181
2500 5780 401
1805 4206 557
2076 4009 2188
3253 3288 1601
3031 3987 1489
1862 5003 1340
2145 4073 823
2570 3638 1687
3100 3810 1978
2428 2881 807
1839 5135 836
112 1849 725
1205 1571 997
2135 3859 1512
833 3557 465
1098 2367 2375
303 1353 342
2790 4225 491
1568 3963 1555
1713 4864 612
462 2071 2068
1426 5388 5
1146 5591 1705
2658 5292 2201
1388 3775 299
928 5686 1948
1771 1956 442
1128 3445 972
3103 6489 754
1450 2645 1679
1672 5870 1579
1613 5676 2326
1456 2916 240
1477 2700 632
1172 5948 403
333 5073 2152
2024 4510 64
3131 3215 1467
2929 5084 566
1671 5425 0
1326 1987 70
2652 4077 713
2319 3998 2226
1078 2221 342
2552 3885 2177
500 1223 475
890 4840 707
1126 4604 1964
388 1665 1507
789 2461 1054
2004 2459 423
632 3296 2148
1201 2100 1190
3253 6333 2235
1666 5662 1132
3204 5648 2038
72 1325 1529
620 2635 988
3104 6418 56
1642 2517 1722
548 3043 446
968 5881 2248
2857 3366 927
2009 4090 1179
2197 6182 200
985 4215 321
3129 5800 2139
1353 1760 2276
1245 5024 2168
2765 3269 1168
1686 5448 2104
815 4493 253
1320 3733 410
2826 6093 189
1799 5816 72
1522 5132 1708
2766 5396 2097
2368 4843 447
3210 5268 1217
228 3454 2262
3102 5709 491
2830 4176 2050
2391 3626 2064
2549 5925 2252
97 2705 327
1951 5220 1918
3052 5432 1543
1412 1974 1516
1349 3655 962
627 703 1364
1141 1291 528
1945 5594 2215
1107 1879 1611
1572 5321 996
1075 3021 80
2664 3209 1486
2048 2759 193
1288 4173 899
1203 3581 1529
2188 2461 1618
2103 6123 2165
1159 3357 264
663 4265 1246
2954 3770 201
228 5867 554
258 4223 722
2569 3875 1751
1623 5699 2159
2186 2459 2125
1500 5325 1145
2244 5570 396
1942 5719 1351
406 5499 1080
3225 3447 1810
811 1615 398
915 6395 365
1932 4770 1915
674 745 1453
1167 5257 1868
1654 5849 625
1210 2911 667
1222 2269 1112
2909 5079 2282
630 3063 1950
777 3350 1113
1661 2721 559
416 3037 1722
610 742 444
879 6060 1912
591 6423 492
2566 2694 1851
793 4939 2288
2934 3891 660
1540 3578 1424
1429 2551 1458
2461 5904 1833
147 3640 1885
1774 1876 1380
1688 5600 282
116 1712 1468
2466 3999 1660
253 1817 830
2886 5473 333
226 4581 1970
1963 5493 1597
919 6090 333
964 5427 1315
1901 2355 1278
123 2118 940
2411 6317 1830
1540 2580 118
3007 3710 711
3242 4369 964
1879 2214 2251
590 3361 1366
1188 1689 447
454 4582 37
1981 5446 893
153 3127 2114
2552 4330 1216
2243 4748 238
991 3707 551
2414 3845 1940
867 4364 436
934 3607 2198
3020 3719 1148
912 1680 1809
2068 5950 1853
1026 3320 2104
3201 4566 285
2340 2470 1145
2745 3025 2087
2307 3532 1010
506 6250 460
2020 6348 1120
1046 5951 109
733 5253 2234
2917 5129 564
1698 2766 1128
53 3093 1662
546 4893 2239
128 5643 902
1852 5653 2066
757 5792 2123
2100 4035 2074
1908 3996 404
545 5739 107
1592 2774 1012
2765 4706 1662
2913 5061 1562
1969 2779 2382
2203 3455 2149
2470 5649 2111
1554 5820 1542
2330 5987 1705
2327 3741 902
2314 3312 407
1977 6170 1168
447 543 2289
1103 4966 581
2895 4120 2303
1255 4378 190
126 5862 2174
1037 5854 2147
116 3644 2142
1272 3322 1781
1637 4039 670
1529 3462 1731
1533 4772 386
1214 1538 1535
321 4971 1638
84 4756 2282
1642 3097 1926
579 2677 523
3146 6308 264
1663 5936 2119
1071 5969 2202
2663 4490 573
2608 2986 1214
420 4325 522
1227 3800 1445
6 5230 1286
255 3853 1913
2510 5700 945
2148 5824 52
1390 3065 1693
978 1810 142
1066 1156 1906
2840 4261 1594
1949 6319 431
1519 5899 289
3145 5748 548
787 2698 742
3246 5676 2181
185 257 41
291 4318 1362
1691 3140 689
2537 5087 950
3246 4003 1568
2854 5036 1036
834 4481 486
2380 4402 790
1701 2484 756
913 4716 1558
1529 2684 1912
1911 5420 1131
2530 3358 1582
256 4775 1471
2871 5218 186
1540 3775 1213
2479 3552 2118
11 3684 1921
1113 6475 908
1751 5735 1948
980 4511 766
1850 6220 220
1143 1511 1296
2726 4066 1911
3198 5442 1975
218 2669 1577
1443 1826 1555
764 5040 124
1373 2988 354
3076 3742 544
42 2247 2136
614 3229 168
3096 4872 1884
2238 4502 802
2421 5167 2015
3217 4971 122
3055 3206 2203
2623 4854 942
2648 3522 1185
1104 2395 841
3259 4106 840
1980 2543 176
2391 5003 380
2284 2920 2143
1434 2329 1783
1605 6134 1846
2011 2880 1733
445 4041 2333
1066 5977 573
1189 1933 2122
303 461 1753
2488 4189 571
1086 4956 1937
2792 6054 2003
2557 2791 503
2197 4523 2198
1517 5167 2223
1371 3557 1330
506 2546 229
648 2653 2163
1402 5995 907
3214 5479 1306
379 2106 609
543 5126 7
645 1645 1520
1290 3467 717
2578 5611 747
3027 6351 1410
2095 5670 294
473 2102 295
1283 2879 1726
3253 6351 75
655 2133 2136
732 2677 909
812 4251 1346
2712 6350 1192
2491 2716 2245
1594 5462 519
2959 3676 1983
2213 5064 2282
3008 4080 559
63 3056 1989
1483 4429 478
2054 5814 225
2368 5177 1983
678 4481 791
1411 2664 2359
848 1478 204
1390 5347 300
640 5577 412
2404 2635 2060
2505 3274 1191
224 4214 1455
344 5901 2174
2272 5179 1279
1048 1709 2022
2320 4137 2262
2233 3764 1207
34 3367 1332
1676 3652 1959
1554 4560 592
725 4826 918
2603 4004 134
822 1423 743
606 3577 1325
3010 5496 1425
1328 6424 2365
299 5412 2390
228 1026 2184
1446 5933 112
130 4564 1702
687 5552 333
1076 2245 431
1796 3289 1417
3032 3468 785
778 4053 83
486 612 1390
2487 3203 331
2739 5487 374
1475 5100 1461
855 5956 1929
1737 6113 1276
512 1447 1235
510 3030 340
2784 5964 1481
1703 3696 2378
1112 5911 390
1520 4289 1597
681 4025 1869
1528 4212 1238
1384 1421 1936
11 2365 2061
507 2751 779
2754 6242 1392
1378 3090 246
2209 5135 2118
1194 4197 2033
933 2514 1031
1205 6479 751
755 5149 497
145 1213 812
540 2041 1251
2783 3686 1379
1637 4157 695
1861 3318 346
99 5735 1626
2343 5515 833
487 2955 95
2973 3177 1080
773 2788 2349
55 1000 1262
2448 5020 1159
185 2879 1181
1251 5096 1899
2682 6230 112
926 6356 2147
592 5420 1539
267 1994 1982
1940 3520 2027
503 3700 1839
2840 4508 698
743 4555 834
2883 2966 903
2632 4482 839
2145 6310 1250
154 1571 553
3099 6418 497
136 6253 236
1444 4690 963
2697 5397 2379
2356 2468 764
3152 5986 588
2624 3472 435
2528 3461 130
1612 2930 725
1676 5344 1637
71 3066 2364
2397 3863 1957
1052 1427 1318
1633 4950 1947
1580 3267 601
2619 4762 1830
1466 2433 2399
276 1990 1454
238 2393 476
2655 5930 429
2696 4984 502
2455 2993 1393
36 5790 1143
2245 4652 153
589 975 2284
790 4121 390
1990 5804 431
1628 3800 1733
1042 3906 1194
2577 5221 1756
2772 3412 1726
2466 2918 467
180 6122 1060
517 5280 1377
1245 5499 228
533 2545 245
2663 3200 2240
2301 3961 355
1095 1901 623
3011 4553 256
2387 4207 1451
1065 4587 87
1000 3897 624
655 901 1353
1724 2773 758
611 3365 1491
78 6252 111
1253 6452 2192
139 522 2037
1264 3422 1543
1043 2002 1385
2375 3385 177
270 4088 457
1761 2753 1331
60 4205 796
2105 2310 2257
1599 2045 1942
105 4576 192
2969 4303 1156
1851 4642 518
659 1392 7
13 2065 552
3232 5809 1242
3177 3649 1596
1817 4968 1428
2489 5249 1734
2076 4573 1550
20 5990 1802
1223 5978 2065
773 4072 575
447 4006 829
1097 2445 1934
939 5331 825
2998 6468 2389
2703 4658 761
2050 6157 1497
1340 1466 1112
1822 3817 939
2667 3031 364
1912 3306 69
957 5053 1754
1744 5717 2286
2989 6317 1438
1148 2148 88
1747 4924 1715
268 3497 1414
587 4972 1408
2350 5829 441
417 2206 1555
1082 3259 2126
2279 2728 1036
2619 4857 260
2569 3609 2382
1347 3917 2024
1949 4323 1888
1750 1800 320
3259 3766 1739
2855 2931 1731
204 3724 743
1045 6268 956
1953 5356 912
32 5249 2231
129 5434 1059
2609 5243 2020
1790 4028 23
602 2567 837
942 5920 2300
3261 5602 1787
2634 5976 1541
170 1054 1293
806 5401 309
834 6224 2211
1471 6244 1530
1415 1989 1589
1707 2372 1826
2992 6003 1879
670 2494 419
2721 5315 534
1768 2664 1186
638 6129 1620
1810 4525 235
328 897 399
2748 3775 502
3050 5900 162
974 1666 1751
2409 6443 1078
1858 3408 1591
1872 2197 2156
763 2148 359
1456 5438 2329
179 945 1847
1148 1582 1232
2133 6195 1962
1196 5599 710
2519 5095 2362
1869 3836 947
975 6372 756
2234 4848 2163
3098 5406 2105
2608 5003 988
1749 1960 1426
193 892 794
3177 5816 593
1929 2333 2153
1616 6198 1647
3255 3714 452
721 5394 736
2092 5877 633
1014 1528 1949
3110 4997 1121
160 4565 1323
1821 4016 2333
2843 3927 368
3247 3992 1562
3120 3804 2115
1400 3870 1078
2560 4488 1425
629 2812 983
1915 3960 2169
2711 6075 1703
1904 4862 2250
1730 2812 849
782 6204 166
1431 6515 1067
1999 2865 1805
2329 4358 2238
1317 1829 492
1637 5075 946
2981 6339 1420
489 4824 1546
415 3161 1438
260 4995 154
2941 5877 253
3197 4764 1663
2293 3890 510
1231 6055 752
287 3116 1533
3003 5752 573
623 3745 274
1527 2124 1333
2171 3556 2095
1795 2662 188
682 1460 1945
3136 5228 408
2645 4561 2160
1054 2598 369
1946 2915 1330
3119 3678 2005
643 2271 34
3144 6254 1852
1407 2215 191
2534 3491 159
2241 3632 1085
1662 2792 238
2104 4961 1117
1308 2229 1736
1687 5935 1157
2190 3184 1285
72 2771 37
75 691 1304
1710 3719 290
2438 5480 400
2752 4908 2111
712 6104 760
2657 6200 1370
2602 5269 2384
329 5165 328
521 1315 2096
3041 4522 990
11 589 1033
1840 5717 1662
2565 2914 0
1498 5752 368
1414 4953 2205
911 3836 371
232 3374 1520
2800 5659 1722
1262 6115 1933
1467 2478 1824
649 4124 828
1722 2004 96
2558 6091 1747
957 2114 1572
919 2267 2205
2759 2934 2235
32 4028 1270
1580 6214 592
661 1375 1614
2784 6165 1527
415 2869 1141
1426 5006 1666
1490 3902 1416
3046 3645 649
172 6399 1715
246 3017 1727
2910 5669 2293
1857 4551 1786
1857 3911 1440
2691 4992 413
1319 2408 2100
2137 2429 775
1607 2220 2226
102 4388 1810
3160 3752 978
3075 3143 859
1992 2705 1105
2688 4575 620
910 3394 1305
1691 5901 1544
1544 4206 1456
1954 3240 2119
2422 5623 1496
2326 5726 2143
3122 5382 656
1988 4299 1166
962 6498 963
2476 5356 531
2784 6365 913
2873 3846 204
731 2867 1077
1603 5777 527
2686 3675 1861
2554 2803 2052
844 4064 571
837 2348 2069
3143 5367 1677
729 6240 74
2985 3923 2346
1237 6020 532
262 3967 1652
2762 3172 2241
1833 6176 2181
252 376 1946
2806 4553 1541
2416 4127 1
667 1726 169
3157 3432 1908
2114 4442 1848
1051 3327 1915
1134 5138 942
1994 2904 387
283 5939 1119
463 884 2126
3175 4676 521
2719 4422 28
2504 3591 1334
706 1771 1446
2509 5096 458
940 6359 876
3063 6219 1979
2013 5994 432
73 2566 89
1316 2395 1954
1689 2974 2242
1163 5829 482
1144 4678 246
2995 6048 289
2628 5203 618
2089 5374 1510
2565 3135 90
1914 4653 434
1191 1877 527
2204 4782 1266
1438 3294 931
2415 5960 983
1729 1960 1387
1982 2162 1992
2719 3080 1052
2845 5083 340
2258 4718 915
997 5484 803
992 2004 2159
212 3681 2220
1179 2890 1836
1936 3501 698
3177 4668 2248
804 1464 2394
627 6346 522
1811 6493 542
2597 6014 235
2122 2387 205
580 2261 1347
1866 5162 1887
1540 3016 777
1752 6290 2046
2885 5602 22
1855 3081 377
1400 3668 1085
1602 2167 1494
34 6188 1757
1224 3873 1598
1788 4532 419
1120 5567 2090
529 5547 2391
1146 5605 315
272 1199 1904
3057 5064 1094
981 5664 1669
1267 5992 305
1477 5899 2048
2811 4210 1593
1490 2932 2354
1275 1301 94
2905 4943 1488
126 145 1442
2515 3563 2100
2142 4302 1721
1761 1770 1181
2565 2956 590
158 2656 1337
3034 5446 884
2048 2268 1131
1123 3609 285
2351 3167 839
1435 2025 1158
2394 2667 2266
2758 2896 1990
837 1005 1643
2404 4985 796
3036 5332 1079
2235 5149 406
2231 5355 1568
3254 4530 1521
3052 5878 2232
1492 4916 364
3111 4674 648
2003 6231 85
2566 3452 613
677 5293 1576
1731 6041 944
2222 3907 50
656 1423 2297
1821 2188 2210
1449 4886 836
1106 4018 2264
1610 5164 1520
1740 4211 797
358 753 2129
2142 2349 1242
3191 3961 1817
722 2995 1999
616 2096 2395
2307 3453 2098
1476 2873 1962
1686 6283 2161
2175 3936 916
1048 2003 1252
1560 3491 725
290 3102 428
716 1644 1056
3194 3728 1158
2798 3791 1828
3232 4735 70
1576 6238 2321
1573 2102 313
1314 6421 491
1127 4424 1354
1351 6433 823
121 3910 194
1644 3236 1506
406 3496 2152
87 347 1799
2085 6448 2046
133 3868 1832
3245 5052 2222
1742 3503 258
1411 2482 838
1709 4188 2273
2079 3969 2150
544 4032 704
2224 5867 382
1675 3390 370
1650 3757 1977
1726 3125 2288
132 340 1971
1421 3875 922
74 294 1860
369 3521 2302
1557 1894 551
826 6003 2237
2661 5400 1350
838 5493 1426
2406 5023 1433
1373 3561 1871
79 569 103
786 4494 1235
2269 6366 175
2864 4146 1162
985 2269 528
2272 2980 2293
398 5757 1227
2733 4992 819
2077 5199 1927
617 2952 369
1147 3053 1842
2674 4948 229
3214 6169 1149
3198 4398 175
1216 3260 455
2897 5518 1272
2651 5140 2233
1410 4030 723
1901 3840 504
2032 2342 2091
2402 2481 2151
1529 2212 301
933 4640 789
55 613 1108
3259 4231 467
2501 4003 789
3210 6523 2220
794 6112 1237
2113 4054 14
2491 4872 1996
1285 3749 2296
902 5401 2116
1896 3695 99
229 2254 1705
2393 4025 1868
841 4895 1942
3184 3714 638
1566 3816 1010
2424 4384 953
2768 4107 636
2791 5223 1180
372 550 933
623 2255 961
2557 4956 2231
2153 5025 799
2505 4603 807
1600 2027 1486
3239 3910 1812
1546 6106 439
2709 5528 123
1412 5761 2248
1955 3340 1589
2524 6038 532
1964 4722 2164
2195 4623 1210
2276 5169 1953
224 5556 2277
1665 5838 1021
151 1105 1127
2605 4309 870
109 2240 1344
201 3365 1009
328 5494 1978
3212 6268 492
1735 6152 2217
2201 3716 1249
2541 5202 1112
1244 3045 464
965 5056 1316
1353 3862 477
2975 3209 2204
788 2189 47
1992 2013 239
1914 5539 296
2307 3175 1202
562 2734 1076
1474 5815 69
1309 4432 2329
149 2444 1888
1693 5697 2013
1453 3405 706
464 2776 307
130 4060 53
730 3595 1501
499 5421 1130
1765 5209 1121
1288 5047 790
2766 6260 817
1051 1053 798
2387 6021 2311
941 3264 1976
3246 4439 79
892 4155 325
69 4338 2016
830 5019 184
116 4279 1620
1612 6017 1902
2379 3279 1807
224 3341 1010
2921 5089 1441
969 5534 96
2922 4123 2348
771 6162 682
1038 4837 1164
404 1254 1633
1752 2691 226
2718 4254 2191
3215 4146 438
2098 3166 2304
331 5496 1215
1864 4975 1886
604 6452 544
3060 4937 1589
2761 5703 1267
980 3093 2160
1206 4848 1217
862 5610 1364
1375 2410 1765
624 1465 1859
52 4341 40
3045 3324 1962
1890 5270 1278
3215 5061 278
2978 6019 58
3240 5718 1610
1294 2980 357
2244 2319 1568
1238 2355 903
1902 6044 1712
1583 3332 1072
89 5340 1500
2289 4342 158
1173 3103 2168
2680 2776 1462
592 1550 1952
2089 6300 418
523 6457 582
534 5277 1695
1979 6514 889
670 3642 644
1260 3343 1560
409 777 897
2301 4603 2318
702 3757 2301
1028 4023 1878
2304 4384 150
273 1011 816
2766 3454 2309
2875 3614 976
33 6104 647
292 4583 1991
326 5493 678
2549 6345 350
306 4602 1226
2779 3066 1075
2823 5772 151
2059 2431 214
969 2816 236
677 1945 691
1437 4810 866
843 3979 1566
1160 4068 1246
3068 5893 2102
2044 4200 1118
1942 2211 1482
1798 5230 729
1163 5841 1936
982 5186 1382
1084 1169 964
1171 2634 863
593 1655 1216
1172 2085 2303
2352 3131 1662
204 4461 1841
2425 4329 2235
2072 5979 486
2885 5239 631
2501 4881 869
3011 3899 835
1153 2338 544
1449 1741 567
669 1189 1182
1369 4515 1581
2548 5182 2286
2307 3883 2083
1023 3106 717
1273 2032 281
433 6177 768
2495 3568 905
1470 1510 1811
3235 5999 622
371 6123 2384
1955 3472 411
750 5378 2148
1219 5903 2142
3184 3285 1113
33 1818 323
2295 4515 475
1682 4935 1254
923 2861 1184
1787 4977 477
940 4084 1088
2217 6156 1412
2932 3879 1288
3197 4813 1061
1609 2163 1407
1357 4414 1064
1623 4163 299
2913 3161 1463
2599 4822 1265
3051 5353 1576
2138 2904 193
1565 3270 2118
2979 5368 294
2732 2858 400
1919 4017 2339
2192 2734 1789
981 2393 2246
2764 3879 961
1561 3211 2238
896 1197 1709
152 5622 1535
1601 4936 2398
907 2489 2339
2918 3780 1072
2293 3367 1835
690 5745 1951
2929 4286 953
2362 2480 2139
2596 6040 1617
932 4722 2161
2608 4804 174
1458 4428 2229
1244 1680 1742
1352 2572 198
2744 2776 277
2312 3095 1130
3159 4318 1923
1211 2297 339
2232 2862 1389
139 1478 360
713 5391 711
1805 5786 2338
1030 3264 558
2202 6067 528
2051 4970 2219
527 851 1235
2923 5432 2213
1303 1636 1799
2669 3988 1396
287 725 224
75 4735 1979
2797 5968 314
779 1023 959
2514 6406 246
374 6179 121
2128 5895 2159
464 5097 447
1394 4948 1548
2762 6008 1098
2655 3492 1956
1480 3992 2037
260 1534 1290
54 4687 405
2846 6083 1998
1419 5695 1002
1988 4125 310
3214 5355 24
2626 5420 715
547 2222 608
921 3909 367
2287 5653 181
2930 4421 701
630 3621 542
2553 5006 882
247 4482 892
723 6483 1920
440 1944 1593
30 1373 168
2250 4566 1644
1620 2422 1959
144 4419 2175
2036 3088 933
1767 5885 294
3029 3056 2240
1969 3187 752
1949 4540 697
396 4709 1184
244 5228 1320
1663 5614 710
2459 2572 669
2018 4600 1183
724 3501 215
409 2571 1284
2492 2843 1760
572 2093 1617
665 3604 557
2794 5689 193
3184 5801 2184
2618 5178 2063
858 3866 2149
2457 6087 1934
887 4388 1427
3020 5930 2251
531 2975 2044
635 2925 936
1082 5378 1325
1900 5230 479
2994 3668 542
61 3430 18
1489 3747 1708
1039 5037 1129
1333 3408 602
22 5272 1152
2227 4745 383
3229 5534 1602
1128 2543 2301
2714 3008 941
1709 2657 1357
551 2251 2173
1409 2590 912
1314 4440 2039
26 5835 159
3176 3747 1297
2183 4270 342
3213 6278 2244
1029 1067 1736
834 2783 2247
1991 2724 924
2029 5159 283
829 5345 1783
344 2328 237
633 3924 1719
1485 5663 1259
398 2691 1564
3076 3655 2222
1797 3077 1078
1024 4594 2093
1832 2217 1313
1912 4555 2216
582 4990 1474
1279 6065 172
622 5863 1552
1073 2972 668
439 1615 1570
72 3743 2233
582 5368 561
526 3073 1533
1223 1226 712
2825 5204 349
488 2814 160
2657 5963 162
174 3179 1841
1688 3089 1529
590 5833 226
2396 2430 1186
2102 3957 1767
2331 6215 2075
304 5161 1287
106 1326 2281
2570 5865 775
2654 6168 1684
515 5101 496
2896 3673 1874
1985 6042 2244
3234 4577 365
773 5948 2015
2595 3751 2161
2805 5509 169
172 3183 1567
893 5833 2171
859 4499 53
1399 5821 2206
1612 2934 2097
2607 3832 2339
785 6114 820
87 5415 1781
2105 4278 2138
2662 6477 521
838 4910 909
229 415 1254
26 5863 1782
2731 3944 7
2598 2794 826
769 3246 1697
2786 5338 1565
1988 4105 2102
2610 3762 2356
2744 2948 1047
643 5084 1065
657 5194 575
32 2884 811
2053 4033 2270
620 671 1076
426 1313 1600
2123 5000 348
3036 3251 1858
1647 6322 1689
449 5325 1383
2422 4721 1458
1631 4655 2221
1416 5578 208
2848 5695 2286
459 3311 2116
968 2897 852
1740 3427 267
2972 6131 1147
1724 5840 1428
1652 4323 1485
3036 6101 223
2160 3212 2035
1672 3763 1597
1439 3122 712
3138 3528 60
60 3767 1906
2893 6261 1609
1917 5527 155
1273 4124 2168
122 5979 1463
1818 6027 2376
3260 6186 862
1228 4904 445
973 3908 1436
233 2235 1345
2953 6062 1373
544 5227 2065
679 2929 231
756 1507 873
610 1739 2303
2042 5643 835
2407 6073 1254
531 4497 1000
1401 3932 2221
2728 5375 1263
2210 6519 846
412 6037 1370
4 835 1798
2812 4520 2271
2943 6402 2199
2805 6205 1603
3190 4698 2145
2159 2942 885
1741 4510 1758
330 3215 1569
1856 5731 1966
495 2873 1608
1237 5982 615
2831 3351 521
1664 3450 1118
75 1272 1786
579 4098 961
2156 5019 338
1039 1971 498
1025 2154 103
2939 3752 1895
896 5209 1261
1932 3485 1688
2309 3014 135
1172 3830 1294
3007 5978 524
272 5470 1953
3224 4271 788
2720 5971 86
2378 5650 403
3020 4508 1235
355 4800 2076
1738 2229 1689
1497 4208 996
2145 4161 403
1478 3827 1280
2483 4782 1906
784 2362 391
610 3804 1133
1044 4998 1432
2292 4458 1246
2928 4736 825
975 1545 50
1753 4420 490
217 452 2042
3177 3252 1380
430 2956 2099
1371 6253 1050
2250 4480 797
2268 2579 2003
1292 4264 1596
2533 3462 789
3087 5336 1623
2084 2910 658
3022 4341 739
501 6224 503
2047 4592 2388
62 1878 493
1215 3552 2118
2162 5738 1453
1876 3135 1423
1123 2319 2287
499 5247 1293
65 4839 732
564 5307 188
2033 4004 1715
2678 3266 1547
758 2176 1033
2967 4757 519
2558 6214 1233
2808 2841 250
1815 6009 1687
1490 3480 1670
884 1213 1211
517 3888 1835
1732 1969 1619
2338 6261 1689
1558 2031 2096
1686 3767 1629
2027 4009 1617
634 4607 420
1219 5761 1604
777 1743 2010
2667 3520 464
409 5420 1381
2782 5610 244
1111 5559 309
1556 4299 1706
820 2349 1498
1129 2510 1729
1368 4547 142
2750 5915 1555
2269 3471 1274
379 4418 777
3128 5139 2342
1751 2002 2025
469 5991 676
3238 3860 1221
948 3552 122
3058 4531 971
1378 2143 2312
2099 2665 1048
2126 4073 1257
1081 4053 66
82 6358 1361
2229 2524 200
2666 5890 1575
432 1597 436
2572 3740 1991
797 6341 1054
2525 5557 2040
1323 6095 1005
221 2866 606
1883 3589 465
1651 3821 1525
1537 4404 1824
2941 6294 830
534 4265 2090
1441 3413 1461
269 1473 300
2908 3149 1712
2158 2402 644
2219 2796 685
1522 2982 1781
863 5589 280
1696 4640 1571
3191 5453 1941
1325 5269 1890
1118 2142 467
1151 2347 555
419 1711 1392
3209 6388 2022
777 5164 326
2632 4795 56
1833 5874 88
1569 4626 1571
2019 3177 2290
1000 1300 860
367 4060 142
526 1616 1407
1958 5927 49
2777 4880 594
817 5180 2371
1917 5518 1379
2822 3156 1545
38 3093 186
646 5735 1955
142 2245 1356
1034 2259 1718
2271 2486 1208
276 3323 983
1961 2299 2377
1879 4468 1536
28 2438 1535
1425 3505 256
1324 4887 455
741 3686 1468
1812 3609 438
2415 5863 301
2815 5131 2214
221 5116 948
1979 2179 355
78 1055 2119
1680 4583 2281
2657 5365 1737
193 2253 192
1124 3090 556
739 3795 2206
1395 5178 2374
2507 6080 347
2923 6034 1589
3220 3482 2018
1980 2187 2153
475 1663 507
605 2823 384
221 5961 1686
2415 5008 531
415 2906 2059
417 2665 2151
1269 4627 1510
2019 4902 1772
3073 5671 1393
1511 2906 2085
1518 2831 2334
432 3829 33
3200 5157 456
1624 5671 1869
450 2743 340
1991 2065 1635
922 3047 2074
1868 2177 1184
2636 4734 2243
819 6493 689
1230 1697 551
1655 4005 299
625 3061 687
1929 4102 1611
534 3113 2013
2611 2688 414
403 4283 1370
684 3951 574
1421 5797 619
1422 1482 62
2256 4274 640
1609 2639 1488
3251 5728 1884
1051 6488 2229
1615 4091 657
1606 1817 188
1230 2061 1559
2352 3207 991
731 3434 1458
1254 5139 1559
2735 4502 917
2674 5987 1124
1040 5562 1097
1328 2370 1235
368 2332 2140
454 3215 140
2581 2947 1610
1505 5507 317
913 5423 1717
2868 5794 1438
3169 3523 1942
3115 3648 1208
736 3715 2368
426 2287 1431
816 4558 485
3194 5333 1306
2328 5577 1113
657 2789 2098
1376 1595 1039
2006 4765 1202
2966 3194 955
21 3112 1378
2854 3146 169
2231 6374 518
2450 6514 728
415 3599 199
540 1800 297
1727 5385 503
3174 4078 209
1749 2970 10
1426 2434 1768
2391 4065 351
1282 4085 317
2005 5014 1144
1868 4263 853
1590 5911 5
493 1199 1430
1847 2643 495
2143 4590 109
426 1394 1387
3246 5731 306
587 5304 124
1683 3769 1052
2347 4990 651
479 1914 525
1559 5699 1470
2450 4967 1044
758 2834 2197
3161 5836 2257
363 4499 2176
2543 4962 215
980 2264 1142
2569 5819 1405
1003 4577 920
1617 4408 2135
1199 6409 758
22 3294 492
1491 3376 1512
438 6334 131
818 3981 120
1369 3055 1933
2917 5454 1908
1627 3207 809
2760 4080 2291
2789 5829 1748
2042 3512 217
1700 3459 167
2880 5891 898
2530 6383 634
2708 4526 1157
1758 4360 1189
826 2917 3
1652 3005 649
719 5774 2162
2113 2620 456
832 5162 379
2391 4002 1934
2564 6024 917
180 419 2133
1271 5990 888
1350 6477 79
1265 3715 1613
3003 5329 892
1245 3034 1981
1519 1755 1479
732 3579 1784
2577 4152 1109
1738 1871 979
1620 3128 15
1504 3054 2380
274 5859 1581
1065 5460 1446
2603 4082 1661
2392 4849 2040
1586 1656 919
3089 5017 1720
2069 2369 1539
2151 4392 762
2294 5044 1708
601 1154 507
562 3068 588
18 4774 632
1932 6304 230
2666 2717 1125
1460 1978 1611
2105 5830 1063
2741 5626 167
2246 6478 2247
795 1161 2303
601 6299 1419
1914 6275 2328
1810 3352 1341
2592 5321 969
2060 5682 726
1644 4063 2262
848 4070 500
1426 5586 198
208 2953 884
214 908 1259
2359 4692 602
1021 4667 1694
1658 4162 858
1912 4044 444
848 1278 1403
1782 6406 1795
1018 6151 2049
2758 5799 1584
476 2143 332
330 5282 1532
2774 3316 834
345 5153 15
117 3891 2113
3112 6353 1478
3066 3131 2288
3147 6105 51
1265 1520 889
1929 3641 590
2856 4077 2269
14 2929 2367
2868 6460 290
454 4257 2079
2278 3469 1693
1745 5831 2078
1545 5980 125
107 3880 366
2415 5803 551
2034 4584 871
2052 6469 1840
2458 5812 1994
1184 5873 1455
636 2628 1801
1059 4808 2330
2951 6447 225
2699 4448 138
641 3870 2391
2776 6167 381
2637 4861 1578
423 1243 2258
3214 3572 221
105 4930 402
1936 4588 1653
3125 5023 404
1227 3133 1579
1184 3979 1003
1281 3856 2069
21 4683 1905
598 1110 651
591 5485 1552
3191 6487 1681
499 6333 1003
2854 6294 2179
2598 5900 529
106 436 2012
1821 5786 1221
2224 5343 731
2197 3654 1204
845 5199 1380
1819 5970 1210
1906 3666 820
1261 5467 1535
572 3104 401
2634 6130 2063
2959 6394 468
2867 3588 1744
329 1605 256
435 4326 1093
2976 5758 1050
3260 3305 923
2671 6385 456
526 4373 618
2547 6473 1852
438 5911 1972
310 1999 2310
1192 4243 2187
483 2775 934
2964 3150 1987
3210 6388 1938
1201 3747 760
1961 5176 132
561 4184 1485
1426 5400 137
1137 5114 1458
1360 5309 1060
1954 2945 1025
1883 6029 826
1064 3049 84
2270 6149 1908
2575 3184 1030
590 2310 2224
2406 4996 447
798 1503 1367
884 4053 2359
1299 6423 47
1483 5276 266
1840 5779 2280
166 5628 816
2636 3483 717
2197 5449 1649
221 4923 116
849 3957 586
2348 4211 2301
856 2028 2216
3104 3815 139
1898 4245 1447
1008 1355 1304
124 2892 931
2646 4435 2340
2802 5426 1712
1840 2611 2390
1886 4665 1926
1061 3212 1209
3146 4870 1567
1960 5911 590
211 2910 726
2087 3687 1508
3193 4634 504
224 5848 726
2419 3995 472
67 181 1587
3035 4436 354
2716 6196 1097
2144 3301 994
1784 6176 203
1375 4944 1215
1649 4226 345
1724 4254 1808
2102 3519 781
2197 4377 776
409 3585 1570
2850 4361 2313
709 4430 2111
3227 6077 1398
2649 4764 2299
466 4154 1702
429 3159 2081
1005 2813 675
1869 3336 995
3034 4494 1607
3164 5204 1858
892 2493 513
3057 6131 2241
841 2581 2099
1432 5174 1374
380 5510 1602
2565 6234 747
358 2824 1858
2788 3157 2186
1456 5769 820
2294 5349 336
1983 4103 476
388 1038 1741
2898 4851 1898
2708 5338 2182
1592 2851 971
3158 6498 370
104 3458 1398
554 1384 1333
1101 4415 1729
85 168 1341
1046 2187 19
2884 5941 267
1293 1343 1671
1779 5988 1367
2332 2516 1181
1365 6402 2383
639 4896 653
2110 2395 424
379 6244 1540
625 5548 1745
433 853 1568
1450 4435 2245
2223 5479 1769
882 3865 1675
2613 3518 106
71 719 1137
801 3790 2360
1018 3671 0
2891 3268 1557
1203 1882 1754
2145 3009 1470
966 1601 1977
3204 4176 1241
778 4538 1862
1096 3394 654
3062 4892 1508
1159 2163 2293
2565 5134 2227
2528 2552 117
2182 3002 2369
2682 2890 1450
2820 3296 1218
2774 4270 1394
2580 4925 1928
2042 3723 60
315 4909 11
1651 3756 839
749 2382 816
1465 6409 894
1167 5287 1189
1982 6149 76
2090 5806 477
165 2538 1866
3014 5075 2347
237 1321 1466
1425 5715 1363
2824 6031 770
1866 4718 712
1540 4328 288
1553 4796 2055
1267 6361 1446
1355 1467 29
167 1369 44
1997 2327 241
1469 5889 873
1043 1609 1220
3204 4294 1816
1528 5225 284
3172 5031 501
1419 2673 292
1610 4225 1468
203 222 2326
2689 3416 330
2504 5833 1784
2484 4180 2237
2775 5124 1965
473 913 2258
1653 1788 93
1513 4279 1437
1161 1841 727
2658 3297 244
1290 1748 1042
1400 4850 487
96 1820 1815
417 3993 220
3009 3476 452
3061 4651 2241
3253 4000 1990
2409 5471 2285
1281 6459 882
805 4029 2047
624 1479 215
507 5576 1841
184 5270 948
2584 5306 1248
328 846 274
1792 6085 1066
2077 2185 869
1608 5347 611
1087 4741 1370
1098 5787 1950
137 1899 1307
67 5209 806
2749 5885 575
2 1557 490
1437 4481 1461
1029 2853 2377
2210 3693 731
2787 6049 1152
2300 5100 257
357 4882 500
2268 6405 2138
2873 6420 998
1651 6192 1648
2106 5276 1135
454 2357 240
1841 3669 1877
62 5515 1862
2854 6321 830
424 3738 93
1863 4101 2275
2245 5457 1977
1979 4735 2178
595 3851 1559
3027 5965 986
2812 5296 2230
3027 5230 54
1254 6142 2005
3190 3617 1223
2099 4758 2186
725 2607 143
1548 3168 1795
469 3100 72
602 5927 1103
613 5724 622
2262 4940 478
1889 3274 650
3036 3663 1543
2756 6224 334
3223 3667 378
627 6219 684
595 1844 1392
941 3171 1528
2844 5245 579
3223 5009 2267
1656 5916 620
2676 5667 462
2251 4920 2248
2841 3664 2298
2107 5987 2217
2076 2232 2240
2450 4042 2308
1970 4869 1895
1975 3707 847
33 4972 1258
2770 5588 587
3152 6414 1878
3002 3185 1221
2925 3143 446
698 2255 1467
585 3497 107
3101 5252 1652
2769 4308 2231
1241 3310 1847
1869 2104 2047
2501 4693 2006
1510 5685 470
3105 4642 372
2540 4179 1397
435 3448 671
3134 3224 1242
2449 3126 727
796 6011 1514
2688 3100 949
694 6175 1712
2241 4737 1604
1881 3826 30
716 751 259
771 923 2385
191 4684 830
2516 3960 435
1239 4514 2393
1286 5335 2227
551 4422 1219
3105 4128 620
1968 3245 1253
2483 3770 522
2305 3491 1679
1124 5129 10
975 2883 1360
1536 4103 1395
2266 2383 1547
1604 4107 799
727 4277 372
1908 6230 1785
1691 2076 1525
2075 5019 259
1960 3447 243
1731 2609 727
796 6417 591
1010 2627 401
436 2526 2290
2499 3255 269
2899 5685 1348
1120 3669 2027
249 550 1689
886 2200 1279
2713 5432 854
452 4899 2008
2603 4990 189
664 2717 469
583 3304 381
2381 5983 1019
2287 4080 1759
2828 5317 986
2850 6323 83
2093 4209 1934
1255 3244 1043
176 1030 2083
1197 5777 475
3003 5464 1231
2536 6025 805
625 3199 1419
1446 4872 62
184 3265 866
1442 4408 1523
275 712 1830
492 4106 184
1153 6241 1860
2045 3429 669
840 4877 2094
2555 3770 1995
640 5922 1892
3059 4569 784
2043 3532 317
2327 6042 2114
1012 5136 1841
722 4900 1131
42 2958 1406
1231 5365 345
1885 3866 1014
467 6433 1974
3060 6444 1131
319 3008 383
4 2961 428
1693 6083 696
2779 4877 17
1691 6508 673
1504 6510 1251
377 6383 221
806 6242 919
1621 3858 449
1102 4023 815
25 5620 1955
1023 4040 2077
367 4897 125
3123 3599 90
2938 3770 1857
1948 3970 1078
3250 3929 985
1903 4080 2305
1088 4625 73
420 1874 903
1133 5187 2076
1803 3479 1187
1378 4806 1242
1728 2542 2347
3135 4351 315
161 5240 194
770 4399 150
1256 4646 10
1348 1389 2212
1416 5499 1467
1917 2239 1624
1424 1889 2253
2975 6519 2124
3067 5597 2085
1303 5631 705
2739 4131 316
454 4405 1376
1581 5277 2367
1636 2919 2235
2420 5785 2131
2225 3745 1061
553 2654 257
1816 4728 1127
2268 2921 1395
745 2202 62
2430 2702 347
1628 4543 784
1053 1198 329
2912 4208 1147
524 3943 1034
2268 2974 939
1347 2025 1353
1383 6297 1435
1212 3074 1705
150 1684 307
259 804 1138
1908 3155 951
1576 5359 1984
2206 6185 1607
1746 3210 1218
2319 2810 665
2227 4387 1024
1820 5935 1032
2714 5421 1967
2207 2890 1992
1987 4918 2113
1168 3778 618
1835 6288 2200
970 2727 1789
1833 2494 1382
992 2175 816
1577 3751 303
3186 5145 2259
1115 2044 391
941 1680 1317
1599 2315 2368
980 3697 453
2725 6040 643
1666 2235 510
2246 2413 1767
4 5372 1055
2819 4506 494
1213 4618 1354
1085 1364 989
2933 6422 874
1288 5685 303
13 6370 1060
2626 3365 921
233 2623 860
2148 5785 745
2959 6027 64
1517 6397 142
1712 3708 1920
476 5720 676
1955 3543 1620
1859 4237 2393
2259 3439 89
1793 3482 28
1426 5992 202
2862 5640 1148
2283 4454 191
2670 5389 1782
1348 5430 1604
1097 5793 330
2342 5555 2260
46 1782 2306
713 5360 1315
1902 5625 164
47 784 2002
660 2428 147
1465 2377 4
3028 4817 1757
367 836 1754
2253 5237 1454
651 3634 869
3192 4302 1849
3195 3389 132
3056 5001 133
985 3773 1879
2968 5126 2322
2853 5466 751
2777 6176 482
2550 3321 1484
2097 2389 1135
955 3161 1864
757 5822 2086
1409 2375 571
983 1607 2121
2204 2348 876
1357 3604 1013
303 3910 1017
1171 4372 1777
2837 4081 77
2793 3977 975
1580 3379 1464
468 691 1787
397 463 1842
1970 5485 2018
3045 5183 1079
40 3174 296
1208 2977 1467
1008 5681 1163
561 3794 1042
1341 6481 531
590 1740 412
1712 3115 1039
1978 2822 1751
1796 6113 309
890 1089 62
2925 6216 515
200 1374 137
2954 4322 1169
2026 6452 1312
920 1570 155
2196 4038 1046
2951 4067 499
3016 3052 524
2892 5697 453
1065 5710 628
1371 2624 619
2128 3011 788
615 5806 1930
2926 4171 1473
2403 5574 2288
297 6124 2066
1100 6112 1970
1281 2096 85
2994 6353 2053
743 881 813
1511 4064 582
2523 2958 187
1759 2965 1043
958 1854 843
3117 5115 70
1294 5368 43
1152 4320 335
2304 3235 1267
3260 6440 418
2363 4160 2151
8 2344 1275
985 4809 494
2839 3868 835
1697 5915 1255
2619 2690 1451
1237 3967 381
377 1098 516
481 5373 2338
3057 3907 1152
1404 2371 934
1329 2619 2196
2558 4345 987
3159 4170 1847
464 3601 1871
3017 4933 708
1603 3958 1372
1680 4999 1144
1219 3182 619
1675 4158 1622
1781 4338 974
1242 3845 974
1013 5793 600
2345 3956 623
1520 4583 2177
3032 3949 330
714 835 1398
3153 4681 2332
2986 5435 326
1013 6251 1651
267 3002 130
2221 6076 793
769 1157 1902
1346 2331 1039
948 1909 468
2276 4830 655
2410 2641 1658
2036 3848 1491
2902 5190 1524
436 4117 2209
620 5362 569
1172 6459 276
610 6365 1120
1258 2639 872
2873 4302 2293
2281 4908 897
2894 5420 1132
2381 4843 920
96 4354 1225
2027 3782 931
2641 5403 844
391 5006 1987
1730 3256 648
4 2616 2088
2072 2180 206
633 987 51
623 5767 1081
2069 2903 117
2422 5475 842
1947 1951 1977
2722 5112 284
2690 5517 1621
2462 3975 645
1446 4464 1683
1334 3966 254
3201 4543 2243
956 3870 198
1456 3336 1389
556 5641 386
659 3427 2362
2475 6045 925
2267 5383 2293
731 5147 596
532 5513 2014
2887 3611 742
235 5006 230
1458 3765 1626
156 2903 617
1030 4003 319
1616 4841 453
2372 2688 2238
1529 3030 2206
504 3465 1081
1778 2217 451
2276 5142 1732
1013 5301 531
298 5114 1443
1913 5891 1285
2331 3626 155
2328 2601 671
695 1171 701
1015 5035 207
2372 5130 1537
853 1490 100
2645 5477 1736
403 2656 2102
2241 4942 944
2743 5264 844
604 1802 651
2542 5716 355
3237 3467 1034
2432 5304 1686
2943 6213 2159
291 5547 376
36 3197 2275
932 5439 1133
2012 3549 595
1594 4141 448
3167 3889 2300
1914 4136 1540
1500 6195 2252
180 1696 2328
995 4429 1748
1414 1951 1784
2087 4189 887
566 3694 1744
2874 5436 2393
2388 4226 877
229 3327 52
62 3279 1635
3138 4834 1444
3226 5336 1820
2698 3921 1684
786 4270 1654
66 1879 1163
2244 4645 882
934 1866 966
1864 4132 2080
58 6051 2269
462 2492 1811
902 5719 491
2485 4988 156
3177 3737 1372
2317 2392 1716
3036 6012 723
456 6179 301
1688 4608 2187
2933 3573 2278
597 2531 855
2029 2992 902
3113 6010 1187
2266 3442 771
2530 4058 1136
676 5236 1320
2027 2087 215
2313 2679 1521
1434 3009 1083
103 3366 705
2793 5916 580
1508 2005 1034
2166 5225 1819
1954 5331 1070
2106 4857 2389
3130 5157 1003
1337 3298 212
1320 3867 2346
378 512 23
1529 3516 1269
1730 5726 1669
1428 3132 185
713 925 6
2617 2668 99
155 2222 2262
1334 6071 1224
2144 2311 2341
1760 1827 1721
1944 6044 743
1203 1943 44
1710 5840 321
149 2165 745
979 6482 981
815 6485 29
669 2861 730
2646 3581 1850
2041 2695 417
65 2555 87
552 5801 447
226 2651 1792
2204 4186 2398
1344 3128 760
3187 5877 2028
1527 2831 748
529 5749 2191
336 2700 2378
1572 3276 370
2643 6381 538
250 1606 44
3168 6443 829
1155 3724 453
3035 4834 2371
1252 6355 2139
633 2075 1068
1542 6200 1339
1465 5947 1396
2494 5928 499
2705 6479 366
2292 2838 1534
1597 3503 1534
2793 3201 647
336 4129 2024
3010 5494 995
1645 6484 1151
703 4568 522
3141 3349 671
2181 2212 1333
160 5637 2088
2971 3203 1456
2194 6323 2028
2066 2322 1033
2057 3434 1503
1794 5155 1233
2909 3698 1795
3073 3690 1098
1984 3288 2261
650 852 282
929 4862 1880
1546 5924 929
1139 1423 2284
231 714 1153
2848 6065 844
1589 4974 1993
3052 3405 1729
1364 4849 2231
2037 5201 26
1301 5275 1168
2854 5810 1254
1691 1862 2322
2165 4571 1380
2695 4470 828
1946 2971 2129
1697 6029 1381
1220 6425 1448
2639 4534 1271
2177 2860 195
1542 1728 1590
749 4509 1245
396 894 555
308 2495 2075
3160 4517 1383
3198 5232 261
2933 4920 1984
2241 5228 176
2242 5460 2379
1754 2983 576
229 1896 998
191 5674 2045
322 5221 2242
2169 4328 1502
3258 6458 2102
2126 4062 858
908 5783 967
1396 4859 1641
909 3995 1377
1634 2285 1248
864 865 1719
936 3330 2032
1557 2474 1850
1977 6467 469
944 2621 1035
882 4695 36
1383 3721 948
2185 6268 1335
2299 2864 1297
2463 5677 1490
1797 3788 1928
790 6510 2129
2899 5983 605
2713 6458 298
1573 3321 1460
809 855 555
26 4416 383
1186 6227 1381
1937 6238 89
854 4411 879
662 3866 1447
3011 5716 1756
1237 1588 1638
712 4795 199
901 1495 2272
3040 4823 1738
1330 4098 2076
3026 5074 1296
2168 3150 2373
2485 5065 732
1387 2256 858
278 4515 1
2002 5603 2304
1554 2063 269
2860 2888 1196
1993 2917 628
1533 4289 804
695 6225 2340
3214 4459 172
2704 5078 2283
2142 4435 277
1200 3060 2151
1143 4762 860
1081 3703 97
2993 6315 2395
586 3193 2263
397 4728 808
202 4868 1299
1464 2309 22
889 4334 534
2580 5181 666
3176 6176 1614
3037 5199 655
3096 3728 401
2498 5298 2000
1402 6367 218
360 5469 1500
1403 4450 1125
1 3003 1049
2430 5975 1180
3229 5813 1618
3070 3816 983
290 5666 1634
695 6143 2303
462 6413 4
1751 4312 1893
1558 6020 1955
1362 3467 2237
2202 6303 980
3003 4719 192
205 2631 1134
2039 5878 696
518 4516 191
1969 5290 1854
343 1019 2350
3084 5356 54
981 1923 197
345 2652 279
1854 4884 657
2929 5097 46
1575 3316 2333
2968 6237 430
3236 5100 680
2367 6387 2103
2962 6144 616
983 4128 582
3239 6359 609
820 3049 1018
2175 4426 79
281 5996 479
2070 6072 1274
166 2872 1718
739 4125 334
191 6434 760
2411 5726 324
1943 6437 918
2981 3891 485
1704 5169 709
2832 5833 1256
2289 3617 1831
2820 5692 1427
1133 5833 2372
422 5246 1109
1040 1681 262
131 1968 1405
2610 3408 137
2350 4745 401
2376 4670 1171
332 5337 1757
26 4261 489
1053 4304 598
1934 4409 648
94 6373 908
479 6008 467
2632 5152 421
3208 5483 85
2079 4749 1863
3125 4245 1612
760 2006 1261
1115 3516 925
2802 4755 1066
2810 3240 861
1166 4582 1088
2199 4276 611
1306 5510 878
2508 5306 448
1888 5818 701
1095 5269 2252
597 4875 1431
113 4452 499
1449 6388 2252
1502 2794 1216
2437 5055 943
2159 4349 2007
743 1763 264
3032 6473 221
819 5878 983
911 4096 1542
1913 6117 1047
2229 6069 2364
2775 2788 1639
2718 5769 985
347 5552 392
2210 3995 195
3176 3400 85
658 2065 1918
1476 4190 1964
473 5266 1957
129 2565 522
2420 5886 137
298 5114 323
2637 3765 824
1561 1792 1612
1584 2596 958
2494 5898 1738
504 2832 1921
968 4239 1387
1391 2662 378
2515 5296 939
3093 5146 36
1272 1857 6
2148 2445 1467
1326 4170 1605
1797 4308 654
494 3442 509
3247 4445 1722
1965 5407 378
1627 3395 109
1175 2434 625
1496 4196 2074
886 5048 1198
540 3964 756
495 2989 1526
1583 3550 183
241 2607 659
1700 3043 635
417 5974 1233
2854 5594 2333
626 3547 1212
2131 2241 346
3050 5368 2086
3174 6434 12
541 980 2174
693 5640 2002
2685 3698 1551
2600 6287 175
3025 6389 1986
2713 3418 261
1111 3776 2315
3115 5503 1173
714 2216 247
625 2691 1634
2637 5349 1471
1314 3634 1763
1921 3464 10
2611 6315 1798
1281 3606 896
1103 3545 1504
566 6070 1177
346 6265 1100
2833 5300 1184
3042 4001 2043
839 5544 881
3139 3828 1871
2613 3762 2186
666 1423 1905
2870 2912 1123
1543 3737 1748
3009 3720 919
345 946 1166
922 2170 599
876 1957 1631
3168 5939 834
2608 4324 1324
918 3838 1094
2207 2399 224
2669 6347 1719
875 4678 1732
1818 2002 435
1410 2391 1579
407 5685 2187
449 1047 1883
945 5163 905
3155 3233 2006
1269 6236 1007
920 2816 1720
1546 4613 2312
1376 1875 1822
2075 5611 1699
3054 5647 103
2415 5920 799
2868 4248 2089
1028 2674 910
81 2003 594
210 1534 962
2977 6000 1534
2912 3579 687
2946 3528 1879
3220 5043 793
641 5622 979
1048 5507 545
589 6043 2304
1832 4742 2398
1242 6290 2257
2822 3088 245
2407 3457 1612
1529 4949 1552
247 4877 1601
2405 5376 571
1954 3201 703
1822 2184 2167
1302 2612 662
2316 2636 1684
1003 2045 1818
1532 1594 930
446 1946 32
500 5048 1494
1321 2276 2292
2098 4914 1583
2260 2623 2096
3135 4556 801
488 6421 933
1887 2266 1837
1514 6315 1513
1902 2006 675
3228 4225 96
2515 3045 1372
219 4701 1283
1627 5158 1347
970 3929 1589
1790 2241 2107
1614 1653 1191
1597 1692 268
1594 4563 757
106 5231 1481
942 3123 353
2430 5936 1149
1989 2723 99
288 433 1047
2484 2978 80
3246 4219 81
2894 3331 1508
2377 5219 1510
826 4906 1503
2684 3530 1202
3040 3275 2133
2544 3711 1272
2379 5298 1024
2636 4464 7
1928 6411 1879
881 4991 830
1446 6415 1668
73 6368 2245
1484 4295 299
2730 4645 1869
2652 5446 1800
806 5410 868
2996 4470 157
1249 2482 1233
739 4540 803
2736 4803 2074
3092 4607 694
2599 4966 102
993 1602 1968
1926 4650 1776
1235 6199 1127
2381 5019 2121
1739 4733 751
1744 5815 1541
1053 3214 1730
2483 3228 2368
984 4055 1003
1874 4619 204
843 2919 813
1759 6091 2123
1250 4530 1137
860 3312 1192
1499 4214 1038
1509 3171 171
37 2926 792
3214 4147 1501
903 3804 984
3240 4347 337
1709 3303 1241
3148 5182 583
7 4087 26
699 3273 713
1713 4420 276
1136 3551 767
2584 4166 239
1751 5669 736
2231 4383 2205
3166 5401 1945
3102 4960 931
1860 4547 154
1260 1840 256
2309 4988 1475
2849 4201 1837
750 779 601
68 380 136
1466 1816 649
1620 2618 1074
895 3006 1348
2104 4269 266
2287 6129 1177
2425 5621 956
1352 5800 1674
41 3151 1485
1903 4755 267
2402 5956 2270
687 2096 1724
2159 6150 221
454 1696 530
2743 3300 874
460 3547 725
1831 6518 2058
2644 3635 1058
1940 3339 2036
2856 5217 1892
734 5178 2363
2997 3571 1264
438 5472 480
995 3765 850
2978 4229 1207
2906 6307 1074
2124 2335 1312
2715 3163 2005
1364 2921 526
1508 4473 350
2328 4731 2303
3127 3209 2229
522 2275 1314
2598 4103 2270
698 2457 1705
1200 2478 1712
262 3658 1348
1715 2256 365
367 5028 2215
2353 6431 1439
3010 4321 1593
1111 4525 2240
345 1344 2068
1834 5052 1872
217 5726 960
2958 4789 666
549 2720 278
1918 2640 673
2721 6217 785
2373 5414 2
42 1869 1943
1207 5376 573
2940 3226 565
1889 4663 756
3045 5881 1894
2819 5989 1687
1148 3620 1565
1071 4652 1496
2207 5404 1123
1376 3906 1918
1233 2588 831
816 4135 569
911 4768 543
158 3581 1484
1284 4226 1397
841 5145 2107
1287 5339 1999
1077 3137 1282
1490 2842 1741
2694 3595 304
49 3385 1502
244 2288 1205
3085 4474 1818
790 2206 2144
1612 6049 217
420 611 1548
3254 3324 442
3002 4563 2264
1205 6275 1265
2670 2783 1598
2411 2532 1030
1157 2318 479
3095 3148 2010
468 2482 1618
1661 1975 50
3020 5693 2184
3226 5552 734
470 1050 2241
2694 5347 1767
2074 5541 1566
1441 6008 668
1006 1217 2305
2316 6400 988
2910 5233 1179
825 3426 1310
1609 4759 1380
818 3457 1806
2277 3892 1216
151 2404 1605
1085 2637 721
2138 4205 61
2667 5207 1206
2331 5192 321
2228 4874 2248
420 4105 114
502 2801 125
1236 4774 1032
2922 3203 1290
2894 4228 1672
2090 6176 231
2024 3203 2029
558 6294 540
3145 3796 1640
1132 2214 1252
2229 6020 1958
1506 5345 1365
376 2327 1458
2381 3208 2132
2121 5112 43
1170 1928 650
1261 5721 1133
1308 6258 755
1605 4315 1927
760 5837 151
330 1306 1254
17 770 475
1394 6430 177
276 5297 541
546 2682 2004
2474 2829 1558
1823 4129 1748
1160 5632 149
2017 5807 2348
44 336 456
913 6281 338
2474 6363 2110
165 3135 216
1950 4321 1331
1634 4681 1116
1422 5062 1439
2224 6324 722
1318 1997 1286
67 1073 150
268 2010 1775
2485 3640 1732
243 6414 1203
1700 5342 1643
361 5952 231
702 3680 319
2420 6067 1870
1492 6016 1238
1539 5441 148
2655 2939 2374
798 2665 806
1156 6153 1176
703 4575 1027
620 1240 1901
3046 6394 2269
2174 4820 1440
1562 1730 74
707 5987 1173
659 6170 1860
2077 5834 1520
2171 5537 1275
1702 2385 1439
1570 3449 1680
1189 3583 1056
1916 2217 1932
2484 4922 1471
37 3340 1687
3249 3297 637
923 1386 834
1574 5603 1389
1628 3689 1283
2486 6361 1661
1963 5852 1301
2364 5326 530
2748 3144 2343
2728 4841 2388
856 1604 2189
834 861 334
425 6322 1734
1565 5186 298
2637 5417 2226
2638 5282 2007
1575 5373 2191
3121 6194 1845
1841 2246 2088
1475 3810 2219
1632 5740 1356
2634 3383 1550
3141 3543 1426
964 3704 271
1221 3832 1666
1475 3269 188
2193 5795 1614
2798 5755 1020
2504 3691 2015
2900 4885 2001
3218 6206 540
724 5772 28
257 1069 52
2543 5973 1946
542 2540 813
2096 3818 2010
2982 2999 791
2707 4583 399
1693 4672 2160
3245 6001 702
12 159 1848
339 2825 2386
286 934 2346
2905 3473 1727
888 3844 1130
2244 4077 1638
2375 4745 1002
375 6265 1742
3201 5840 41
2755 3297 845
1948 4156 614
685 1787 1641
1123 4394 1475
2106 4381 88
480 997 195
1292 5247 2135
399 964 352
3146 4487 411
413 2834 2228
2143 3557 350
1072 2610 1232
1405 3945 434
1720 3772 755
2209 4846 340
2036 5722 946
2077 4007 1642
1945 1977 726
3070 4575 187
471 6129 940
416 6045 1871
2567 3417 1546
1320 1874 2273
882 3367 1319
2758 3678 2248
806 4207 593
3180 5913 1280
757 2122 1102
1026 5645 1879
1845 2639 2286
385 1613 1141
1830 2763 472
413 2189 1669
249 1207 811
1422 3111 381
876 2148 1282
775 4495 460
2546 5831 1073
2631 3289 446
2481 5224 208
2420 4249 1011
2706 5988 1173
1175 4961 2363
1612 3620 1003
2007 5400 1509
2549 6127 270
895 5138 1893
2746 3403 1288
2945 3247 506
999 5101 780
2508 4273 807
795 3366 2019
1103 2130 1981
2594 3559 955
3032 5296 272
2007 3495 1201
2115 2620 69
3176 4510 784
308 3031 290
1257 3290 581
3132 5401 2079
3214 6306 1281
176 1307 498
2731 5847 1421
3114 3537 1655
1864 2448 176
1446 2662 465
376 3633 1342
94 5079 1383
157 6188 1048
2742 3053 793
1926 6124 1543
571 1039 2291
470 3407 959
118 5273 663
1222 5440 1113
1650 4594 502
660 6175 992
209 3142 208
1980 5371 1978
778 3408 55
1670 3000 1053
1266 6334 324
2621 6026 2258
258 3716 1739
728 2824 2278
2014 3732 297
2825 3112 1834
1622 5185 1128
124 2262 1252
2961 4952 441
920 1583 1925
3232 4933 189
1758 2125 2097
1198 1710 990
2202 4254 2296
3087 4291 800
1486 3878 1946
1661 5733 2160
2405 3028 1439
697 1141 191
1390 2840 2145
78 4416 736
1758 3129 1697
2024 2524 1807
2664 5121 253
2661 6386 1408
1338 2674 595
780 2544 1130
997 2210 588
384 4474 2378
2767 3042 1277
1554 6296 1884
1409 6518 11
1239 4492 969
1269 4071 484
2172 3472 1066
1024 1277 157
3013 4312 1110
3117 5673 2119
1896 6517 2392
771 4923 943
2938 3282 2131
1020 5423 174
396 6499 1234
2513 4953 46
1941 4354 2039
1844 5561 1572
1021 6070 1557
3169 3411 2398
2165 5463 390
1071 5138 610
3084 4688 250
30 714 476
2429 5275 1738
2169 3622 1396
635 5401 1150
192 1422 2348
3173 3454 1711
1431 4725 2371
2013 6340 572
96 1328 2370
83 4350 1845
1620 4752 345
430 3053 1567
1128 5786 2354
2743 5028 2301
657 754 337
464 5651 2019
622 2726 582
3016 4059 2345
2886 5208 1692
157 5877 1939
1731 4607 2194
2824 5371 1383
2231 5718 2319
2312 4860 2367
1686 4661 418
2829 6041 1495
1982 4874 708
127 5887 2398
2678 6274 1686
1658 1777 931
221 3368 809
1840 3929 493
2968 6278 783
1102 2946 701
1887 5524 1082
407 3265 2297
2989 3025 2086
2096 2325 474
1767 5920 421
2768 4114 960
1645 5895 1407
3003 4026 1820
2809 4910 1672
1586 5317 1233
616 5081 1708
882 2973 809
452 2778 404
1928 4269 1089
597 2449 92
1627 2688 905
2343 2530 2075
162 2362 1778
2472 2731 2225
3114 5856 2118
3242 4588 387
1862 4762 1484
118 2796 1327
2643 2966 2018
155 2382 1122
3133 5728 1606
16 2121 2342
733 2857 1569
2405 4977 1823
3097 4079 1523
77 256 904
2831 3480 773
1717 6053 1620
2567 5394 1041
3036 4908 366
837 4063 1942
839 4501 1579
3254 4084 908
1251 5150 1791
1613 6387 403
322 947 2338
3097 5603 1910
1656 3007 1668
2972 4644 1487
99 3504 623
2267 4894 1721
869 4837 301
2815 5073 978
1193 4905 1487
2596 4763 1684
2213 3215 1572
577 5946 853
404 4836 394
426 817 3
1572 3358 640
355 2421 2007
777 977 1059
379 5556 922
1640 3960 52
2580 6505 1558
1450 4024 2166
2825 5900 1236
1157 1434 236
1211 4372 2297
2236 2437 182
1368 6123 794
2654 4143 1739
2941 3166 1210
2031 6193 2256
1377 1489 1763
1248 2833 1385
2338 5574 1117
3030 5380 1364
2884 4942 1076
3096 6252 1733
2343 3313 1531
960 1849 628
2694 2795 1044
819 5218 568
3197 3303 533
1652 4723 132
2765 4827 1108
2240 5140 976
2838 6506 580
1115 2165 898
1918 5378 745
2195 3052 1562
1764 4971 1794
2652 3638 332
1684 3036 1745
2375 4628 685
1308 1353 1447
146 2731 861
816 6210 1098
1090 3545 268
1260 5819 1615
2715 5309 1808
284 3051 978
2918 4663 1543
517 3157 1402
1967 2855 679
1085 5392 1930
2838 4593 761
1735 4708 1412
2782 3294 737
2427 2472 2252
74 5758 1928
1691 4690 1012
2490 4792 136
1977 5640 466
744 2411 2360
2329 4851 907
1318 4923 1454
2622 2977 2348
623 6325 1088
375 2678 1054
1748 3551 311
2389 4090 1609
283 4454 586
2650 4244 87
1841 4779 1381
2444 2719 1199
2794 6095 1790
219 1814 594
209 2428 1955
935 3489 1111
1479 4781 1371
3253 4154 2035
29 6187 856
373 1844 1857
2332 6328 87
1150 6312 1302
1209 5339 845
1624 1883 132
2179 5886 2159
2454 5547 1731
454 5274 178
2601 3703 1142
2505 5330 6
177 332 192
2658 6473 1427
496 1093 1063
427 3718 2074
166 4731 1976
2028 2418 1380
2771 3510 882
702 1664 540
726 2728 695
2216 3983 1396
1737 1909 1803
475 2691 1008
816 6507 2065
1974 3488 780
3048 3493 334
3023 3854 1255
1216 4005 2225
1885 4541 1391
902 963 1230
2824 3777 541
2827 5313 2112
588 5239 690
1149 3663 1056
186 1521 47
1181 1791 949
2640 5895 1380
698 6187 822
1220 2756 2184
2091 2404 1908
40 2515 935
1921 4116 1913
3030 3811 2308
1585 3554 1397
1892 2885 1585
2962 5826 2069
2246 5325 1408
2252 2359 524
3129 5264 445
337 6261 1432
2218 3739 1105
1214 4544 508
1532 4903 167
567 5674 74
918 4087 894
1253 1960 1260
1778 4688 445
1376 3269 749
267 5118 675
1010 3806 1060
1578 3343 1028
800 4411 2277
2184 2273 1240
899 6464 1765
836 3788 1837
1896 6180 881
3000 4468 1255
2749 4251 1854
2323 6292 1151
1707 2351 751
1405 5964 1814
1403 2561 1271
2323 5795 1247
2551 4099 1685
1236 2146 1609
788 1492 1258
1240 3145 996
3205 4508 74
1898 3645 725
2473 3245 741
2797 5030 2151
2002 6129 738
997 2549 2363
669 1197 595
1335 1471 740
1706 5540 1166
2329 5161 1884
2350 4275 1672
136 3777 589
932 1728 536
1021 3349 572
709 4612 993
140 4314 502
1150 3707 733
1710 4408 2099
3261 4844 1963
2949 6019 758
1418 5514 1927
89 6120 2160
1946 3363 509
2845 5019 415
1280 1593 653
1444 4734 1282
89 5678 1609
2391 2896 2289
1785 4792 1909
999 5008 90
3204 3458 2298
3231 5436 438
3058 3676 1258
3102 6473 54
469 2778 1134
238 3538 666
2048 3690 1910
1611 2750 671
424 5597 2044
1914 3209 1486
1820 4321 1506
2775 4152 1299
593 5416 201
3184 4947 773
2061 5826 1857
2765 5533 1409
856 1350 929
565 3397 1768
1474 5174 368
1019 4099 2319
70 3968 1932
833 1001 859
349 5201 2016
82 1776 166
1024 1798 1673
1446 2915 1478
1602 4117 1201
3116 5895 984
1853 2821 1459
3210 3790 121
2684 3743 2370
374 6049 1490
369 4832 777
3168 6409 367
2170 5784 773
560 4805 1953
1218 3905 1261
795 3268 1462
2969 3504 108
302 805 1602
1688 2354 2046
1526 2718 1505
2132 6248 840
1385 5599 1414
2194 4861 463
186 2949 800
2685 3820 1737
312 5440 1187
752 2623 227
3230 5678 2261
2662 4774 1808
1603 3702 358
33 5106 309
1588 5681 687
854 3031 1406
1690 3090 927
3055 3916 1371
942 3755 942
1107 1889 174
548 5524 1416
1840 3322 1572
1256 2087 1500
799 3937 2329
1553 4558 1995
1794 4911 231
1171 2545 108
1434 2808 703
3023 4769 1041
1488 3093 446
32 4600 1266
3040 4666 1359
1547 3905 1730
2498 5021 773
630 1685 1568
2922 4347 799
975 1111 1817
2456 3636 885
3242 5244 1229
3072 4331 804
1657 4822 1170
2460 6351 707
1238 5685 2188
1701 2420 377
3063 5143 715
2125 5552 1398
1690 5075 902
426 3801 1702
2546 3625 1646
832 948 237
1695 5153 1236
3074 5855 263
1362 3700 998
732 2870 1089
2778 3720 1010
887 3470 208
25 2907 573
1426 5659 1571
671 1324 1690
2949 3669 1229
432 5791 535
900 3514 909
2712 3319 919
388 6091 534
1200 4866 1633
2031 6155 1492
1858 6447 595
377 2956 448
1492 5195 421
3006 5471 1749
1374 4633 597
1358 2169 2022
772 4270 1914
729 4039 2020
942 1553 284
1201 6352 2096
3170 5102 1439
1919 4711 974
1877 4474 623
160 2744 886
2086 3843 51
525 3767 1949
1377 5711 2389
458 3195 424
1149 1279 619
701 3200 1091
1588 4803 1796
1421 5937 1376
2470 3005 526
3135 4441 1988
2963 3860 2347
2504 4153 1072
2515 3192 1704
2895 3961 398
2176 6357 2005
611 3116 1247
1850 5919 1101
258 2151 984
1387 5765 1657
2878 6168 2041
622 3557 1904
259 2100 1190
2159 6187 1820
3042 5776 497
1995 2405 860
2151 5846 2254
30 3839 1815
1232 1875 1021
769 2983 915
1682 5756 2298
1945 5426 1890
2650 3437 8
2739 2933 1837
829 6095 797
1721 3134 1208
2635 2956 1021
1659 3659 1596
1205 3190 2374
1602 5732 1567
1837 3685 755
2531 4374 309
2467 5345 2347
3003 5866 1770
2088 2584 1894
291 3860 1636
1657 2165 1557
1658 4615 1664
489 2126 1793
1010 2339 627
1627 1970 2358
1374 3551 1982
1686 2382 927
1921 2538 310
1900 3942 1887
2732 3033 1229
181 5583 180
2872 4506 2329
2366 6148 632
1493 2304 823
703 1100 2299
1574 6317 15
1477 3385 1481
2810 3071 1277
2210 4137 1059
448 5831 178
3031 4840 2090
1975 5673 1306
2500 4548 115
2134 3478 1242
923 1188 1070
1155 3861 1470
353 6316 2310
1356 3167 609
2402 6289 659
1770 3186 1688
270 2012 1552
1151 5309 354
2057 3671 697
141 1796 2306
2628 3932 1211
738 810 1614
662 3630 658
717 5246 2236
2306 6249 1271
705 4257 182
1895 4435 685
2352 4798 729
496 4813 66
2534 4476 1515
210 5066 2363
2551 3452 2109
2093 5449 1300
3208 5767 1651
374 6231 2138
593 1691 1589
1578 5278 1845
458 5731 1675
2346 4570 1078
142 5159 428
1842 5041 87
1487 2843 2305
1820 2737 2353
2549 4189 2066
1360 5763 2133
472 5984 684
2335 4022 125
2456 4757 1298
1322 5223 293
3190 4619 1246
2068 2667 1212
3121 3512 412
2788 5669 1701
1120 5367 1122
1901 2907 1776
532 5622 1227
2526 3966 858
838 2311 1170
1473 5536 734
863 3283 2008
2375 3956 1742
684 2747 488
978 5967 2282
3149 5289 580
1298 4690 699
1402 5191 2139
1410 4138 1277
1098 2085 439
31 5532 1970
1773 6392 96
2997 6168 1282
1336 4275 709
213 3081 512
898 3192 1787
893 1678 603
2412 2623 2236
1560 2492 2160
2358 5535 657
1565 4453 1196
1494 1921 2166
583 1783 870
1583 5092 1980
1053 1177 738
449 1469 933
2597 3335 1740
379 2341 1374
2207 4120 1807
3148 3780 606
470 2032 191
1964 3543 78
314 6466 1559
2062 5821 1408
1916 2479 1202
423 4371 1269
44 1878 1948
1198 2344 2167
655 1004 1887
1460 3119 1322
1376 4484 932
2094 3721 1837
332 5344 2246
1801 4505 1879
423 1362 656
1544 2078 1223
2962 4237 1778
2445 6519 976
2332 5026 355
721 4672 1469
2096 5038 2289
3117 6391 650
2734 4809 2217
725 2732 155
1052 1919 1528
1074 5536 1758
1967 4015 211
375 663 141
1064 3752 1634
1835 5006 1194
205 2315 902
1947 3902 1280
2317 4219 29
1311 2637 1047
1697 2752 1881
301 2881 2392
585 2755 610
2370 4136 1485
2674 5569 1337
2872 5076 246
1666 4740 1408
2533 5927 2365
1698 4834 1703
2436 3172 1029
2288 5451 1263
104 878 2353
2206 3132 1623
1697 1972 54
1816 5948 1053
1180 4918 1204
2468 4171 438
3115 5135 577
2252 5131 1602
1957 5880 1406
1601 2508 521
468 2322 1572
439 5002 1849
327 1753 820
827 4595 2146
645 4834 2305
2824 3119 1590
263 6516 2393
1274 5968 251
597 5396 1207
1872 3034 384
1264 3154 228
1705 4663 1355
1705 3279 2067
1127 3546 2000
1745 4820 1160
734 2451 574
20 5683 1513
1865 4133 2074
1728 4301 1573
1162 2214 1294
1912 4804 608
803 6163 1475
243 5124 2106
2033 3791 2254
2589 6147 2048
1961 2457 1237
1763 5175 401
1510 5657 1322
3207 6121 1872
1989 5846 454
2551 4661 1659
943 4779 1786
2463 3108 1425
2967 4343 457
660 1880 200
2567 2619 582
2472 5414 1961
1448 6340 98
2110 4976 1426
1419 5402 1157
268 6133 239
1082 4466 2316
524 1700 650
3061 4989 2369
2440 6464 1156
275 1187 1146
128 3946 2105
1385 6084 2092
3115 4683 1793
82 4914 990
2924 5031 828
1306 4020 2194
1395 5973 2229
90 6299 1509
2156 6498 2217
84 3794 469
2432 5539 1631
2412 6114 353
2054 2605 1129
294 3157 1572
635 5635 1713
1628 3452 1072
171 4999 750
2077 5530 2253
1347 5899 1883
1222 5008 55
1183 5281 522
1069 4499 1188
2311 4841 589
586 2686 1963
3233 3868 529
2893 5426 1600
1595 4590 1797
1576 6441 953
19 2285 1959
545 975 2112
3010 6297 1281
407 6482 2309
468 2938 1265
2028 4784 635
2202 2401 1127
567 5262 1428
2854 4673 738
2870 5044 2109
1981 4695 1325
864 5915 2276
352 3602 640
1436 2834 1043
1770 4411 220
465 552 1522
2240 5700 418
2297 6098 1309
239 723 2127
180 1516 1839
9 6491 1688
1711 5911 1120
2035 3314 1448
31 4726 1983
221 4836 1286
132 5434 1616
2124 6217 1774
2665 2728 2154
321 1119 1921
365 2244 1180
1131 2933 1494
234 1910 739
3246 3828 939
1106 2590 978
715 6411 1303
3069 3878 683
1570 3524 1498
2787 5237 2351
1766 3126 42
864 2988 1158
373 1413 2013
447 2176 1881
951 1555 276
1711 5202 1443
3128 4749 1527
1549 6092 1647
3114 5030 296
602 2680 538
1888 5587 1344
2940 5476 1648
72 5845 1705
760 1912 602
2565 4532 104
980 1768 344
3110 3754 1816
3038 4213 1618
2246 4811 771
1962 4398 1649
1852 6040 1908
2091 3650 2159
731 4850 922
100 444 1191
1561 3939 1558
1176 5239 1207
1718 2786 1746
2316 6088 609
3056 5953 1298
2678 3484 201
2579 4292 73
2244 5005 1650
3069 3988 1812
2604 6266 1571
770 6214 1542
2535 4129 2335
1458 5345 1471
1383 1624 917
1876 5240 606
1127 2290 417
1045 3013 1526
2373 2888 1818
279 352 227
1860 2327 638
2375 6174 973
425 4812 2341
2085 2732 1771
1820 2043 867
551 5459 2141
138 6449 2274
1385 5461 1317
196 944 1158
1363 2813 1968
2023 3262 520
319 4917 438
1493 5592 2211
224 2976 1504
1702 3951 846
842 3919 369
47 407 1232
769 6101 1721
826 2054 2358
1680 5000 500
2010 3396 834
2908 5680 1130
1930 2054 2380
2484 4659 1170
2172 5493 10
2259 2377 1609
1820 2557 2008
1561 6443 309
260 6044 461
2685 5579 2170
1218 4552 928
3060 5059 86
2610 2687 1448
1878 3973 884
2575 2807 2208
626 966 1363
584 3138 1855
361 2609 118
2195 6303 909
2694 3151 1356
74 5851 1401
1358 5453 476
1120 3336 677
1379 4817 1465
1945 6218 775
3246 3681 443
2895 3825 771
1734 1810 1406
3255 5777 1816
2637 6338 1521
55 4208 947
1538 3933 515
2972 5868 2232
340 2154 547
570 6317 609
428 5790 919
1801 3449 2108
918 4950 1401
3098 4514 2140
1180 1542 1748
2585 4755 382
1198 2852 213
1451 5452 435
2869 6368 1485
2935 3188 909
3040 4408 1484
199 1663 212
1762 6461 220
303 5213 943
543 4172 1585
201 1911 2274
758 2660 2297
2841 4084 2350
1484 2319 2350
2974 4336 2093
1044 2311 1635
2501 5058 654
384 1023 2297
2911 4466 1564
2169 4961 1847
2999 4417 2249
2434 5020 1774
86 5328 994
1717 2564 592
2373 4848 869
2499 5727 995
2400 2523 751
532 2650 1444
1828 2686 809
1485 3383 31
196 5921 483
1722 5578 1011
895 6136 824
867 1134 1035
2252 2986 2383
1200 4636 2246
335 434 876
1470 2873 200
2372 3519 268
106 5642 489
2815 3160 1812
3107 4830 1991
59 6008 544
2459 4756 2018
1963 3783 751
393 690 273
1692 3398 781
3240 4305 357
399 5917 851
1000 1912 273
2783 5470 988
2311 6255 853
3199 5667 342
778 6339 351
262 394 1978
651 2327 2325
139 3711 1238
3070 4315 1322
730 1320 870
2174 3682 1452
1592 3074 1160
1757 6222 990
1244 4214 1777
429 847 1507
1487 6036 1216
1908 3148 441
1827 3577 88
1430 3971 1254
585 4193 2277
480 6096 2074
2903 5266 381
371 2857 838
983 3834 2194
411 6167 1908
2097 5092 293
1502 2291 142
1242 5853 99
1390 4083 429
846 1194 172
3153 5113 723
961 5122 224
3129 3909 300
2287 2898 2299
1421 4429 1673
3075 3745 1743
590 2138 658
2122 3529 2094
351 3808 649
1537 3202 358
1730 4305 972
1405 2092 1981
24 3116 2025
2115 2781 557
1795 5716 1567
3223 5693 1764
2147 3032 1352
2269 5513 534
2289 6439 1541
1524 1529 1708
703 4557 1189
1304 3966 2246
945 5184 1058
1224 4273 1322
1236 2259 260
2198 4093 1849
1429 1788 812
137 920 536
2237 3283 2084
619 4090 900
1303 2874 1671
2245 3611 693
946 4376 905
2892 4605 264
2183 6400 2004
732 4684 2077
1283 5562 851
1488 2118 1430
145 1493 325
3022 4342 1916
95 3726 476
1928 4462 228
2044 5949 1725
1203 3791 307
864 3696 263
439 4366 1396
2256 3250 1003
1662 1766 1410
1652 6377 2055
1112 3091 803
280 5557 336
2000 5728 180
3208 4426 903
1928 4181 2015
423 3423 352
1787 3596 2287
42 4957 860
2888 6021 2171
831 1689 209
1464 1977 2173
935 2008 571
425 5433 122
492 2380 1602
3140 3405 76
826 1203 367
3251 5548 703
1803 1974 1967
2431 6473 1847
19 1664 1612
2315 3122 340
1574 5684 2104
907 1254 462
52 1838 2
1090 2675 1789
1340 2522 652
1324 1614 1271
360 1004 2227
346 1221 1903
1907 4101 1423
3149 3806 861
1519 6113 643
1429 5092 589
1626 6231 2303
1383 2917 318
2973 4850 256
1721 5574 2203
1190 5421 371
1312 2660 513
836 6101 164
2314 4714 1166
2613 3820 699
1923 2761 1347
1231 3468 2366
1061 4379 2051
367 808 550
865 3983 365
2693 5531 391
3047 4578 1933
1025 5881 1494
1079 1089 84
2387 6338 2126
2699 6461 121
50 191 2306
3015 3972 536
1929 2240 1813
1344 6042 276
649 4499 1145
944 2615 1624
1309 3783 1812
423 5048 1937
2625 4169 980
714 6278 1297
3063 3743 2388
515 3290 656
1761 2809 1524
1281 2938 1114
853 6219 165
894 4769 814
2678 4791 1185
1561 4668 21
647 2520 253
1725 1849 1176
2565 3916 100
441 4112 1738
2999 6516 1983
2752 5517 1527
2291 2592 950
636 2220 1129
789 1941 2168
3127 6220 1375
1179 4540 1686
3033 5501 1605
2665 3194 1789
2906 4752 1584
2459 3347 241
1155 3899 917
1310 3785 1850
3127 3552 863
1747 4860 1824
529 2197 1049
172 732 838
1056 2623 1135
440 1154 1523
2589 4201 149
2897 5201 155
2951 4905 207
2606 2971 561
1545 2568 1543
2244 2682 489
2521 3321 952
2394 3059 1944
2813 2937 59
2300 3545 1195
2976 4843 1752
439 4357 957
345 1025 1175
2831 5569 872
1500 4248 1620
3128 6340 1499
3044 5389 2003
1620 5890 2348
722 2348 622
2149 5974 1573
2949 3601 2293
2846 4225 2228
3242 5388 38
1401 4815 1735
2289 3986 1673
1123 5274 264
1622 5061 1885
842 4490 2149
217 624 51
1475 6490 1914
1386 5863 1938
2882 6458 2243
139 2699 1626
2985 3972 2050
201 3889 28
2031 4869 2000
2388 3889 1771
64 4134 1664
2186 6397 1901
2303 4412 118
979 5413 400
324 5854 599
3122 5499 1244
2328 3173 1368
2227 3716 531
1040 1533 1870
2131 6294 2177
673 6443 321
1613 3238 633
1961 2523 238
543 2996 1663
193 3219 940
961 4415 78
2369 3700 893
1330 4219 1527
867 3449 1379
685 5596 2290
1538 3687 21
962 2644 2333
1477 3558 2075
2814 3027 353
2969 5748 60
1095 5239 2072
417 5636 1802
316 3799 2011
1476 5876 833
2015 2274 19
1410 2808 330
1497 2982 1348
2025 2158 1568
2222 3092 680
152 5344 295
2615 5581 2211
342 2278 1727
3203 5984 1591
812 4588 1523
1243 4639 1066
2206 5653 2323
1063 4904 2255
2544 6319 1430
1195 2344 521
786 3238 2186
325 3046 697
39 6340 612
1472 4948 796
1994 6506 253
1339 6292 1569
356 2601 2327
2924 3221 353
1213 2413 2125
2896 6318 1967
2207 4726 2384
1411 4254 341
2859 3401 1206
2418 6197 41
1221 1846 1162
3063 4218 1755
2234 3399 956
1648 4604 2312
2876 5768 1421
206 1344 46
3073 4158 1576
1080 5885 2398
1508 5622 304
1365 4155 1269
1810 2914 1720
937 4492 1403
1010 5960 1254
1325 6270 1582
2162 4656 796
2056 6430 2340
1621 4447 1189
458 6094 946
1841 6399 203
677 6430 1682
2733 4101 114
3052 3849 2111
2336 4392 246
1723 1789 129
2381 5587 1543
2245 3114 2292
676 4654 381
2706 3477 2359
1613 4060 184
1211 4486 1133
1026 3434 216
922 1295 222
1389 3442 881
2914 3468 1561
877 5462 1747
2354 5788 2238
2364 4066 1735
2015 2035 781
225 1103 79
2892 5645 320
2566 4987 1432
2150 5800 954
2042 4543 734
1120 2799 789
610 6383 1538
537 2044 874
316 762 1257
353 4518 1956
1665 4530 1668
3127 6320 2365
1879 5416 2359
1139 4784 1577
1106 1965 2239
3182 4552 365
1132 3403 1276
2214 4229 251
1996 4032 170
1454 1792 1455
2094 6329 1442
3109 6324 96
1326 1374 1555
137 5087 24
2754 2787 2136
2132 5583 41
3055 4549 2198
1297 3755 515
62 3128 2120
3134 3524 1891
1725 2658 244
1245 3931 341
3137 5680 139
2951 4926 2010
1234 2339 2327
1777 5500 927
189 5676 1103
2780 6392 1418
3070 4815 1631
1136 3457 449
2800 3523 1667
972 2408 1048
1766 5287 583
322 3014 347
1966 2739 795
2960 5894 2248
2144 4870 773
206 5493 1367
1631 3927 109
559 3679 495
1339 4935 262
475 5521 1613
2525 4535 626
1813 2033 927
2285 3799 263
2215 3326 1311
1994 5336 769
584 1596 84
815 5831 1015
1401 1799 2146
1677 3174 2007
2693 3803 453
669 6037 95
2242 2719 2130
2211 3045 1026
1171 1940 68
1511 3889 370
344 6145 1255
2974 5999 18
2391 5366 2016
538 4459 745
3141 4705 2000
361 2298 411
469 6102 948
2213 6139 644
303 6186 2366
3055 5952 2017
2658 5363 715
170 1618 192
433 1174 1806
3143 5027 1682
707 1376 472
937 1878 1830
2342 4179 1429
1604 3515 2384
2386 5147 219
1666 6156 1500
172 451 691
3067 4043 1013
2233 5562 2380
1842 5671 1923
3186 5653 2387
269 1915 1314
2198 5999 2381
1248 4013 2259
2735 4642 2049
1642 4991 1160
1497 2087 407
2798 5954 1157
692 5422 2123
2576 3693 388
1434 2152 1811
292 4566 1125
1443 1655 84
1938 4427 2203
1436 4845 633
2744 4410 1843
259 2156 1400
2634 6198 2225
960 1479 1857
2834 4773 15
73 1845 897
2607 3753 1026
2099 5607 1994
2179 4737 813
2634 5014 243
1576 4600 1586
3011 5887 2335
2316 3681 1455
2095 3848 1024
3141 5492 2017
3206 4417 1922
1993 5108 363
2280 2840 227
1129 5918 1162
2780 6464 224
533 3343 1870
759 2295 700
1874 3013 245
1942 5024 487
1453 4106 2348
118 3267 1263
944 3131 1854
3201 3474 1765
1963 2729 1929
320 5279 1612
1888 4744 1006
1740 4576 1470
269 2284 485
2296 5255 2204
1027 3901 2314
1934 2371 1257
2417 5996 86
1418 2977 1729
1285 2228 309
122 3358 269
1647 6306 591
3075 6125 276
2186 6129 826
460 4148 1830
1315 5213 1728
223 4909 825
1592 1898 587
3226 4109 188
3241 4239 1891
2997 5633 1621
1428 5151 1240
2283 6050 639
2571 6267 525
409 2240 694
359 4422 502
1921 4546 533
752 1253 1727
3026 3333 43
1801 4810 939
2562 3537 878
1386 2472 2027
394 1798 1030
1848 5944 686
1237 3091 1895
645 5079 1254
906 4939 2103
1160 2793 246
3046 5678 1735
200 2476 1610
2926 4153 1089
102 5529 728
1755 2069 1346
2356 5087 2345
745 4333 604
2670 5211 235
2771 4792 2284
1203 5044 85
1605 6517 368
1508 1580 1173
316 2269 1163
1970 5618 280
2762 4800 1974
1271 4902 283
2063 4842 52
1253 4324 761
3050 5156 1935
2909 3494 708
2569 4191 1838
2082 6394 12
1128 4061 554
99 239 267
761 3116 664
1275 3658 1143
1478 4693 1763
3255 3317 1248
2756 5436 1366
3220 3855 173
1255 1806 1251
1705 3798 211
2646 2748 788
2518 5717 1688
2198 3395 177
2486 4491 2121
2869 6100 1745
1261 4007 17
1664 2846 312
3130 3262 137
105 4545 1998
574 4591 1367
1124 1739 1295
2820 5207 157
3079 6520 1656
1342 5258 153
302 2625 142
3170 4068 151
435 1099 770
2314 4164 1321
3126 5765 712
3024 4802 632
1665 3160 2314
2473 6301 1141
1619 6196 627
1816 6425 911
1136 4543 301
714 4164 2136
1412 2760 233
685 4970 506
1220 1288 298
1252 4673 328
1131 1785 2033
919 6342 1385
247 5936 1457
957 6314 2072
1926 3275 916
689 5712 181
855 3985 1132
1967 2276 927
2414 2878 836
1500 2409 1235
1039 2748 1940
3038 5233 385
2309 5706 19
587 1518 105
1404 3245 1373
1717 3966 363
1414 2799 643
1659 3267 2055
1008 2796 991
281 6196 6
3033 6367 2342
496 6163 1892
3243 4750 1630
137 5306 1495
1132 6475 1605
112 307 2400
3178 5768 1212
2318 5928 561
1955 3093 151
2399 5891 1913
1080 4422 221
472 4708 1659
2873 3163 2326
1300 1923 180
2641 3238 1001
3037 5272 2000
2632 4536 707
2182 2350 776
1631 3012 2125
1669 5317 1734
2354 3586 1977
3059 6110 1344
832 3528 2090
459 5870 1422
979 2017 1236
1818 3701 2379
294 486 1208
1009 4977 288
506 2346 2291
213 2983 1890
2528 5412 275
1986 6063 1548
2526 5491 1439
2007 4261 870
513 5271 1187
940 5398 1908
3002 3036 1759
2796 2871 1299
587 1364 2108
395 3268 414
3194 5973 216
527 2444 350
2402 2827 2106
509 3457 1064
2453 4080 1480
389 2090 1926
1668 4206 1385
1568 4790 313
3160 5861 1328
3020 3350 538
2307 4600 1934
2528 3747 1842
2203 4092 2213
3134 6164 1703
1455 2932 2242
2969 5942 674
1609 6423 624
1740 4124 2279
2344 3167 2094
1268 1493 2338
1437 2757 1052
2064 6147 2098
1798 2423 96
1842 3363 365
1888 6241 427
2218 4219 998
1602 3716 1152
1228 3169 2
3227 4308 46
2364 4206 1995
1663 3615 170
1907 2701 2375
265 1132 1915
2009 5215 1863
2321 2711 922
9 778 1252
82 4483 1005
168 5290 2305
1803 4747 1154
1216 4732 148
1555 5344 1183
3118 6234 1272
2058 5271 1568
2420 3949 1755
406 3438 511
3233 5763 122
2825 4406 229
1545 1880 322
390 5678 333
2204 3888 1619
1858 6186 1468
151 6138 2285
2513 3650 319
147 4712 1032
3128 4633 1827
2328 3172 1449
2848 4833 1852
1579 2214 979
1096 1108 2174
3068 3763 1386
1554 5887 1000
1876 5523 1712
385 2299 279
710 6152 251
226 1991 781
3236 3784 187
795 6151 951
1633 3880 2301
1202 5006 2377
706 1220 1224
428 2071 1848
1835 4846 1533
1038 5165 712
802 3706 2003
2158 3109 2021
325 3990 2122
1480 2948 492
1856 4231 1071
2017 3625 1513
610 1551 320
3227 4380 1428
2245 2783 2377
292 6170 1096
727 4322 1620
1157 2889 2041
3013 6435 541
1481 5991 2006
2843 6076 2340
2914 3214 429
59 2218 383
298 5779 1718
2853 5962 1446
1453 4724 789
2864 5799 961
2264 3008 1431
2786 4684 1401
224 420 1785
204 1210 475
997 3746 2208
1669 6357 99
151 4987 1004
3244 3958 1871
2564 2920 2155
233 5821 144
2286 6295 1093
3011 5270 1145
1772 3926 1232
1122 3620 1291
1093 5425 1574
828 5781 468
919 1082 1846
2445 5176 733
1563 4297 512
151 255 702
2858 3480 1283
2799 4821 624
2775 3958 2116
2518 2556 313
2495 3248 225
1288 2459 274
1671 5761 85
2733 6274 1149
2719 6126 527
603 868 1198
2060 4025 1238
1274 4400 1151
3042 3269 2119
665 5895 177
2067 2702 16
853 3213 36
3066 6446 536
3103 4004 2268
1388 4992 1482
1647 2090 1431
2588 3581 1936
2075 4321 790
489 5643 612
69 4066 1374
2510 4616 56
313 2571 1290
2339 2969 143
212 2583 12
2672 4300 454
1430 5230 2349
162 3542 1952
2546 6418 2280
958 4788 425
3205 3938 938
2142 3474 525
2225 2781 2098
332 335 1710
510 3310 225
2475 4871 913
621 5732 953
811 1354 209
336 1720 1739
47 5380 1892
1825 3348 2305
1485 5937 1124
560 6458 731
2648 6470 1647
2601 3488 672
2550 3303 1503
2093 2223 1602
1705 6059 1165
2064 5703 1822
1580 5448 1590
663 6257 975
1781 3615 1818
185 4634 2245
278 3204 1151
1170 6227 1382
507 5238 2267
1904 4309 2280
842 5322 1872
1397 4516 90
322 1934 194
475 1839 568
2608 6088 622
2376 3096 1669
2867 4673 2103
1446 5434 688
923 5092 746
267 743 761
2771 5790 2347
555 1965 2126
237 6491 1880
1394 5580 475
2252 5909 1864
1985 2397 2214
3204 3598 1988
57 163 712
3195 6246 2062
1553 4757 1721
327 4951 899
2100 6415 1506
3011 4131 1737
3119 3556 554
2847 3330 2078
2213 5143 1125
2246 4541 654
22 2255 2175
331 463 1737
1931 5645 1711
1102 5847 1974
2370 6057 535
2247 3455 1312
265 885 40
397 4293 2174
1782 3631 321
1667 3196 316
401 5362 803
2665 6168 1536
1887 2972 1938
2492 5282 24
1744 5498 1215
1297 3532 1352
2249 4031 995
517 4779 1557
2298 3142 1040
395 6435 2097
2216 3935 2193
1308 5577 820
1749 6075 1209
2378 5825 796
2532 4948 2060
1014 3981 1007
3145 3677 1406
1377 6088 778
1908 2651 422
2634 6148 903
2533 4950 296
2118 4652 365
1719 4165 1739
1881 2432 1792
2842 4101 70
457 2688 61
1931 1958 1763
246 868 1311
2300 3435 2188
2141 5829 702
2676 4567 878
61 3457 2156
2382 4294 1085
858 6004 1126
114 1568 440
2774 4124 127
832 1788 884
592 1459 192
993 6140 137
1311 2160 1718
982 1346 768
1717 4681 1709
1720 2557 705
3142 5523 1341
2449 5482 932
831 5553 2101
3238 5179 974
1021 3269 621
1976 3026 1785
15 5948 700
1465 3920 2322
2528 5480 2154
2058 3591 1540
2671 5106 1915
938 5125 758
2094 5327 1147
1603 2241 1603
1140 1212 1790
621 6413 2235
417 2200 678
2366 3664 416
1921 3437 2001
239 1444 1072
1938 5403 1408
2543 5798 1791
1352 1565 463
2941 5846 1892
3106 5761 1785
1519 5351 805
474 6172 830
294 5240 17
1602 5567 1847
2153 2712 48
2356 5355 1877
2623 6053 1157
2417 5385 1506
2082 2951 1084
2493 4598 1642
193 1419 602
2453 3854 1085
117 1240 1296
422 6446 759
1567 4353 210
908 3266 151
1609 2347 1817
1616 2860 280
1983 3884 2129
665 2274 927
732 2876 1454
3140 5973 1328
820 2478 1673
1860 2624 287
666 3982 2383
2143 3712 1760
2820 4295 1388
2608 3398 2022
2334 5707 2153
450 3264 1585
287 3335 1579
320 4107 2312
1417 3674 1208
260 5920 336
2767 3135 317
2614 5326 883
1653 3771 1518
2900 3890 2008
2337 6272 489
1908 5810 1989
1285 4773 429
1184 3920 776
1001 2759 1587
3050 5513 1760
3110 3754 997
963 5238 679
387 4668 93
2003 3933 2022
2355 2620 1000
2206 5383 75
1497 4984 1975
2072 4857 1124
1779 4420 2222
190 3819 1524
3241 6256 1733
2742 5646 814
1548 4775 1214
298 5850 819
1544 5416 1615
2626 5832 1174
2569 6060 2270
2065 4407 1646
771 2089 922
1296 3431 1443
1361 2910 2034
1195 3333 1730
860 2843 1931
2831 4720 803
1798 5782 1100
2365 5837 128
1712 5937 1683
75 2304 1064
3210 6436 492
483 4299 2178
1675 5412 660
2240 5229 2365
492 6493 1862
3113 5642 738
2393 3708 1243
2834 3635 2078
3063 6259 2095
1029 4416 1856
6 5459 1890
1546 5095 1711
1235 2085 665
884 3832 25
620 3720 156
1364 3913 2318
136 6382 2307
665 5423 711
1723 5240 1506
756 3759 801
1864 5927 444
2954 4436 1224
1501 3381 1148
1610 2865 733
1293 4311 1275
1839 4411 999
1580 4601 1672
1256 6319 253
2425 3760 233
1835 6257 1178
2136 4141 569
698 1349 877
3046 3334 1270
1612 4580 1834
2726 3549 726
648 695 1787
3102 4299 2243
273 777 1494
320 1039 1749
1565 2402 748
444 3284 2119
3219 5822 50
2793 6027 2361
150 3492 1113
307 1384 1169
1271 3879 1118
2702 3185 1445
811 4814 1643
1053 1429 2036
2619 5718 523
254 5615 1152
533 4401 1934
683 1254 2331
1418 6295 1201
2120 2360 2122
2959 5138 1331
2509 3051 2079
1005 5943 201
471 1423 2283
1893 5409 10
2598 4835 1089
401 4819 1570
606 4728 612
779 4729 154
1871 6233 1965
882 5141 107
2520 5449 464
995 6230 192
2244 6398 957
1446 3670 1493
2428 6456 512
1062 5297 1600
2524 6403 1259
1537 4988 435
2974 4172 919
1578 4106 1049
1838 4331 87
1935 5599 124
556 6326 1062
606 2631 826
1631 2023 271
1908 6453 2072
2812 4791 1930
3158 5243 954
3196 3385 2124
778 2915 2331
2237 3011 670
1860 2673 579
1420 2508 2256
2059 2165 299
1848 5091 509
1263 3298 74
878 2125 545
1225 5411 1452
1719 4559 560
770 2072 831
3129 3879 1450
925 4585 511
3255 4050 875
295 6047 2204
3209 6438 221
1332 5514 1411
216 1438 1476
2271 2423 787
3191 6271 1765
1842 4176 2141
2661 4705 474
617 3423 2349
2478 4372 1483
153 2247 1143
2741 2839 1974
1035 5217 2169
2681 3810 1082
1712 2244 986
2431 3843 1644
971 6308 1293
2423 2913 1713
2724 3546 865
2426 3157 2390
928 1829 1751
2441 4724 1073
2252 6330 1613
1473 5963 2022
1705 6278 1421
1772 3667 284
137 1597 1971
1503 5435 240
109 6256 1698
1264 5296 199
496 5190 1085
15 2678 1511
2010 2315 1776
2171 3549 280
1266 2452 1492
3242 5391 1096
627 3146 2289
1869 5243 1412
755 2814 733
1015 3657 69
1773 4086 2374
2464 6066 1639
1358 2278 600
3197 4603 1874
2891 6444 732
2358 4572 1048
425 1252 1304
2045 3150 1258
340 5291 1880
275 4038 650
2810 3793 481
1581 5302 1176
952 6055 2060
2732 5228 1526
1495 2762 501
724 5920 1075
2401 2908 1088
2188 3310 170
462 3041 615
2204 4438 825
45 5808 1051
712 3119 165
1772 5104 1914
1541 4671 108
2293 2348 1962
946 3551 2335
289 756 1135
3252 5886 1845
907 3290 33
1889 4010 783
409 5705 1836
2779 6382 713
2547 2696 984
2898 3484 843
37 4156 1436
1665 3364 1916
2006 5743 2260
1418 6409 1356
153 4326 1116
1923 3117 2035
39 3622 815
789 4842 819
1685 2080 537
714 3621 1732
1554 5828 63
2262 3945 553
2731 5763 2186
1389 1400 1147
370 2616 669
668 1429 2230
99 464 919
2752 3112 174
404 4836 1946
15 2423 76
1785 6496 647
2549 5343 1030
258 2920 1651
1973 4094 656
2309 3115 891
3216 4164 682
2071 2617 2018
972 2882 1499
651 6412 1947
2669 4876 1970
987 2380 2233
3196 5644 2004
3010 6410 231
1156 5671 2276
2610 3703 1434
2985 3174 2386
1745 2664 218
1557 2231 1738
2944 5649 215
1472 5581 910
642 4242 1423
1703 4761 1439
2020 6024 1263
3244 4989 1782
787 1449 806
2332 6156 1322
1398 6038 1619
2592 3377 460
560 2575 546
2945 4537 1338
1540 5713 976
248 3456 2025
2607 3723 1222
2579 3890 1442
2698 5718 2387
1205 1279 2285
756 5541 1776
2968 5472 1840
1395 1837 972
547 2318 816
2576 5569 818
1460 5780 827
1759 4110 546
2623 3315 1981
1982 3597 2038
1953 2410 1524
2021 2994 700
2779 5554 1475
2844 6055 778
1175 6414 837
203 1563 397
2399 4125 506
1857 4456 570
1066 3629 321
1900 5764 1926
2290 5660 512
1933 2834 1804
2925 4440 2320
1163 5338 731
808 2045 510
476 1335 1710
1832 6071 678
908 2163 2392
11 417 1598
196 3675 782
2006 4865 656
156 523 811
2954 4288 1713
2175 4813 139
770 4118 455
457 1789 814
2985 6417 180
503 878 2030
1994 2123 2096
872 2874 2046
1099 4199 1643
1264 2352 39
1548 3212 1411
2740 6011 1496
2861 3189 470
2653 5236 1951
3233 5857 770
1654 5017 2283
1122 2360 1002
2669 4813 1649
1472 2344 243
660 1987 346
1777 2216 271
2040 4508 2077
485 6410 541
1756 3735 955
2098 2650 777
2237 6124 1681
1932 3966 1382
1081 4423 1690
2883 3940 1499
2724 6421 384
705 4140 47
604 2593 927
1435 2430 14
1939 3677 2183
2366 5331 478
614 1722 1848
3166 3246 1469
3155 6053 53
1459 1546 380
2789 5445 1641
3046 6418 2002
2253 4876 2310
588 1147 769
2 3596 792
3114 3290 2257
1489 4509 1667
1491 2831 409
1189 2637 2026
605 3543 1600
3114 3875 2232
1835 2057 1613
91 3776 841
452 1094 1266
2307 4166 441
3167 5093 2135
1163 3119 162
1662 4935 2286
999 1457 1137
127 2775 2015
2323 2456 888
2686 4258 1606
964 3376 1001
2418 4449 981
272 1438 145
1825 4527 1613
2059 3518 1201
863 3083 235
321 479 1337
2982 3653 277
2422 4793 360
1028 1952 1937
2795 4525 1063
1823 5039 1568
440 3216 1630
850 5398 1939
2209 5690 103
835 5914 1063
1003 3378 897
420 4678 1382
2011 3668 2384
2897 5429 1941
1487 3910 834
790 5707 2322
2215 3861 1054
1197 6189 1923
168 2848 72
2094 2816 215
896 4144 165
1070 5293 2037
2308 4495 1561
2699 3812 1813
2793 6119 1156
1726 5484 2068
1316 4217 946
2734 5786 729
2776 5849 777
3017 4974 2313
634 6355 285
1200 5553 1680
914 4959 577
1744 3144 1302
2247 3131 1403
2553 6198 56
2145 4496 175
3105 5543 639
2165 4324 1262
450 4954 539
2224 4796 1040
1141 3437 600
819 2043 1138
1931 3143 1638
2120 4870 496
1509 5766 1843
1977 3894 2351
734 4573 2205
336 1819 467
1271 2700 1121
2503 4030 372
2169 4578 494
927 2803 2266
848 5843 358
1375 5768 1512
2810 5232 1992
2359 4347 1679
2100 2660 1565
3236 6015 2111
1069 4599 869
2865 3585 2335
2411 2649 2150
1130 5983 722
1341 6017 1467
890 3304 1043
1096 5438 935
102 1045 593
3218 4122 81
2458 6319 1980
420 5612 2166
2203 3074 782
2071 5319 1657
111 1029 2330
1791 3105 1833
2367 4557 287
1092 1567 873
1108 3571 2385
3016 4152 2392
2433 4364 622
705 4995 1563
499 1058 1505
3037 4149 1894
1453 4156 49
356 3401 369
1487 4328 1559
669 1243 626
309 4232 1378
2577 4212 1433
843 4639 1286
650 863 257
2065 3761 1734
1259 3826 799
337 4556 797
944 4784 600
1166 5139 1052
3117 4305 2004
268 2868 70
956 1073 1098
3013 5643 1208
2458 5414 2350
2648 4502 2344
2595 6219 226
2002 6167 170
1453 3279 983
593 3892 836
1889 2269 1971
3206 6146 356
187 6254 1820
1884 6106 1733
150 1027 1001
1066 6370 935
2117 2676 1888
1785 5809 279
800 4205 656
686 3759 1486
1389 2014 975
125 3129 51
1372 4875 1016
318 3814 2169
1971 4199 123
1095 2956 590
2280 4418 422
519 778 1365
1122 1138 1909
515 4267 2019
1307 4119 1113
2956 3875 1521
236 2035 2086
867 5224 1684
727 6448 2341
394 888 1593
1699 2760 21
2286 5935 258
1252 2805 1529
2252 3657 1042
3183 6484 974
2032 5803 284
2174 6317 1891
1698 1815 2148
186 3590 48
1342 4243 2210
2139 6253 1647
908 3738 806
2073 5789 2025
1462 6184 368
1239 6276 1779
1272 3939 843
816 1757 2171
2980 5782 1786
2077 3272 1574
1636 4810 2178
175 974 647
1137 3832 1553
559 3274 1932
1036 4398 72
2877 3156 1984
771 4177 2314
2186 3877 1386
2108 4946 196
1726 6507 87
2389 6214 2049
2011 5840 1535
1612 5796 1738
501 4929 508
1079 5615 1818
134 2764 1644
2321 4949 1477
3139 4991 597
774 6187 498
800 5299 1867
1095 4392 399
2620 4735 1225
2692 4878 1760
1198 3257 1486
1135 4333 1902
752 6199 498
1653 3908 1339
1252 1852 1060
207 3742 1371
3090 5469 1053
532 1665 949
367 5395 656
951 2818 1352
3231 6297 2048
89 1213 565
1296 5164 221
2864 5293 1530
2541 3871 1332
426 1388 2146
680 3438 261
621 2870 979
673 2961 1437
9 4600 716
2391 3346 1552
2876 6351 1333
1763 4287 982
1987 5019 2324
3071 6416 2365
214 2985 742
682 3494 23
2999 3855 1338
3255 3780 771