264
102 140 1663
19 102 868
64 183 1054
12 53 923
120 160 1196
108 207 1426
13 33 1090
51 189 2300
27 112 1020
58 238 1543
43 51 1019
115 207 1913
35 87 714
108 149 1643
96 214 2046
91 206 1006
105 200 794
50 160 234
56 219 517
25 257 2185
15 156 1156
58 171 1603
25 199 1418
67 99 1850
99 223 345
17 74 1797
10 263 2211
129 253 722
131 242 802
7 249 191
55 144 1745
36 173 124
75 162 1591
122 261 418
35 154 2286
110 255 1717
16 82 286
57 61 1503
49 235 704
123 226 742
105 165 1321
73 253 731
60 70 1582
19 225 1932
120 235 1421
73 189 92
32 76 1952
7 198 1179
13 244 836
8 51 1992
3 43 1276
70 184 2219
1 168 1595
117 227 530
66 244 1047
63 120 548
28 219 1645
77 254 1731
125 201 317
76 206 1038
103 136 1128
38 96 718
20 137 427
67 249 1935
36 51 922
97 228 2229
94 169 1546
46 200 1050
2 24 990
5 262 1280
34 247 1466
38 92 306
102 213 1167
130 171 1907
117 127 481
38 246 1924
2 210 1896
76 87 1411
18 127 1710
88 152 2354
98 145 119
4 27 1999
8 188 1631
102 207 1481
100 205 320
48 75 9
119 157 1774
40 261 1200
128 238 691
91 209 173
77 86 1040
83 261 1932
117 129 1549
30 92 1402
87 119 2166
121 201 1767
38 214 1313
18 174 571
120 224 2186
91 102 2204
42 156 1662
10 250 1131
130 177 138
112 248 1048
130 259 2154
109 223 1580
40 67 1061
115 182 1113
66 200 928
102 144 771
106 181 216
72 175 329
40 112 1339
5 149 1168
113 214 237
45 155 1715
117 238 1744
47 85 1726
51 245 1840
57 82 1844
26 258 32
21 48 1087
110 216 318
124 179 2247
132 215 1810
25 241 336
98 166 1780
104 247 2090
24 220 1882
100 217 2160
95 212 2170
79 103 1957
111 136 1056
118 185 2240
68 206 1325
48 195 1440
9 239 2287
62 100 1967
92 259 822
128 259 362
14 221 10
18 239 940
6 65 1387
5 20 556
85 153 852
47 142 2190
22 184 1929
33 169 2105
31 38 651
75 153 782
107 177 1705
130 162 2316
117 156 2180
91 235 2363
132 209 1519
124 129 997
25 89 506
44 163 1824
128 187 2286
107 168 735
60 178 2109
96 251 618
21 27 1684
72 103 1014
3 184 1151
53 87 2194
85 186 2376
23 174 680
81 180 302
3 19 1621
4 24 1884
67 112 1086
51 249 2014
73 118 965
90 143 1101
25 99 1723
39 248 450
69 195 1208
10 118 70
97 229 1336
22 146 2103
41 91 976
28 254 1461
55 223 300
81 92 1445
93 114 2172
111 148 736
101 175 228
49 218 1893
47 232 418
86 253 1814
73 210 2153
9 229 477
75 240 2105
41 158 154
22 116 832
17 24 932
115 218 2281
117 227 647
18 105 1710
124 252 1915
18 190 1486
47 185 2384
38 46 242
1 261 1815
104 187 1033
63 221 1482
124 247 241
5 25 1232
94 106 1818
86 191 2353
53 115 2099
6 247 1479
21 194 1537
116 141 2129
132 152 774
18 118 1968
102 186 1699
48 53 1240
118 177 1465
91 186 1479
38 174 1172
12 149 483
41 141 1867
84 163 1016
31 214 1560
15 189 730
26 257 897
73 201 733
23 121 1946
64 194 2398
72 78 625
44 263 1513
11 98 1504
87 104 2192
120 180 1651
93 222 1120
28 187 644
19 231 1778
8 132 698
51 90 715
61 176 929
127 166 1255
14 175 1042
48 179 395
81 235 1133
122 181 1077
49 173 1969
49 264 1469
89 111 1195
40 206 1797
26 63 1
21 70 520
102 127 1314
49 240 2285
96 112 1650
87 156 606
18 217 1653
24 239 387
47 179 1186
108 113 2239
85 135 1140
96 174 2062
55 129 531