2378
836 1309 33
243 435 30
377 1036 47
1113 1620 2237
965 1246 1954
258 2049 1722
1187 2122 334
665 1605 296
668 1706 1979
501 1710 284
779 1765 1671
369 1129 1884
440 1596 1226
921 1371 2098
584 872 1073
1085 1627 469
347 1959 624
79 1382 2030
1092 1477 795
1028 1927 1699
746 1394 274
1121 1819 503
970 1170 658
340 2145 1965
958 1850 1371
577 704 1156
879 1003 1632
648 1198 1822
731 1614 252
864 959 425
565 1755 1189
1032 1091 581
810 1534 1612
509 573 1723
340 1413 750
1167 1185 1473
988 1865 1935
963 1110 2047
501 793 2354
825 1994 2356
18 2224 29
602 2022 1109
431 549 505
169 2054 627
724 1926 1455
525 2152 2334
1017 1308 958
687 1010 1156
1154 1205 1290
195 1570 764
1037 1942 1620
430 1312 1023
646 2299 1975
224 2152 1993
456 1249 2358
229 848 870
1079 1516 2370
897 1968 51
972 2244 1042
820 1997 405
707 1274 1226
946 1815 921
455 940 437
904 2269 690
1081 1207 2094
68 145 794
318 1674 2091
537 913 2215
1155 2058 2118
293 1331 278
868 2095 1238
178 551 1447
945 1008 1199
749 1080 410
166 2292 249
1018 1526 1317
542 2268 1531
82 1629 1250
927 1243 2278
367 1404 1533
271 1656 860
419 782 28
1068 1182 2019
601 1650 1
1151 1525 510
146 2007 2119
342 1013 1119
163 675 1528
133 478 850
1155 1903 491
892 1901 1150
31 1434 1109
81 829 866
659 968 1952
362 1274 1382
575 1017 484
893 1775 2310
320 2202 1260
156 661 1744
926 1130 2104
326 552 19
358 1049 1712
1120 2264 238
476 886 2074
52 425 2279
431 2309 1857
267 645 1256
800 1437 192
830 1438 1228
789 1466 1134
710 2297 2056
925 1793 1567
675 2002 1731
671 1885 2114
156 441 2276
1179 2344 1715
104 1894 140
857 1695 1346
994 1816 2378
998 2164 1398
537 1056 143
948 1193 1252
345 1028 454
477 2219 671
1061 1195 2153
473 1457 1359
184 1945 784
688 1637 48
456 2233 522
896 2286 205
70 1498 2235
417 2066 638
1105 1699 1162
758 1573 262
890 1634 2241
470 2022 2047
44 512 59
1044 2231 1228
209 1428 1960
645 1241 1701
526 1102 0
548 1708 1349
218 1939 1674
493 1995 1210
1044 1992 1505
206 575 664
912 1626 1787
812 1491 1465
1005 1959 550
940 1556 436
977 1180 72
12 2136 152
36 2053 1351
78 275 833
170 684 1485
638 1249 1066
528 1533 1122
1140 1691 1314
278 2315 2200
763 801 1828
897 1875 1534
326 1092 1895
162 1623 247
225 1472 1406
533 749 1123
418 2350 1325
48 1119 2316
179 2203 957
1017 1705 1112
584 1560 127
410 1682 1438
65 1164 210
275 326 2131
628 2130 1043
181 477 820
1093 1355 997
1047 1838 2280
539 571 938
1168 1287 308
611 1152 985
920 1728 2380
1058 1168 89
888 1021 572
219 2029 166
1148 1172 1282
408 951 1174
532 2196 2196
995 1390 1930
487 1236 756
391 576 578
897 2168 488
496 2045 1904
627 1396 2311
47 1420 1725
1159 2153 2157
474 1410 77
507 1572 1345
528 1572 485
1108 1341 2368
274 1712 384
263 2323 1460
806 1152 1737
998 1301 300
1047 1607 1536
6 1750 1432
1015 1666 723
269 350 539
208 346 936
594 2340 1640
199 258 2188
614 976 2022
654 2001 123
337 1715 1415
860 1742 608
894 1830 835
161 748 14
245 1827 533
1042 1595 1962
1133 2083 760
13 1089 2
782 1737 163
57 2161 2322
275 1116 1442
1086 1313 647
292 572 842
218 1824 216
912 1991 1587
960 1321 455
823 1998 1677
817 1017 1710
990 1860 1144
109 2217 2154
1171 2178 1751
336 1032 1432
417 2107 173
20 34 1353
235 1904 291
439 1400 2258
1071 2042 1031
429 970 587
1004 2041 857
143 1632 1068
832 1550 248
551 995 1407
349 2041 2194
164 1506 1675
658 1540 2012
943 2322 93
136 2370 1688
1170 1218 1889
363 710 1461
585 1647 453
930 1027 293
944 1044 1414
202 1845 602
144 154 1687
147 480 132
1072 1168 1664
735 806 1756
469 1745 2359
286 1326 1395
10 518 6
1044 1178 1461
913 1780 1585
455 1546 1578
241 1556 1572
608 712 2399
1127 1663 1214
774 1831 125
985 2180 262
569 1257 2046
1071 1315 497
798 1206 1757
891 2359 17
7 1409 608
502 1509 1704
291 695 2045
476 1081 483
1022 1894 179
1134 1145 736
464 1775 983
956 1025 2280
1112 1661 66
52 2256 745
544 2029 2380
449 566 473
606 1178 400
889 1309 1519
317 806 1131
78 99 2124
364 1852 104
871 1844 2369
1089 1122 1481
1129 2285 732
227 919 2213
1045 1138 1901
96 1663 2110
246 1958 796
446 2373 1819
483 1567 2382
199 1281 524
370 1234 883
421 762 2199
261 806 2364
915 1307 1220
780 1694 1250
168 2250 1926
186 2295 868
590 1090 1178
406 893 1253
318 1757 1710
899 1556 712
1175 1309 2362
108 996 1116
152 2057 1324
1125 1990 2081
85 834 345
18 1191 632
927 1293 2098
733 2182 593
681 1918 1510
960 2128 2342
141 937 63
536 915 2195
164 1212 1175
397 537 1507
522 1488 29
829 1905 836
26 2269 744
194 993 203
495 1712 1624
991 2219 1471
367 624 1217
124 634 592
52 1590 1179
818 2207 29
22 1677 1192
692 1972 1220
799 1079 1249
934 1485 775
338 952 1511
306 1789 1212
1036 1184 2250
81 453 134
645 1975 1144
477 1690 171
152 1209 335
1038 1893 1187
852 2154 2074
600 1726 1524
435 445 1232
55 1364 193
1129 1674 284
490 824 1869
924 1956 1922
463 2306 958
2 1631 2358
950 1072 1039
996 2033 1055
344 378 1871
1155 2351 345
1138 2106 177
306 1026 1283
631 919 232
841 1232 475
495 1328 469
309 1403 363
642 1194 1032
778 2240 1901
888 1375 1766
321 2250 1549
27 2043 257
1126 1496 2391
80 1987 362
94 1378 1425
616 699 2318
365 590 353
550 1782 879
103 2278 1104
249 1571 2397
35 574 250
819 930 574
742 1809 1789
565 697 2278
548 1155 620
677 2163 1757
623 2088 1135
472 1712 1247
523 2020 876
970 1935 1429
85 2180 1680
381 409 1879
1172 1773 630
63 858 1527
679 2355 86
403 1950 1700
637 2275 904
662 1936 1646
670 1879 326
285 1099 2220
343 940 1851
638 1933 1334
822 2370 1682
1115 1182 1974
868 1663 1245
51 1716 215
274 1370 1098
1050 1823 365
342 1219 81
982 1088 33
1126 2081 139
447 2169 116
329 2221 1470
612 935 2390
631 1348 358
597 1868 1532
236 1981 902
736 2255 384
553 1311 1021
223 1612 2073
995 1713 315
78 1599 1740
719 2153 2243
1166 1777 71
344 1567 1027
799 834 2085
185 2038 2067
1163 1454 2351
940 1842 309
1047 2056 2308
538 1075 2194
886 1170 1111
448 2264 655
734 1545 92
1 273 493
897 1059 1820
804 2339 1729
265 814 2179
382 871 2107
1060 1634 1966
477 993 1098
599 704 694
903 2192 2188
538 2362 1513
1083 1578 1881
696 1023 1428
309 1301 145
1113 1883 732
759 1596 1539
888 1393 770
327 960 1504
795 2284 146
1069 1879 27
323 494 1085
133 680 2235
254 1208 1530
791 1235 804
37 2093 1753
104 758 660
1111 1782 233
572 2288 1897
914 1299 847
1149 2111 67
514 1136 1602
828 2329 1708
1152 1708 824
814 904 1175
979 1905 2258
318 1981 621
338 1218 719
1120 1516 1656
777 1123 2157
735 2217 2173
216 891 1329
515 2243 874
770 2024 1384
189 335 1104
650 1580 99
35 1175 1309
849 2276 578
87 1826 1771
279 1392 2101
1166 1708 634
1079 1292 412
513 2151 1907
70 1860 530
968 2319 172
43 304 2188
145 1876 659
641 999 1921
50 1435 959
97 503 1837
732 1677 2201
330 1426 1085
748 2197 2214
76 1006 44
1136 1481 708
858 1550 1131
805 1380 1756
947 1282 2254
38 2338 2019
98 2215 496
281 694 695
106 1548 1302
472 1061 892
1071 1120 1963
191 201 615
703 2204 1351
956 1395 767
561 566 145
317 639 1387
699 1774 986
602 1995 1387
115 1727 1287
1097 2141 411
427 1255 1891
1103 2262 795
328 836 1839
281 322 667
277 1814 971
919 2134 57
345 1992 2267
60 2080 1555
572 1968 1363
970 2321 1378
640 821 1643
798 906 1099
338 1825 2239
510 2083 2163
400 1641 792
1142 1204 2173
1070 1161 93
564 1160 208
214 2268 2081
5 1115 2258
58 496 593
1057 2262 1651
449 1089 770
199 1711 1088
942 2336 2119
901 1509 2322
1130 2052 2313
1134 1747 297
647 1986 1613
430 2225 68
555 2313 2318
520 1194 1415
975 1536 673
312 393 1562
156 1508 1859
470 1411 528
352 618 2231
565 2248 1631
676 1025 2009
696 930 1867
1125 1447 734
985 1703 1873
228 2159 1320
647 1712 1733
730 2018 717
270 1745 1538
425 1390 1675
366 1247 2031
973 1760 2178
54 1376 1510
1001 1537 211
11 666 2294
936 1590 1389
323 1231 2343
580 735 1808
351 570 1448
1125 1163 2210
1026 1675 1599
811 1641 462
899 1009 2368
1037 1565 267
252 753 1673
783 1391 763
474 1141 208
383 2031 258
939 1477 1317
70 1068 1289
131 1848 419
678 1623 1208
448 2128 386
231 1377 1581
177 1477 464
198 1266 1472
127 2303 225
366 832 729
514 2076 641
194 2333 888
810 1917 826
723 1252 776
971 2306 1598
1134 1444 1558
541 993 1808
624 1231 2064
46 2310 341
813 882 1661
71 908 1296
1140 1257 842
806 2130 1038
435 2371 1381
1045 2111 1883
70 1992 954
493 1133 2028
891 2099 612
319 1775 606
408 1313 512
496 1562 478
941 2011 746
226 858 1648
1018 1331 2374
1075 1964 538
860 1879 1237
1155 2131 1040
90 1882 688
642 2351 1735
338 719 2286
427 514 1559
998 1887 960
669 1102 2068
1109 1946 1223
369 2329 1661
65 1863 1147
933 1665 233
707 1423 1200
556 1291 2114
253 2092 1140
693 1716 2123
296 1415 2065
515 834 2090
180 665 748
304 1997 1473
184 1454 5
813 1892 2352
739 2051 1487
377 1013 815
709 1971 469
705 1538 1346
122 1949 1674
187 1145 1380
1034 1554 825
9 1547 1546
527 1623 622
409 1931 1152
813 2237 1687
454 1254 1566
142 189 522
808 1758 732
60 1773 839
1012 1363 1092
482 974 1245
113 1738 1407
931 1703 1159
1074 1306 2015
1114 1482 661
711 908 1200
455 1438 369
325 731 986
792 1150 1127
162 996 1225
1022 1229 792
940 2325 2017
581 1094 1284
697 1648 487
894 2253 1646
174 2029 136
382 2234 997
987 2195 695
923 2051 1803
181 268 903
977 1878 2033
163 490 2035
620 2352 389
603 1633 2070
742 2295 625
1102 1966 757
807 1976 1331
1127 1185 1358
488 1393 253
592 621 1133
220 1926 1474
606 958 180
191 767 103
983 1002 1792
84 1309 1690
1133 1292 1640
11 1557 1632
697 2279 1343
1144 1366 1634
791 2129 115
758 1021 686
1013 1834 830
917 1553 1481
422 585 944
1077 1682 276
1114 1652 1666
167 486 327
72 827 1714
558 1407 1831
504 1834 97
948 2333 424
87 990 921
1172 1908 11
586 2378 38
94 1030 2339
736 2211 1971
644 2151 1938
1083 1550 1632
1080 1299 2276
610 1566 648
327 1726 1057
1113 1618 1971
259 493 557
883 2014 2300
1123 1231 1942
666 1029 387
856 1594 37
456 918 250
1115 1129 1267
738 1894 2114
223 1574 1999
163 2148 714
551 1208 1248
116 535 967
385 2194 698
729 2208 178
264 2055 2160
560 1104 357
612 2287 1748
882 1232 1020
300 2322 1925
968 1636 1327
195 2372 1267
233 1846 1187
468 1594 1913
42 1859 1957
545 1210 1953
293 2300 1880
1084 1515 486
507 2172 967
380 649 620
1095 1226 886
241 2158 595
1130 1135 1237
756 1324 1640
743 1831 184
65 2270 1948
384 1383 1540
393 1774 1116
246 499 374
754 1545 486
493 2295 2173
483 1609 1844
56 1636 9
620 1927 633
92 735 145
571 1153 2166
1068 1443 1193
440 1968 770
379 2075 1231
837 1427 688
912 1890 1764
323 2082 2151
1030 1094 281
789 1069 1112
120 692 1340
584 1669 1709
1020 1744 2238
1063 2131 697
632 1979 2312
890 2078 2219
945 1831 1902
794 2321 1810
278 1623 958
599 2101 2317
102 465 775
463 1427 1585
684 935 1186
345 426 557
185 2017 544
345 1299 385
239 2037 294
25 505 117
973 1802 1267
568 2178 895
571 2232 1580
1133 2135 1409
648 2242 2367
503 2356 1391
80 374 1676
529 2052 784
33 919 1390
700 2122 241
1091 1396 1712
1088 1492 371
989 1921 1096
1121 1435 1998
249 2054 1055
705 816 739
581 1301 1479
867 2099 1380
121 757 1129
994 1830 1538
662 2293 628
85 2264 669
286 1374 1277
880 2081 2199
594 950 392
951 1012 1700
761 1062 178
1160 1761 1707
357 529 1698
753 960 2053
903 1661 243
706 1563 221
742 1365 612
94 1896 1948
563 1454 587
1066 1878 2198
1072 1644 827
202 604 1349
584 1914 2224
858 1117 862
644 974 2115
213 1227 1874
124 246 555
94 1902 1967
459 2110 792
213 902 2111
790 1956 1152
430 1980 989
1025 1851 2158
297 1799 1750
899 1229 142
275 2028 1357
1145 1693 1330
986 2335 2312
585 1061 118
250 2356 1363
369 2332 1622
1154 2284 1635
988 2177 2321
174 1616 344
710 2191 305
858 1949 775
872 1638 1522
920 951 829
56 860 1452
117 1224 638
950 951 1551
48 731 1027
1024 2224 961
1111 2296 944
733 2334 1647
859 1426 1402
915 1489 639
597 780 2042
55 1137 475
990 1326 501
531 707 198
151 792 1308
1151 2075 1053
133 1704 1218
539 1604 2247
250 399 631
268 1310 256
984 1290 2006
35 58 219
682 878 884
623 2226 1725
1028 1418 380
1070 1795 996
1174 2374 1649
465 1977 954
1076 1518 622
107 2054 146
692 1881 346
941 989 1590
779 2051 348
1030 2261 1302
197 772 1668
848 1828 37
182 1072 542
536 826 1908
709 2291 1468
113 2011 116
565 2043 2141
26 1154 1896
498 1722 825
572 935 2081
455 705 1958
330 628 1413
286 1746 661
193 466 2304
228 1438 791
1129 1958 1762
706 905 1252
429 1723 1495
874 1612 2176
706 1386 1168
60 209 501
611 2048 2062
387 1668 463
1008 1397 1547
637 667 581
673 1005 1094
293 705 2312
722 2352 517
1056 2358 1893
444 2261 1543
1165 2032 611
562 699 1511
1154 1196 131
707 1354 1172
268 394 249
137 1181 1431
368 584 169
414 627 1034
265 2043 2037
466 1461 1026
772 801 2096
23 1838 1234
28 310 265
943 2234 574
320 1933 1851
403 587 828
523 1246 965
278 327 2144
1018 1220 265
896 1829 15
886 1947 1706
43 1462 1263
473 2008 1086
520 1118 2082
933 1260 871
297 910 1457
304 2313 984
563 1587 1466
407 1823 1308
17 1449 1590
570 2308 1474
327 730 1485
235 787 1392
532 1547 117
118 220 1903
437 1757 1839
1178 2258 1080
464 1866 1246
1124 1271 1162
567 1257 422
343 843 2027
73 897 672
539 890 752
563 964 734
853 1805 1956
993 1518 1177
672 1816 1597
58 957 269
560 1016 2377
673 2155 832
222 537 95
413 820 1058
301 1017 386
187 1435 372
582 981 2364
479 819 301
770 1616 2354
515 2270 405
791 1074 1676
465 2044 1666
64 1480 1669
831 974 2184
153 2079 305
393 2187 1706
476 478 115
292 2224 1330
133 1525 139
905 1619 2268
899 953 694
731 1253 1078
816 1850 441
1151 1934 665
7 1988 1560
376 716 381
1103 2235 1201
1050 1171 1749
1150 1720 1648
63 939 2355
125 2285 792
825 1413 455
994 1211 1589
281 1319 88
1174 1578 550
1148 1748 1038
610 1478 1367
709 1736 265
848 1217 1149
829 2030 1700
137 666 436
558 1860 1746
863 2005 135
317 810 56
92 1511 1394
185 757 903
183 1583 1926
143 1405 1038
580 2249 1957
860 1488 1839
600 1096 1430
837 921 467
26 1653 102
899 960 1132
988 2226 1939
717 782 1149
1076 2209 924
1165 1489 768
217 1265 1087
58 2256 871
341 1805 1176
1064 1523 693
706 1118 2136
229 454 1975
48 1317 1579
969 1893 1471
1040 2300 1007
186 195 2377
144 1597 1905
325 984 449
15 296 2121
472 704 1067
242 532 1054
501 1784 1083
1102 1757 860
212 2285 67
423 2147 1823
266 506 1428
1032 2229 290
421 1976 1181
846 1100 1371
384 752 1443
246 995 577
564 1804 1995
924 2245 1243
452 623 1511
104 951 2098
468 528 1802
777 1847 1028
114 843 1378
50 2271 452
772 2010 305
54 614 488
348 755 869
672 1447 1618
1081 1268 1124
1169 1773 1627
436 2261 905
648 2151 1168
860 1557 2257
107 2337 2111
569 614 1172
111 218 607
868 1991 1603
1138 1930 26
198 505 2332
952 2051 210
590 1358 1915
321 341 496
698 1279 445
1064 1556 819
845 1767 567
1058 2322 1073
463 664 2260
102 2213 2201
565 2136 2288
829 1544 2380
920 1936 190
498 1280 1490
1011 2327 1068
474 1024 1467
1077 1376 1083
420 1104 1470
1081 1904 1322
1100 1128 302
93 1649 1295
40 1533 1681
305 933 1353
797 2054 256
1115 1648 453
733 1924 213
129 208 1480
101 1156 90
1040 1998 451
849 1134 911
49 762 889
1053 1638 1832
804 1036 594
621 1644 943
478 1433 1170
667 959 1902
479 854 1135
1075 1502 1291
369 2179 337
1106 1866 65
886 1848 613
683 2279 1311
67 895 804
754 1324 547
173 1343 1564
74 864 2019
1106 1741 234
262 1685 1070
250 2193 1289
541 1295 1112
887 1521 966
15 853 125
645 1479 317
1115 2031 1909
74 323 1373
44 380 508
342 435 1436
28 228 872
339 2305 715
730 989 618
1165 2194 447
365 1412 2222
37 202 2272
547 619 226
11 977 104
479 985 472
863 2003 708
1149 2273 1627
538 1902 1296
1073 1851 1513
946 1427 1410
185 1490 1634
238 1862 2314
73 2005 1994
1091 1345 387
848 2375 2075
94 275 2388
376 1293 581
176 1253 365
633 2028 2150
753 1817 1422
1073 2265 1683
1183 1972 1203
173 409 1418
176 1375 1959
124 970 995
991 1664 1744
9 405 2243
426 1002 949
696 1848 1509
634 1153 403
609 1332 1811
192 559 1472
478 1788 1333
1017 1425 2371
1165 1848 84
1146 2142 871
38 1782 829
781 819 1780
313 783 1424
339 1833 673
37 1601 376
628 661 2375
706 1752 2322
380 2225 1104
1103 1377 1594
421 2346 2097
248 308 1748
632 1637 1071
495 1127 2209
917 1727 78
381 611 2216
384 2222 1609
287 1696 1213
1120 2290 1149
117 1654 925
711 2288 334
1005 2092 1814
239 683 22
372 2318 469
256 817 1996
962 1283 2007
1043 1237 1155
550 1336 149
136 1261 2293
391 1064 1274
445 1471 228
589 676 1121
637 2071 940
420 2223 316
464 2089 420
1109 1632 1214
867 1787 148
353 1601 1755
48 2118 762
981 2060 1925
749 1178 946
481 994 1886
1184 1916 1829
1181 1379 1948
13 1765 378
450 1836 791
728 2026 1729
766 1859 2008
728 822 283
157 1183 1712
714 1582 1108
1096 1939 1058
14 964 1732
381 1261 639
138 1545 828
146 1817 923
1067 1144 1032
1139 2304 1654
590 1521 1646
445 1235 1147
982 2164 201
751 1625 109
899 1765 31
448 2095 2259
182 477 818
530 2226 1588
407 1973 2305
385 1880 2236
845 2120 1804
1167 1761 2045
175 1342 1393
510 2057 1169
312 1691 265
331 410 1296
498 1559 151
590 2165 963
229 1997 1512
135 165 546
257 2079 2255
783 1119 1356
443 1902 1475
445 1266 2304
326 886 1741
251 276 1293
638 894 598
943 2253 121
463 1481 1280
207 571 312
717 735 1453
818 2245 1654
91 1629 1782
622 2180 1722
1068 2127 1543
1044 2164 272
355 1479 194
1157 1976 1465
1016 1073 2318
336 1592 854
418 2096 451
891 2199 417
551 577 1201
235 1691 1247
998 1162 66
74 360 1542
1144 1862 684
278 469 277
364 991 40
103 1550 1173
1181 2375 1033
218 1848 109
1002 2257 1313
540 1533 2225
943 1826 2119
24 1221 1479
608 1951 60
1038 2002 1119
241 786 2153
90 1288 1361
1124 2023 522
511 1865 1954
517 2269 1808
436 791 2310
519 979 2041
1135 1631 2137
288 2369 2256
40 1963 1407
350 1929 899
415 2138 2341
161 1125 1999
499 2243 580
267 1106 1843
1045 1115 551
9 1460 1322
747 1949 840
807 1002 2257
246 1433 1783
179 298 155
1115 1854 1359
221 405 1150
622 1429 119
7 1725 746
1166 2031 736
896 2160 1885
949 1107 865
521 1035 2327
19 1895 868
331 2075 1116
963 2201 375
1118 1384 359
1010 2296 62
835 1403 1111
802 903 603
448 1150 1932
244 694 2002
916 1364 432
4 1657 187
968 1176 1431
304 2234 2294
436 1525 463
290 1210 251
1133 2217 2105
1086 1112 555
77 1920 1846
740 1438 1632
376 1737 482
239 837 2149
821 2241 1721
1126 2202 1561
236 1986 1688
517 1113 1519
1084 1912 1481
167 591 285
1132 2361 2368
766 2037 2124
1008 1517 561
949 1445 1647
688 2021 2223
1074 2239 435
295 899 188
940 2206 2315
580 2246 1181
1057 2375 149
206 1027 1687
340 1277 1250
367 2245 1738
1088 1442 2201
62 483 511
617 1359 521
838 1075 557
553 1260 145
133 672 2210
504 1959 212
126 751 774
576 1572 501
442 2039 1442
859 910 2108
249 2058 954
111 188 977
53 2254 2323
598 1209 926
489 1130 2211
975 2279 2125
587 2164 668
246 753 1061
600 1698 814
778 2198 496
646 1745 2100
377 415 1018
608 2100 1980
204 2301 2225
220 394 1381
1151 2336 565
72 1023 937
436 936 150
1063 1720 2269
1180 1333 1445
964 1853 637
497 696 1619
674 946 1347
808 1323 1681
1104 1843 1187
59 1933 824
1121 2083 1243
229 1692 397
1179 2041 433
725 1127 1371
988 1636 1919
1109 1620 807
932 1438 1898
839 1986 2115
690 1171 789
733 896 97
243 1140 1194
606 2205 1837
460 951 241
152 880 2067
734 1426 2000
1096 1208 172
154 716 93
417 2191 797
1183 1913 1174
620 827 1639
962 1381 760
924 1173 2377
863 2299 70
79 474 2256
930 1828 339
777 1331 602
1105 1705 504
820 1421 1943
869 1035 2048
1013 1641 968
747 1808 692
566 832 688
618 1113 553
119 846 2359
956 2189 1895
32 1249 600
935 2259 2080
125 2265 1066
827 1608 355
555 2083 173
4 357 38
959 1031 5
1039 1710 272
140 1560 1467
1103 1275 791
765 1382 2353
822 1343 2218
437 1867 851
9 1084 2123
728 1890 2107
298 1552 2118
881 2241 1720
823 1495 139
23 1790 138
1101 2061 1312
631 1840 1026
780 2174 546
582 1425 790
1168 2011 1001
361 1545 1788
596 1846 1233
695 744 383
918 1246 504
395 1584 2280
180 463 1582
354 573 1350
658 899 1139
1184 1992 57
1041 1951 777
553 2294 71
1083 1656 545
1031 1734 546
1173 2342 542
446 967 1444
224 2074 1085
179 2264 891
218 287 2180
207 1354 1221
991 1965 960
989 1476 626
860 1066 1748
316 1156 2229
4 2286 1706
38 2229 390
1161 2253 174
1158 1304 1197
56 2203 1191
19 635 1565
958 1244 1831
1153 1372 1456
188 2122 2378
662 2348 20
744 996 1246
339 2037 1109
477 1391 1426
672 1131 2117
418 761 1195
1052 1944 1149
405 1837 2197
926 1166 3
239 1587 792
845 2315 1846
669 1360 2356
714 1089 706
442 2051 1405
1146 1180 754
859 1949 1482
687 2096 895
1173 2188 2339
906 1458 1902
749 1542 619
1050 1655 681
90 1216 672
379 1253 508
15 133 109
944 1928 400
428 1839 1878
59 66 1253
52 704 1057
368 1454 653
238 1197 1144
1083 2086 960
529 2110 280
150 776 53
796 908 1271
676 964 1862
1188 1975 2096
246 1217 2295
502 2010 796
89 509 1595
911 985 1631
163 873 1846
861 2190 1194
177 1171 2228
788 1846 1144
1183 1900 1442
817 1016 1352
902 1112 2346
218 2053 997
246 2243 928
950 2320 1165
377 872 712
303 1828 1677
532 1901 693
11 1041 477
330 721 1349
850 1104 689
812 1796 1776
720 1314 752
984 1740 287
1019 1047 1338
361 2216 445
288 1677 1688
98 912 1997
686 2283 1071
847 2120 2089
691 1443 311
815 2363 122
1048 1787 640
719 2357 2134
237 886 1441
523 751 143
891 1335 435
61 2233 141
706 1257 1672
280 640 555
1058 2227 2189
636 854 771
1020 1781 52
932 1885 230
1025 1144 2091
120 1264 1756
513 2009 1485
157 2057 2201
28 837 1716
1050 1338 2360
464 624 681
755 1568 583
290 1110 1574
282 1928 612
936 1146 195
858 1858 2101
360 2165 1980
177 2042 1911
417 946 994
1024 2291 2106
379 1354 1543
516 2094 2085
320 2054 1547
205 784 2352
1141 1196 1777
877 1680 1458
566 1002 79
656 2339 123
582 1119 805
832 1379 1415
878 2244 1094
1131 2247 2082
720 1794 248
310 1408 325
460 1985 1193
834 872 1200
943 1741 417
1055 2289 709
521 2236 1479
87 1232 1509
510 1588 1698
447 606 240
550 1165 207
665 1910 1405
1148 2130 1244
934 1939 1789
616 1234 594
369 1315 1147
752 758 761
259 1768 965
941 1643 314
1114 1571 1754
864 1889 1897
1075 1749 2088
927 1460 504
1135 2359 2256
24 901 2339
270 413 2084
1165 1627 1315
1156 1239 1063
378 1680 1483
379 1649 354
445 1417 1593
301 1910 771
241 1057 280
679 1030 2244
1101 2263 86
138 378 1014
52 1008 279
1167 1490 782
543 1909 20
785 2305 1053
1103 1735 1427
747 1761 202
62 2027 2028
460 907 1049
261 360 1030
23 1380 2350
390 628 2059
584 2112 2156
550 1405 331
598 2051 1969
346 856 1133
114 2096 1031
663 1597 1236
154 2075 462
322 1509 1828
223 2073 753
847 1398 1986
570 955 1963
413 853 1833
570 895 140
744 977 1276
1188 1407 1960
762 1886 1345
832 1088 1608
756 1804 1937
1116 1746 2133
136 2229 1686
1172 1328 142
1080 1653 1783
58 366 1300
552 1897 963
181 989 1973
616 2258 1642
642 1486 1526
452 1879 99
31 157 2013
1071 1339 1974
1077 1642 1013
471 1867 739
102 2002 894
1131 1384 1189
790 1397 1779
351 792 1068
658 1630 1071
955 1193 549
1179 1863 324
289 658 1944
86 868 2356
53 989 936
661 1318 1769
999 1389 2121
940 2352 2185
171 469 136
813 2204 1687
922 969 447
841 887 425
474 1381 992
20 2342 308
1135 1232 97
172 316 2170
795 1700 378
900 2320 542
190 1655 83
1021 1292 1500
965 2063 1900
1110 1538 1560
1044 1930 1892
1001 2299 656
998 2241 915
213 2190 1182
188 1676 196
663 1015 1470
698 2280 1969
625 929 57
593 1824 1196
112 1799 1010
375 1003 2198
256 632 2278
385 1909 556
237 900 283
951 1800 2313
275 510 874
681 2259 309
687 1379 214
476 949 180
615 1191 321
98 2017 1544
1143 1888 1157
222 1944 1659
935 1078 1394
1036 1261 650
220 305 2117
1127 2038 367
189 1233 1712
926 2168 1045
1083 1987 898
624 1446 263
1177 2044 1705
323 1005 437
481 1859 1650
191 267 2295
43 152 794
1031 1824 1396
94 2103 441
890 1612 2180
782 881 81
523 1515 2322
859 1621 2093
1117 1899 1099
20 190 1736
913 1372 2400
53 1375 1353
252 1778 1960
313 922 1052
725 1947 1998
286 316 1334
894 1402 1213
641 1950 150
84 948 2171
1137 1670 635
448 1606 2061
1140 1386 1834
168 833 608
511 1836 68
855 1754 1796
966 1369 267
412 2143 1177
288 1459 634
780 1527 1461
637 2326 2117
384 1176 711
1015 1339 684
268 489 1308
520 1568 229
764 1569 175
153 365 1492
846 1649 255
773 1325 2052
746 1055 884
224 2244 2223
775 2205 1543
832 2175 1151
1137 1285 236
919 1173 1425
532 1948 2084
1143 2049 1836
664 2097 1389
243 1420 1300
839 1751 1694
1104 2150 186
40 356 1368
687 973 1064
83 933 1039
420 512 1844
153 1280 565
912 2154 2297
924 1697 801
989 1542 1052
536 652 2256
748 1633 1454
1059 1786 1076
5 1774 1195
771 1526 509
857 2362 1596
1084 1347 2061
852 1453 2143
98 2055 3
26 1151 530
102 164 532
198 367 880
64 700 2331
513 2101 1360
1016 1941 1649
839 2220 422
80 393 2055
753 814 1306
1013 1786 1239
710 929 2371
1175 1776 809
1111 2045 1444
518 544 200
426 1123 1685
575 2123 2098
1158 1805 1429
105 1193 881
1048 1226 685
150 355 1918
193 406 1761
412 1408 622
676 707 92
978 1265 798
76 1834 446
722 732 752
1009 1245 322
767 1559 798
491 877 237
1107 1970 814
825 2070 1681
353 684 992
614 910 2047
430 820 1554
23 722 728
962 1769 2306
251 2269 2072
750 2079 2128
372 654 171
700 2131 2143
888 1998 838
1074 2097 1978
76 2257 824
996 1236 936
317 860 154
717 2237 1960
686 1943 889
8 1673 1149
986 1154 595
114 2081 125
405 1269 963
751 1665 1309
1127 1220 200
303 1414 323
1040 1794 811
430 1928 106
324 405 401
1025 2057 1486
266 1644 704
19 1808 1489
869 1072 1685
798 1851 1461
1004 1219 1765
346 1426 499
909 2169 1573
258 1164 1856
162 1801 1312
560 1435 1987
1050 2227 28
22 875 2114
1108 1694 1127
882 1364 91
539 1263 504
556 1071 1237
413 1775 1690
251 1697 848
245 1468 1789
825 2330 1260
1057 1763 84
960 1497 178
370 1300 1357
324 1659 2385
158 999 325
527 1754 203
800 1157 1877
799 1146 904
1083 1199 1639
742 890 1374
905 1890 86
140 2312 516
808 2162 2288
105 182 1163
927 1333 840
725 1828 1219
436 1907 2210
476 633 2286
349 2056 398
305 2345 881
992 1942 2070
1148 1265 982
1 737 485
604 2209 1610
199 1737 2017
55 638 1396
4 1289 464
987 1943 1199
588 1585 1690
1135 1613 748
353 2296 914
12 603 1801
385 645 398
669 712 488
1030 1515 197
399 1933 511
122 1096 1199
1058 2051 1136
100 2195 1358
405 971 523
98 1968 2085
249 1749 961
1099 1597 1762
115 851 2183
1121 1854 1071
565 815 1393
512 546 953
485 1252 1890
1118 1925 1118
10 992 1419
291 1727 76
676 1955 709
323 2222 2386
913 1426 2207
759 2347 81
967 1850 159
618 1394 1136
474 2258 1892
1154 1893 719
1 2345 910
896 1435 1993
1039 2369 1726
862 1091 1292
319 2156 1685
418 1322 1760
204 2099 974
360 1182 1473
768 1227 683
414 1670 1182
883 1178 2332
820 1950 528
1088 1874 2078
823 1879 146
547 957 683
1080 2364 1376
788 1214 2270
1042 2211 1408
1162 2101 1893
951 1287 589
628 1198 382
301 701 891
802 1450 63
443 2350 1906
48 2232 56
1100 1243 893
690 1215 246
523 888 669
1085 1750 724
1120 2130 1950
1140 1475 1544
1146 1613 1056
232 1577 841
43 2252 2235
467 1779 2113
319 1890 109
437 1207 1341
122 328 992
578 1392 1420
287 629 601
928 990 1212
455 2246 1847
1043 1904 2230
438 612 2212
230 408 311
312 2160 1042
1086 1318 1512
575 2286 827
450 1303 1122
567 1153 858
352 955 402
195 1842 748
954 1141 2132
1049 2217 2305
540 1279 265
426 2297 497
527 1364 1165
1129 1360 16
446 1747 829
813 912 213
33 778 828
748 1145 621
702 2223 1660
909 1869 1792
741 807 1306
136 360 1130
1054 1171 1982
201 599 2325
1113 2167 1381
697 1305 727
458 1780 73
965 2069 1987
942 2166 1248
874 2179 609
373 1507 361
316 1894 1905
1160 1522 1748
790 975 1018
865 1360 1470
234 351 2346
372 1337 2347
885 1159 1543
212 2167 684
552 1617 2140
619 2083 1060
489 2370 1475
613 2084 2163
464 2243 733
871 1512 766
1127 2112 505
20 1292 599
120 138 1478
551 1422 2226
850 2262 989
390 709 2197
581 666 181
1057 2254 1839
300 1268 1753
318 1029 1208
128 1473 2174
101 1696 36
969 2148 1722
171 615 1374
1145 1963 1142
121 1874 2385
669 1572 302
539 1339 434
911 1848 231
347 1249 1719
287 1506 1679
947 1439 1372
833 1993 83
223 1011 283
89 475 1944
346 757 2193
819 2331 1932
585 693 1249
951 1084 981
126 297 19
515 2077 12
675 1877 1467
379 1047 2214
804 2144 1509
1157 1580 495
306 1626 864
636 2289 1631
115 162 128
759 804 58
216 439 229
1150 2088 1406
540 2001 1755
884 2107 1552
898 1853 732
1141 2370 644
1096 2109 861
1140 1696 2339
777 1904 510
302 2369 664
343 1723 209
548 2109 1851
570 969 103
818 2258 1987
243 1314 65
445 899 884
508 2376 1616
106 215 497
508 628 1156
920 1700 1695
1087 2327 835
1053 1588 538
138 1055 24
672 2249 1250
985 1292 59
157 1352 449
765 2305 674
561 2306 1605
671 2112 1404
817 1103 952
759 1100 2359
388 1383 2319
962 1748 2368
1152 1755 1761
776 1441 600
493 2337 600
406 1311 1392
42 1939 514
1009 1643 1320
477 790 222
1029 1204 1227
540 2269 646
490 1393 630
578 972 550
463 1207 1153
525 986 1854
1105 1305 746
448 1281 192
1086 1116 117
138 1650 840
541 2233 1663
355 891 893
1147 2156 1413
738 1809 1078
869 2282 140
601 1557 2194
43 1602 965
518 1916 584
1101 1173 1779
43 2279 306
954 2081 208
522 1640 377
448 486 817
685 1994 2101
207 1098 1620
1171 1615 1457
833 1625 1799
1014 1638 449
1032 2105 1542
1005 1290 717
611 1821 1806
1068 1352 1196
30 956 1280
768 2224 1235
669 753 1453
700 845 2388
920 2274 2225
959 1867 503
141 1022 1059
174 1457 1924
345 754 886
346 436 1066
891 1465 2196
912 1098 206
306 2122 1409
589 998 1913
896 1297 221
101 657 2124
791 1487 555
161 1125 37
712 1591 1775
390 1042 1570
1153 1454 144
435 2032 820
220 2333 2010
1177 2015 1425
273 1509 1089
989 1273 739
142 2321 1315
601 1586 22
1015 1740 1937
800 1127 2065
892 1184 1007
1017 1779 628
1132 1933 685
145 1802 790
589 823 25
428 2062 1675
216 2058 1252
478 1625 2149
414 1900 29
721 1624 1383
1000 2132 1502
65 1715 2112
405 900 2018
970 1922 69
827 1417 2067
336 1826 122
473 1375 2291
626 1039 763
653 2087 289
336 1630 743
517 2086 1560
1135 1912 800
464 1892 1436
337 1691 952
757 1271 199
48 2212 127
1124 1676 1196
118 1904 1753
321 1465 931
153 1007 1722
1091 1729 756
631 2240 2375
209 1284 209
253 525 1915
1063 1221 107
347 1758 457
507 854 230
905 1744 1163
590 2078 494
119 2346 2115
448 1773 933
458 1217 1933
699 1758 1615
647 890 1356
102 2101 1431
163 2212 753
668 1757 1686
297 2235 2044
859 977 756
161 1048 150
1045 1167 2030
488 1875 217
919 1633 2173
183 794 2365
1069 1593 1234
360 2281 291
687 1380 286
934 1127 1672
174 936 1397
105 1663 626
484 611 1291
1063 2229 2237
1029 2193 337
973 1414 1122
944 2040 1488
566 963 838
183 1151 2342
574 2294 2120
895 2241 1648
137 1710 888
682 1370 1135
307 1171 2358
147 1176 917
663 1130 779
326 1707 2215
39 310 88
1002 2116 1076
498 1304 2348
822 1371 1599
1134 2132 241
297 1391 2212
550 1688 715
639 1575 1454
1168 1448 2366
1053 2301 1803
48 459 471
488 1986 1596
240 1828 1360
865 2168 2082
5 511 718
845 2091 687
1100 1240 1463
655 2275 938
1134 1870 721
395 2049 1368
499 2298 1197
1016 2363 972
173 810 978
547 2180 150
796 1760 52
702 1625 1610
548 1758 954
1083 2161 1603
787 957 509
528 1007 1047
1060 2048 944
50 2189 1593
60 716 330
32 627 46
357 949 2207
648 974 418
1032 1896 2256
466 638 805
169 1474 1179
356 1936 2327
226 579 622
183 1913 251
715 989 1677
212 390 1442
72 1857 1510
216 839 1668
601 1656 1126
32 1685 281
772 1973 242
1091 1190 747
1111 1290 14
828 1648 2272
749 821 1639
195 1675 1570
60 1206 692
982 1280 1033
60 782 2304
400 1489 584
1062 1535 1086
825 2082 2378
430 1292 1015
564 1337 1321
294 653 42
395 2042 1238
925 1482 2275
378 1676 265
770 2275 813
31 597 752
743 1735 1558
1102 1579 1791
160 1121 1207
1104 1943 354
760 1395 609
361 656 221
342 1547 1486
781 1177 1876
1089 2242 1681
698 1525 1302
500 1632 1869
604 676 1891
233 515 573
230 1651 2084
960 1933 2154
1164 1385 1080
458 1252 1216
368 1756 2066
296 1915 555
460 918 1445
512 932 959
208 2020 964
453 935 1847
310 678 1884
950 1710 1432
631 2222 1841
888 1378 1217
1032 2285 2049
609 1606 1080
1099 2313 535
582 1329 2300
208 732 816
11 1629 1806
775 1680 1593
1178 1328 1167
204 2044 2391
490 1885 1765
1116 1341 2095
235 2290 1506
712 1287 1636
1108 1240 1124
756 845 515
1098 1548 1294
311 504 522
930 1259 1250
5 780 1348
316 399 702
766 1417 772
991 2202 1709
538 836 1422
600 1332 891
856 1194 1021
342 1366 78
612 1760 919
941 1361 2295
1050 2061 104
881 2199 319
537 1352 350
365 1983 1069
36 1697 95
266 1368 919
1189 1796 1111
799 824 1006
571 1963 174
967 2028 894
3 2199 2208
229 1356 1783
848 1790 928
1068 2215 622
281 1437 114
571 948 1278
30 1690 1090
777 1268 1114
599 2262 1924
146 1201 2384
381 2352 349
431 2160 1286
113 271 2070
693 2281 850