4072
1403 2982 622
1548 1643 1100
1173 3801 1656
922 2930 1654
1171 2937 1808
362 522 822
1755 3901 57
652 3301 797
640 3975 1128
520 2434 1059
1712 1729 603
1569 2936 2153
1145 2599 902
1236 2702 530
1754 2493 589
1905 2356 1157
1558 2447 1286
1857 2537 1391
1761 3693 175
1674 2339 1985
1472 1924 831
646 1986 2313
1995 2489 2054
288 3410 1089
475 3149 1708
1570 3790 1406
372 3138 1098
1284 3878 1576
1203 1934 1800
807 3086 523
946 2094 2149
262 1972 2364
185 3795 2220
1343 1796 583
992 3147 1601
721 1954 2337
1257 1684 2072
982 3117 332
1631 3652 971
940 2490 1057
1969 3010 2213
136 925 1675
1733 3247 1978
1485 1549 2010
702 846 2202
1605 1870 2044
1984 3869 2258
587 3712 433
1738 3903 1663
580 2703 1885
1822 3792 2351
1315 3638 892
1009 1525 133
26 2517 790
1725 3925 2075
91 3270 1611
1607 2002 1243
1295 3004 1856
17 873 750
1771 3650 150
482 1159 893
315 2216 1731
1070 2072 1171
195 567 438
1768 3669 1998
1422 1428 1243
1700 2730 521
1341 2581 1151
1384 3714 563
228 2161 1371
913 2187 1121
1356 2405 262
1253 1443 639
760 2133 646
636 3724 510
530 3128 491
1365 2173 165
1748 3201 2160
1347 3791 14
744 2570 2059
1320 2254 1342
928 3839 1048
723 3635 467
1904 2409 1025
1961 3880 1573
530 2514 2127
1988 2977 943
386 2296 2056
2035 2407 1782
255 4015 190
690 1516 947
1946 3319 1961
1474 3259 1379
1546 3668 1959
963 2759 869
1693 2585 520
1061 3967 2307
1484 3881 221
1108 2915 1474
1919 3518 441
1355 2829 1919
1233 1817 433
1298 1797 1095
210 932 1863
1946 3803 581
1016 3392 1609
1316 1870 2387
1104 1310 701
29 2382 1986
1326 3846 621
758 1917 2030
814 3742 118
20 321 105
43 3125 303
57 4012 842
1087 4015 1359
960 2928 2329
46 3052 1499
1214 2423 63
1794 3669 838
93 171 1005
1565 2813 2006
1496 1870 283
1947 3951 1953
243 2791 209
814 3834 2171
1639 2947 30
1124 2431 238
1865 2839 1849
1242 1893 1959
1054 2047 1937
843 1928 885
1315 2003 1367
779 1324 415
711 4042 2047
1478 3669 914
1056 2905 1076
816 1103 2400
682 3656 971
1596 4040 1546
215 2846 840
994 1638 2172
575 1986 1111
876 3223 984
1067 1629 435
992 3852 1548
484 3371 468
247 406 1157
1438 1917 479
1570 2572 2013
12 1410 1781
246 2839 859
1412 2905 1003
903 2764 979
454 2269 2387
1902 2703 465
476 3779 1338
75 519 1892
455 3498 1746
498 1285 1491
1965 2497 1100
1954 2778 1112
374 3906 833
394 1337 419
1086 3422 923
1181 1821 532
1396 4048 1725
618 2666 2262
633 2543 1497
664 2019 1690
384 691 1711
1735 3621 1428
1306 1724 261
572 2693 620
326 2163 2383
1067 2205 2051
2020 3711 302
278 1787 1088
1359 2199 1373
1760 3511 513
970 1120 684
157 1012 460
624 1188 2321
580 825 1732
307 457 1406
1129 3057 818
1838 2466 964
441 751 957
457 3609 759
1341 3586 828
656 773 345
4 1477 1870
1953 2326 1094
1186 2714 1489
1439 2159 367
557 1912 545
932 1510 136
48 505 945
1338 1829 1202
1703 2059 1111
232 1811 2092
1547 3973 1060
586 595 1392
539 690 1658
667 3564 149
1306 1828 1456
1298 1720 2068
430 1051 1532
422 3956 2331
717 1511 693
133 3228 2388
1421 3519 15
367 3088 1295
1393 4007 1571
1552 3167 554
95 3617 958
847 2410 987
1524 2324 280
1554 2114 1106
1416 1577 1340
1959 3863 1226
1276 2417 1910
1086 1906 1594
1182 4009 271
475 2420 2296
106 796 389
254 3305 1223
238 2230 1822
473 2322 1583
1021 2011 65
1641 2654 528
1503 1739 722
1393 2923 1138
1464 1661 1351
1980 3933 127
942 1132 833
389 2375 1520
1377 2736 382
410 486 1988
1820 1968 1084
458 1671 2353
742 960 1375
806 1076 2255
62 2140 401
106 2694 1930
632 1231 342
1649 3330 158
1076 3296 534
769 3746 155
941 2565 1906
385 2108 723
1616 2903 1750
1910 1967 604
1712 2048 2187
1005 2748 1092
915 2204 2287
1647 2500 2024
97 3110 1547
638 3306 1899
1866 2537 304
359 1448 899
1909 2648 457
775 2509 2141
37 843 877
575 2564 259
486 3142 1395
722 1654 383
584 3254 2275
689 872 147
1071 3570 2158
1472 3289 1080
708 2888 81
1175 2255 2147
1492 3114 627
509 2181 1391
233 3889 1398
1095 2833 1846
226 3137 1976
588 3021 1667
1649 3714 1559
22 2491 925
1041 3490 661
1449 2128 265
939 1876 1287
967 1036 1887
466 2497 361
1635 2937 2227
1342 3303 1466
1704 2386 379
1703 2415 2069
363 1598 1806
1724 2271 2
491 3897 1877
241 2988 1375
308 3745 1412
1624 1890 135
210 2161 702
1250 3392 1900
1739 2821 1405
1780 3734 2256
1323 3868 400
354 1725 1373
1799 2026 1072
1481 1804 102
226 3500 1602
437 1419 1582
1711 2025 1659
947 2560 537
698 2250 165
1341 1705 2168
568 3393 1309
1837 3834 393
1614 3908 2382
791 2987 2029
501 1841 1371
1519 2523 534
301 2776 2218
492 3853 1728
1664 2767 1493
51 2882 781
312 3410 1708
1036 2418 377
1738 3299 453
409 2466 1905
1319 3484 1633
1913 3462 177
1089 2912 1404
1899 3885 277
619 675 2129
336 4021 40
202 2883 1738
1189 3232 2137
28 653 1677
1686 2763 911
525 2813 217
1642 1855 303
1545 2233 1192
1217 2293 332
1456 3751 2101
346 907 1757
666 2638 1975
1023 2150 588
670 3135 1777
1528 3646 1390
477 3887 717
1384 3700 739
789 1701 724
1070 1210 2040
473 3486 1899
431 482 2095
1524 3163 89
382 3765 31
684 4014 1740
235 462 215
544 1623 1859
53 711 145
953 1462 1866
1633 2595 2018
1602 4047 2162
1807 3601 679
663 1252 15
560 2232 1691
1244 1274 975
700 754 180
1724 3365 1549
1597 2553 1276
1658 2507 396
910 3442 421
609 2174 2015
1340 1363 2032
1483 3801 679
60 526 1108
1922 3632 1084
1097 2996 1767
66 800 306
260 2956 525
572 3889 1860
1991 3063 1673
643 3727 2269
587 3767 817
1159 3318 1877
1058 2539 828
1339 2572 1930
500 1854 1514
1835 3853 1788
855 3840 206
1785 4033 577
1171 3650 1296
1124 3178 96
1721 3307 221
1740 2997 2073
1192 2037 580
659 3787 895
1290 1518 88
897 2339 872
11 2670 999
1128 2097 230
1380 3142 1179
511 788 617
208 3169 1197
1703 3762 309
1235 1616 1547
261 2370 2178
524 1019 2329
1944 2295 636
934 2806 1840
1309 3761 1823
538 3969 1671
1087 3506 2026
1112 3888 662
1563 1850 2284
206 2970 2188
1681 2542 1949
356 1982 1326
321 2061 2101
794 2427 519
1013 3395 454
1654 3053 1440
757 1350 2035
1270 2832 1962
155 338 799
21 2713 59
591 3372 429
1818 2559 245
1410 2351 743
261 2285 838
1678 3853 1311
579 1672 1041
1135 3932 710
700 2478 58
628 4002 1425
14 4014 504
1492 1964 690
514 1742 1879
1461 3626 742
1940 3019 545
689 3794 305
427 2890 597
646 2804 1067
287 347 1682
806 1541 516
92 3062 1370
740 2889 669
1166 2882 1992
783 3870 2322
1947 2104 2245
687 3504 1011
1670 1945 606
345 2460 833
141 2287 1037
1967 2926 172
810 2651 313
78 339 1632
1522 3496 590
1961 3870 514
1379 1454 2302
1359 2490 1614
1781 2136 1513
347 2003 416
7 2401 1443
1246 2349 2024
1912 2194 217
1980 2127 306
84 2131 1527
1880 3558 679
911 2842 910
395 1905 929
1678 3305 1847
1452 1879 2364
14 3926 129
1128 1336 2062
1630 2757 1732
1377 1599 78
573 2012 1279
189 4014 2191
1236 1735 694
462 3368 2160
586 3349 977
321 2304 1708
1600 3560 2191
1793 3451 722
775 3079 1071
220 787 2261
2014 2501 688
485 1769 1247
1381 3862 1963
1352 3947 136
1168 2406 557
1704 2405 1056
1273 3788 72
1817 3182 1111
636 1692 886
1382 3908 931
1364 2600 482
30 3233 2250
1172 3217 825
1848 3280 358
640 1666 1450
68 2340 2102
1060 1559 1216
712 1502 2400
994 1512 2067
1884 2080 882
27 165 1381
220 971 1588
1888 3157 2234
775 2978 1003
32 2143 229
1056 2204 2063
957 2849 53
552 3776 1633
1546 3458 2287
1534 1812 2280
1442 3503 549
1929 2506 785
690 2846 1902
1656 2179 1816
1374 3249 611
590 1825 1769
1175 3664 2109
1177 2296 2272
75 944 2301
1748 3897 345
723 1123 375
499 3557 2064
951 2707 406
1736 3022 717
515 1802 1499
415 1855 1682
1390 1813 1491
1474 1974 1363
875 3325 478
1464 2034 277
1424 2753 1668
1059 1284 370
886 2095 1544
381 2150 166
625 2653 567
648 3665 2200
75 2176 1306
770 1976 846
846 2632 2341
1757 3364 1282
1740 3917 2260
813 2337 2165
349 2753 1559
376 3351 2053
1213 1598 13
438 1072 494
1343 2823 1215
1663 3945 2035
735 3943 620
1656 2170 1299
240 1658 2112
658 1825 2204
1210 1257 1431
877 3367 442
270 1012 578
1404 2549 2102
917 1007 1641
1366 2623 1841
341 2007 407
869 3713 486
1193 3600 1414
453 2684 2111
1013 2500 1721
1088 1135 30
335 721 132
1876 2858 1936
1300 3763 751
1398 3333 1240
1563 3517 1561
1263 2247 1989
1416 2530 2128
723 1693 1265
137 1834 723
2028 3857 464
1587 1781 92
1714 1777 1241
553 3897 1200
1097 2543 1017
1722 2563 1709
1543 2540 372
1542 2435 746
1693 2506 2265
346 455 875
19 4024 2145
1968 3289 234
1985 2230 758
478 2514 2342
137 2028 743
387 1544 1870
914 3401 2362
738 2012 827
265 2684 1807
226 2285 468
320 2762 1589
809 3487 69
1867 3187 807
1804 3700 790
8 4069 1131
1486 1773 125
246 1470 717
330 1452 11
68 420 1999
257 703 2031
679 1082 2165
924 2822 1363
155 905 1311
1333 4060 1880
1529 2189 333
248 3471 1090
1752 2540 549
842 3622 2363
2022 2880 1900
694 1685 1349
1915 3160 1635
1047 1415 1390
1249 3732 1754
220 3405 1758
249 3446 664
182 2500 1665
547 581 1364
304 2174 919
1632 3251 274
1033 2398 235
1865 2188 2233
1898 3415 1012
602 3208 2272
1583 1618 1755
1892 2904 1323
276 3245 458
1324 2649 935
705 1138 566
1785 4021 1888
1546 2143 2398
1322 3720 751
1387 3527 1491
394 3623 806
777 1801 164
1267 3087 1318
1759 3180 2105
1302 3317 1276
47 3916 1591
915 2571 920
1133 2617 1587
353 1615 717
1089 2167 445
1296 1358 11
252 3177 1503
438 972 180
1233 1395 724
995 3999 653
1710 3492 854
1175 2360 2125
1686 3957 2159
1830 3803 229
254 1353 2115
262 1853 742
1560 1617 1970
1027 4043 459
163 1770 2319
561 1828 1339
443 2638 451
1191 1198 1117
1479 1990 252
32 3802 2208
1916 2541 1309
295 3549 453
674 2383 448
932 3896 1958
1621 2199 814
1740 3543 1250
230 1660 1005
1195 2607 2157
1319 2480 2133
700 4059 896
139 2472 1737
701 788 902
827 1236 2031
479 1959 1792
323 3547 1058
1768 3385 1575
312 1752 1218
431 3398 704
1446 1984 2025
507 703 1778
1644 3949 902
771 1668 1719
1330 2487 1996
36 90 699
357 589 1685
554 1227 821
1508 3223 111
276 1693 1669
1337 2273 1662
1769 1786 1952
135 222 2259
528 2035 2289
1907 3107 1806
1224 1791 1147
411 1613 345
481 1877 544
990 2570 2237
508 3856 194
1364 1408 1663
872 2419 2200
52 1869 2254
145 1617 743
1097 1927 168
938 3803 684
1740 3119 2004
1823 3369 433
1751 1976 1683
1129 3837 752
1725 2343 899
1455 3097 1686
252 2860 969
290 1779 921
1105 1509 1176
1353 2003 1244
639 2101 56
1757 3551 363
1395 2377 2226
1274 2512 2284
1090 2805 358
354 723 860
622 1901 2204
1798 3809 186
1725 3788 1845
943 2982 2326
319 382 1994
440 1835 48
164 665 465
424 1040 437
1708 1725 443
67 3539 1164
1679 2583 2058
1524 3419 1179
708 2651 911
945 978 1392
1205 2900 1652
1513 1883 1118
1234 1516 1835
166 2870 1025
1988 2308 51
1987 2776 918
1491 3709 443
1846 3493 769
1917 2918 1733
451 2044 22
64 2622 1346
1820 1828 1961
1830 2780 2334
1879 4047 1310
456 3114 585
363 1434 2308
1342 1485 1957
1421 1932 1101
31 1969 1085
300 738 1629
1753 3842 1068
495 2303 605
1668 2586 2234
795 3175 2145
1844 3732 1119
1064 2672 207
154 613 1257
992 2502 2207
1594 3703 2052
742 1070 2249
1703 3518 1683
1980 4057 92
995 1555 316
1230 3243 1965
1759 3845 372
635 2177 2378
344 1714 1441
579 1950 2012
50 94 938
1019 2403 632
191 2790 453
1801 2329 1425
916 3277 1555
1382 2578 325
670 1150 1129
83 2966 1434
1204 1788 1371
1410 2061 1883
1007 3238 2261
547 2874 636
1522 3378 26
917 2104 1228
838 1118 634
1214 2698 1842
757 2747 2215
556 2635 123
743 2455 567
500 2057 1045
1622 3243 1596
1786 3796 466
210 1187 527
1176 2335 1161
1512 3213 805
580 1234 102
1976 3722 1288
1045 2699 1744
1787 2126 2281
1557 2298 214
1055 1792 1772
94 3811 2055
307 1975 1205
992 2769 955
1770 2470 208
39 2014 885
248 848 474
893 3262 1150
1420 3325 1019
1851 2724 958
687 1964 745
391 480 743
1228 3270 1246
24 1198 856
668 3795 512
291 2898 2152
588 2838 1450
580 2204 2081
502 1631 739
1297 3779 1316
1478 3356 2181
1196 1574 75
735 773 136
642 2693 544
1526 3357 486
1472 2878 255
1884 2206 2312
958 3446 1043
1349 2025 636
578 2225 179
527 3503 847
20 4017 177
1890 4015 1205
1199 1269 210
1422 1429 1877
1083 3049 1601
394 3849 1936
1274 3495 878
1611 3160 83
194 471 537
910 2302 362
95 2625 38
98 321 244
1494 2435 2106
1061 4051 900
1265 1426 1361
33 1463 2276
900 913 527
44 1754 244
861 1038 2399
32 1184 572
525 2518 465
1846 3651 1840
1183 4022 1328
1136 3956 906
1907 2357 196
1594 2389 2386
1767 2447 1242
1202 1789 1705
1259 2723 146
503 3258 924
573 2283 2277
2001 2094 551
1321 2868 2334
288 934 1288
1253 1666 2096
1892 3867 120
878 2289 2005
1406 2557 836
1098 3334 420
147 2765 1521
1766 3762 1853
446 2400 351
105 1831 325
1859 1929 211
35 3550 915
869 918 562
853 2603 1357
1893 3577 1624
1281 3862 90
924 3040 1622
1560 2747 789
1624 2885 143
1192 1901 1209
1385 2107 19
371 1414 1886
1739 3019 513
1341 3034 1564
628 2117 2219
1646 2825 2204
593 2310 1000
182 2563 1554
629 1374 516
4 1692 2360
1382 2112 1505
1819 3220 2356
1376 2170 2213
1172 2187 1194
1121 1283 501
1181 1536 1683
1921 3007 965
764 868 21
646 3710 408
458 2793 1369
1393 2698 725
1711 2345 932
770 1693 960
737 1884 513
1025 3243 1699
1088 3722 1569
1570 4034 39
5 1314 595
1755 4042 455
95 2705 896
920 3344 173
1285 3981 2219
159 3422 468
820 2978 2009
971 2081 20
1694 2320 239
1255 1588 291
2022 2248 1385
402 2941 739
170 1765 2162
401 1305 1204
1629 2650 561
1700 2130 647
327 2592 1777
1173 2941 1750
43 2825 895
534 1528 1414
181 1969 275
628 2147 1796
1102 3605 758
1407 3747 869
1204 3906 968
1487 1604 835
1026 1066 1834
140 3416 1029
1013 2920 874
621 848 904
1855 2789 1193
1199 2201 1294
132 284 1598
1363 1981 757
921 3566 42
1789 1986 1457
1971 3672 2069
270 2910 1889
1059 3195 2124
414 3939 98
701 1770 1187
2002 2967 327
993 2222 1785
1932 3796 296
277 2847 20
483 2807 1541
863 1260 896
289 3766 1512
1714 1736 1679
1854 3243 2137
365 2908 1388
13 19 142
239 1073 2020
1092 1224 1187
1254 2937 157
1152 1723 1191
219 1593 835
1311 1473 748
535 3795 1661
1741 3027 56
1679 3475 1358
609 888 97
1205 1228 115
1755 3871 1571
1496 3877 1045
1807 2410 2375
1158 3060 334
944 3654 1906
675 714 1321
78 2949 1106
34 3694 1994
1232 2238 853
1938 3674 1510
1352 3702 1919
146 3016 309
1982 2342 1169
453 2469 645
921 1935 532
506 3685 1728
263 317 1991
485 2174 69
409 3226 1008
519 730 1109
1364 3075 6
2013 2904 858
508 2823 866
455 1789 451
1107 3421 1001
1241 2137 1888
1896 2195 1507
1304 1374 612
2028 2938 1151
1084 3371 1076
967 2471 805
1611 2254 267
634 1821 464
1394 2200 2061
507 2282 120
921 3283 1906
1164 1379 2061
1944 3026 649
1274 3546 1583
1441 2001 1918
745 3981 395
149 3591 1715
877 1737 2048
1530 1924 1811
1724 4063 916
1634 3894 2192
1649 1666 600
1360 1425 179
821 3854 494
253 4006 1530
1990 2611 1070
1848 3851 2369
1011 2695 2078
87 4049 254
371 588 1883
1140 1735 258
1370 1446 504
493 3975 809
400 2880 33
1213 2009 1782
1709 2230 379
1999 2738 15
1629 2283 355
881 1910 2236
1792 3128 498
1638 2869 598
1581 2580 1617
1148 3354 102
1213 1763 1260
925 1180 575
1091 1498 787
921 1688 636
744 3101 1824
381 897 441
1456 2142 1588
469 3522 182
1980 2109 526
1129 2140 1863
1114 1657 1149
1509 1644 2131
337 3591 2280
1788 3819 1633
1375 3843 407
600 2941 1788
983 3238 412
1995 2401 356
1869 2652 2143
1250 2999 441
495 2896 753
430 3975 1030
425 1080 852
792 1548 610
447 1904 670
78 331 1413
1674 2735 1924
1801 2125 1316
1285 2096 497
710 3231 1221
657 694 1201
128 1720 361
171 3048 2068
257 491 299
1541 2942 1208
555 1829 1959
1840 3893 1031
1317 3295 938
1000 2404 1660
10 709 223
554 1720 639
2016 2551 1835
1579 2483 1432
1707 3199 781
156 1707 379
926 1823 738
160 3256 597
1414 2266 1452
213 264 1771
1567 3729 1710
1579 1942 2391
39 1320 2390
1839 2607 740
934 4060 71
526 2963 2295
1685 2496 722
1360 3268 2131
1198 1580 1021
404 1805 1235
812 1945 947
1321 3694 343
655 2367 380
762 3795 1482
2008 2297 18
103 2891 2371
30 3040 889
559 4023 19
365 3898 2209
1550 2200 694
73 714 1861
1022 3102 1222
1035 2711 2153
1412 2039 816
1782 3162 1030
650 2566 362
417 2065 488
1001 1226 871
755 863 1117
1984 3298 823
890 2651 295
1997 2372 502
38 3087 547
1915 3515 1078
354 3243 1267
991 1569 1902
1546 1844 128
16 2748 915
1309 3036 1724
707 2036 1802
668 1031 396
1252 2797 1465
54 401 816
1999 3639 200
455 2071 524
1857 1904 2162
747 1449 2272
1236 2124 2273
650 1799 1461
51 658 320
69 3929 819
482 1609 2381
1826 2851 850
39 3267 1373
1035 1805 1627
347 1034 1814
1970 2033 2220
63 4020 370
1935 3288 2009
170 3061 2187
1194 1852 803
1866 3696 1549
219 3937 1094
527 3059 372
1951 3038 170
322 3699 214
599 1781 2081
1300 1351 1548
1361 3029 1839
543 2378 2387
775 2660 610
301 683 1637
136 1771 1773
900 1235 332
1825 2416 452
707 3835 709
678 3058 1238
94 2808 1923
1857 2285 690
1895 3009 1150
1245 1564 700
882 991 1357
462 1333 595
220 3989 575
1696 3662 1622
1124 2737 545
1988 2392 470
1735 3827 378
967 1636 1143
1686 1767 1577
1256 1374 54
989 3664 2277
205 3604 1111
1153 1239 1355
617 3356 848
1170 3395 41
840 1993 748
1099 3008 1977
941 1141 1101
431 3781 101
1294 1338 1824
1766 2109 995
742 1696 1854
1727 3608 1784
1018 2352 1014
267 3973 1298
608 3316 810
1530 1575 1301
1522 3873 976
651 988 1201
1157 2193 586
155 286 1217
239 621 1164
675 2401 1599
1506 1635 63
104 2672 981
1805 1872 1879
1481 3599 596
1627 2521 2364
1687 3099 57
1207 1595 649
1335 1896 599
1355 1931 522
1428 2005 422
297 1849 388
782 1161 1811
1805 3276 197
1355 3696 1446
233 1100 692
1450 2175 185
1574 3067 215
1150 2674 2181
783 2313 1753
1185 1245 2354
1528 2238 1706
696 3271 1762
629 1724 1900
1680 3614 1279
1810 2031 1390
1558 1685 1769
879 2507 159
1700 3834 621
565 1072 221
712 2544 941
1931 2165 474
1662 3219 2366
165 3159 632
1676 3889 2027
732 1322 517
220 442 44
395 527 2187
538 3017 2297
453 3543 503
1475 2411 1834
689 872 1043
990 2339 1567
669 1251 535
136 1676 2303
1617 3419 2224
162 1586 2210
1328 3820 1766
1713 3938 827
1948 3109 1339
1511 2633 1324
181 3036 1550
1228 1452 1639
1513 2832 1913
1616 2076 188
2033 2284 1826
1001 2845 471
941 1524 610
1950 3106 367
1017 1796 1471
1936 3650 627
1553 3996 1681
1119 1749 586
195 1811 406
448 2225 293
921 2230 1776
62 3454 994
1247 1960 433
1993 3908 649
1378 3185 1631
1779 2196 1959
1618 3554 1932
67 644 2351
700 1531 1771
664 2760 1020
1305 2512 645
1974 3316 2346
145 1587 1187
121 3413 1543
1605 2942 1822
792 4062 1694
1556 3554 1129
944 991 1306
1273 2376 1050
106 3501 2357
1615 3146 99
1672 3387 1637
1530 2491 1593
789 2110 834
115 3580 380
791 1562 1564
1552 1828 647
1718 2478 1852
1276 2722 1392
1343 1833 869
552 3273 2150
420 3361 83
821 3619 1561
694 2208 1107
2023 3912 506
1779 3837 1866
1271 3600 1548
732 3505 719
100 2598 1565
71 131 189
245 3151 2009
263 2955 292
1809 3254 777
1746 4067 844
1276 1618 440
1692 3381 2370
616 3026 2370
1655 4005 962
970 1675 1902
1405 3472 513
105 1759 499
255 428 2155
1372 2312 452
1787 3617 1961
398 1703 802
1470 4052 1258
161 729 2170
235 2236 1286
226 2478 496
1218 3543 318
1442 3119 1775
607 1415 1258
1080 3735 317
1800 3823 1536
1643 3224 1503
1711 2926 1123
1365 3890 184
1215 2875 1530
92 2572 1255
1133 3740 1877
131 3257 1878
1001 2296 958
1396 1437 464
1034 4052 560
1527 1793 524
1530 2483 491
1717 3058 1781
563 1812 2295
356 2572 2152
812 3099 1792
1365 3862 2108
2004 3032 1998
78 1146 1488
1990 4071 1344
1720 2107 43
917 1486 531
1021 2865 1077
306 1326 1326
59 969 1588
404 1899 343
216 4025 374
1802 2790 1084
1118 1289 2186
237 1750 565
1296 2774 759
1194 2210 2274
1613 3762 612
894 3591 612
1402 1448 1028
1304 2225 1708
638 4047 2146
2026 2629 363
799 2368 1964
1932 2982 2316
851 3837 11
291 2153 789
1390 3818 1889
973 2843 192
202 1293 326
461 1802 772
556 3255 225
1663 2598 1111
1297 2908 827
1877 2642 521
905 1340 1638
513 2457 2091
1772 2215 1018
355 3727 1432
54 1782 2047
308 331 851
1939 2900 595
1436 2534 21
1068 4025 1013
239 3043 2249
372 3196 373
819 3613 1073
344 2058 2284
1326 2424 1085
2020 3491 1509
262 2221 777
1815 2799 1147
1135 3190 407
1731 3614 1388
1499 3544 1305
842 2612 2251
256 2616 42
1653 2941 264
144 2619 1858
1908 3861 1814
813 2793 1622
290 3131 390
7 3486 1695
1718 2511 490
704 2171 1004
1685 2778 1647
1238 1390 1626
1558 2707 1249
603 2466 2326
223 1538 157
237 3278 1217
33 3589 158
461 2164 762
1055 1530 304
1763 3397 392
1057 1318 2266
1552 3070 788
1568 2621 1611
958 1722 2025
1107 2462 2070
1271 1464 884
1476 2792 1368
205 3735 1931
1861 3517 732
1853 3206 687
642 3526 1787
844 3350 208
7 200 1026
618 3731 1207
1943 2594 86
848 1510 293
747 1643 2385
1506 3314 1314
1201 2296 1037
393 1052 1083
1840 2210 506
1939 2817 672
1972 2315 361
1711 3642 1012
802 2046 1931
880 3948 16
553 3632 925
615 1711 2119
1496 1765 428
945 1467 1086
433 2659 1196
1441 3854 833
1155 3741 1937
1811 2426 119
1090 2051 1036
894 2071 2187
1645 3343 982
1490 1887 622
1829 2941 1074
2023 2739 1469
357 3927 1946
2033 3598 175
336 3457 2314
1024 2511 419
715 2384 2385
832 1075 1088
814 3977 1462
19 1892 2117
1815 3927 224
312 1163 494
734 1774 1307
517 3295 459
631 3457 1102
896 1046 1171
1467 3454 2200
1937 2758 2135
1243 3803 232
1299 3469 894
371 3091 1797
1795 2456 2108
1237 3562 1689
136 2450 578
744 1977 447
1004 3127 2263
1157 2328 1640
1327 4024 720
1627 2973 2096
1331 1351 1975
1070 1139 1913
1077 3804 70
501 3370 1928
920 1590 2277
884 3727 1684
545 4051 1193
283 3206 2272
216 3760 623
502 2101 1497
312 2365 2378
419 2811 268
452 2616 1351
212 3446 22
1481 1999 822
940 1421 380
643 3596 1854
1944 3774 768
598 1141 805
825 3029 1732
1349 3440 609
1338 2027 952
741 3144 939
183 1727 1027
669 3409 1984
1844 3513 2197
795 1558 2360
925 1309 1059
1630 2608 1205
308 2022 889
596 3324 186
1847 3794 153
158 522 750
1852 2075 1228
78 3012 1609
1080 3656 2011
1645 2696 2328
196 4035 1721
1405 3581 1622
275 2377 2392
931 2950 1757
1295 3043 1379
1762 3860 2211
11 1470 1846
436 588 1427
1453 3766 88
602 2334 1935
1607 3687 155
1857 2615 229
1289 1716 218
198 1347 130
920 2015 2361
1049 2846 1940
962 1971 647
956 2254 71
425 1342 2183
1207 2136 794
1134 1970 641
731 3380 1712
346 3460 2361
1790 2457 1228
351 674 189
1198 2512 866
1465 1919 2152
25 2096 809
1671 3435 1194
1673 3068 470
1112 2204 1366
329 2809 137
1821 3396 1559
139 2944 737
315 1114 136
96 1928 611
1373 2939 1542
1111 1901 1053
385 3176 1608
1714 1719 1027
1861 3508 445
889 3159 1649
722 1452 593
1847 2471 1983
1669 3855 2086
404 3115 1319
1908 1986 1105
478 2671 233
1900 1938 953
1810 2223 1502
1283 2857 38
528 3519 1031
894 1968 551
867 3339 970
937 1601 1992
1871 3278 2255
1735 2113 230
510 3341 964
280 2363 1554
1166 1301 2247
1677 2922 1284
609 777 1594
1274 2064 2018
1993 2452 1310
1766 3326 2364
1570 3427 299
718 2730 2365
1841 3348 872
1490 2355 56
1050 3930 1727
1443 1979 1827
1205 2596 2259
657 1491 636
1828 2739 757
1358 2417 1375
1899 2467 1273
263 2294 255
1186 1407 2339
375 2905 2182
1635 2539 150
1322 2298 1035
1007 3080 2374
572 2410 378
1560 2670 500
1561 4013 983
960 3418 852
586 2181 2134
1157 2349 1921
986 3801 1237
1472 3931 2361
227 1742 1151
320 2060 572
938 1739 1096
977 2088 608
29 302 1931
971 3889 2151
844 2028 1667
1662 3549 1387
1169 3336 1137
647 3523 1858
1824 3748 1490
684 1376 1155
693 2933 988
1283 2506 825
1359 2661 485
1257 1775 2168
84 3279 225
85 974 2065
411 3554 1981
617 2071 170
1677 2250 1908
558 2792 1032
1809 3225 755
324 3051 1940
1118 2706 58
237 2465 1359
527 3532 323
43 3477 1885
1844 2887 998
1931 2828 362
1645 2945 1131
301 2764 2236
1471 1491 1422
1290 2255 1880
525 3444 786
147 3989 384
1112 2256 2
391 2623 2270
1981 2673 1069
1498 3053 2121
1939 3251 2185
977 2704 1922
752 3171 1601
81 951 1173
225 1273 1091
695 3520 463
348 2718 1694
740 2090 2101
1164 1356 269
2002 3677 43
1481 3379 2111
1753 3805 2231
937 3911 1576
974 1551 2140
611 2021 2171
749 2332 4
478 2765 1656
279 3317 684
588 3436 1680
1027 2617 1915
123 2422 1795
133 936 466
688 2109 1164
1055 3184 348
1989 2605 2270
1463 3634 979
1199 3158 1600
1109 1368 102
904 3887 2157
526 917 1665
311 3859 1846
1126 2950 1423
1062 3029 1159
1689 3966 1193
1571 2767 264
751 1421 378
1903 1934 1288
332 1769 417
565 3799 609
441 3990 1581
170 2797 1542
1116 3363 2276
2027 2934 299
348 1779 2025
689 4040 2363
934 3093 1232
1040 3593 2113
514 2533 2050
377 2198 1249
183 1349 188
402 1605 188
1756 3370 15
1494 3258 1783
779 1223 1500
1840 2916 967
777 2846 1236
1419 2940 150
1078 1513 1032
1711 3809 343
642 1910 681
765 2933 961
1636 2936 1611
1268 3490 88
1056 1208 538
620 3380 1971
117 697 1415
318 476 1193
489 3619 919
422 3801 752
984 1642 2398
1163 3440 1263
732 1247 340
34 2389 452
524 3094 607
625 2224 2347
1018 1579 1568
154 2468 2077
314 432 1594
1508 2188 495
573 2819 2285
1286 1433 1831
1524 2824 238
874 2463 2018
1269 3803 465
1393 3890 826
570 2347 266
483 2244 1712
447 768 1623
276 1634 74
1123 3351 1779
680 3964 1994
1688 1802 760
1007 1177 345
1439 1577 2141
1086 2817 2321
1614 3446 10
1487 2516 1772
1531 2050 1685
943 1116 1935
115 3973 971
392 906 765
495 2058 1917
1752 2592 282
366 1509 1862
806 1608 87
310 1137 2354
1636 1956 1973
411 2314 2047
321 3936 1860
652 1540 2118
871 3602 745
402 1901 937
131 201 990
1255 1891 2376
1116 1185 337
1265 1607 1141
1919 4022 382
1085 1555 2325
1222 3893 1541
688 2835 1924
1892 3624 198
1643 2196 2032
1616 1664 1383
1384 1801 145
1468 2359 1850
129 2353 1895
207 1476 545
489 1619 1290
867 1152 62
1679 4012 216
1153 1744 1514
429 1434 365
1055 3076 96
1607 1873 2242
861 2299 1630
8 347 1111
1674 1838 1069
587 1605 2094
1880 3868 1097
493 3905 757
293 2319 56
1814 3314 1022
523 3228 1387
1920 3401 555
1256 2897 998
556 1151 1788
1093 2595 718
1321 3715 497
468 2423 1129
1853 2643 415
782 3650 914
649 2366 1627
87 3260 543
1616 2174 1135
313 3467 1197
1907 2149 1125
1753 2810 1101
223 1994 490
604 2410 9
67 3853 1629
230 2239 149
1405 3516 1929
110 3619 1194
353 880 1245
1718 2932 1946
1479 2316 1861
1134 3289 241
801 919 452
920 2417 2335
404 1651 390
820 2207 2089
201 2409 628
577 962 1532
1160 1834 1126
323 3992 628
889 3672 1246
1231 2615 482
1605 3853 1170
533 3979 1088
646 3001 1322
1068 1904 1277
309 397 1833
1326 2510 1331
666 3623 569
1483 2397 434
157 3193 692
1825 2538 1954
165 3077 841
578 2059 1790
359 3644 1163
361 3687 1136
1539 3729 2207
196 2269 437
1011 1353 508
317 1897 523
667 3434 1543
374 3159 773
684 2998 625
493 1720 2333
1675 2584 776
223 2791 656
987 1524 1281
1394 2248 717
1552 1955 402
1374 3691 562
84 3850 940
1244 3462 1074
653 1265 639
831 2753 175
783 3984 1259
243 313 1904
393 1640 534
908 1580 1975
1518 3811 718
813 867 1955
639 2185 1071
268 920 1475
338 2775 1800
488 3321 801
1014 4031 970
1105 1128 337
850 2660 997
1838 3655 464
465 1450 1166
487 557 1912
1038 1230 1766
1256 2211 541
198 264 844
1955 3763 2051
1736 3408 1228
238 3995 1542
325 849 2279
1415 3728 1438
1002 1405 169
1734 2209 1953
740 2327 2158
583 809 352
1607 3646 788
808 2551 1271
1452 1912 1476
507 1145 108
815 1433 1628
962 2721 784
283 3961 1731
1527 4055 1762
579 2456 1163
881 3740 1149
1777 3100 602
357 1540 2350
1715 1739 1985
1535 3442 198
1822 2206 2208
1471 3429 1057
1090 3463 965
1484 3653 2264
1392 2938 874
876 3920 1851
95 575 1721
1527 1910 1109
1130 4016 1094
608 3803 2289
859 2737 727
403 2055 1550
880 3486 959
750 859 120
1484 3506 1673
1118 2204 101
1522 4053 1096
1458 2393 1622
771 2282 1242
865 1579 1230
1459 1976 1627
1225 1789 50
793 2848 397
1281 1554 1483
1624 1803 1386
1903 2805 700
1289 3611 641
613 1320 2062
1515 1844 2398
349 2035 1890
1834 3483 548
334 2155 1872
565 3307 967
1101 1501 7
1444 2819 377
1185 1784 1914
650 3812 30
1300 3826 278
1005 1781 2077
825 3370 1087
1018 1719 381
1987 2990 1857
975 1624 834
969 3885 23
118 3158 2204
1578 1906 193
589 1083 1310
1760 2596 632
995 1739 513
1545 2561 543
884 1342 2138
1299 2245 1432
1226 2560 1206
15 2805 2254
1370 1788 2279
1538 3958 580
1552 1702 999
1224 1927 1848
575 3870 732
300 308 2012
1538 3001 2305
1785 2259 678
1909 3568 1088
655 3660 2175
640 2639 377
665 1661 1975
1993 2073 1875
920 2645 1685
133 2981 562
1942 2090 1255
602 2456 2309
1331 1734 1291
1263 2623 1159
662 3072 1502
1447 1754 1244
1957 3385 382
22 2017 503
1267 2797 1421
2012 2625 2039
1773 2638 1780
165 914 1002
157 1388 2034
122 3696 614
71 3219 1475
1054 2024 1725
470 522 1921
812 952 934
1227 2703 685
1891 3013 572
689 3312 910
1066 1886 444
821 3966 1998
1678 3739 1266
1566 1702 428
1669 2925 1516
544 831 1522
723 2274 713
709 2042 784
329 2494 1689
960 3336 266
1987 3526 1868
1060 3282 64
1607 3713 917
656 1139 642
1083 2405 173
1526 1596 2296
480 1988 1994
674 2720 825
762 931 840
1871 3579 776
1226 2990 86
1843 2230 314
610 652 2282
1917 3534 1316
138 709 1151
1752 3375 1581
1516 2877 119
1522 2694 1568
108 3378 1814
1590 3229 1521
644 1140 159
329 2240 1522
853 2886 576
889 923 1714
300 2464 165
694 1868 1205
882 3414 700
1482 3743 1516
1149 3925 2224
740 2115 312
1175 1883 992
1707 3364 2341
786 1829 1762
1631 2336 2061
1339 3828 124
725 3786 1279
1548 2803 1572
1831 2768 962
1246 3697 1469
734 1593 876
377 3287 912
751 2470 2133
1751 3734 492
1565 3186 61
1909 3512 1831
518 4007 1361
2013 2485 510
1861 2781 2289
184 3832 2213
1978 3406 1853
726 3301 1269
1344 1569 304
1754 2070 119
594 2278 1399
441 872 2234
1349 3420 1878
311 1900 1997
1259 2940 441
1082 3160 161
1541 2149 2269
1923 3946 1598
670 3031 2181
688 750 689
1269 3611 2100
1876 2137 1647
1995 3594 2175
821 3028 409
1108 2176 145
1315 1490 640
1895 2703 1354
630 2006 202
744 4016 566
1837 2042 1144
752 1770 205
21 2410 400
1219 1893 106
1483 2147 1904
1691 2306 1028
1056 2998 478
298 1552 2323
1006 2751 2054
1035 1993 754
196 3019 1626
779 1508 765
1577 2930 2368
1543 1687 385
1740 2793 879
1792 2392 2021
176 3357 1288
538 2101 71
1488 2919 2380
1702 2245 2171
1930 3125 998
1387 1955 659
385 3683 884
379 1970 405
1576 2828 474
3 3263 377
1768 2166 268
1177 1184 981
250 4025 626
1695 2295 745
985 3284 1106
1194 2589 1938
1879 3769 1624
559 1274 1738
1583 2456 260
1998 2275 1875
1810 2389 1892
412 2591 484
1465 2238 1970
1488 3804 2108
1676 2908 806
1447 1512 545
1047 3282 1568
1639 3576 1594
424 2029 689
1368 3321 2291
1369 3273 158
135 3421 1816
1463 3781 413
1476 2643 83
1859 3230 926
1636 1817 167
146 721 2229
1081 2027 787
229 2488 1114
1824 1833 61
952 2125 2273
1338 3185 2333
1827 2303 2195
235 1677 622
121 252 2208
816 1745 2311
327 3644 520
1323 2846 1888
1015 1794 1838
633 3020 2118
851 3146 1146
783 815 2179
544 3181 323
1276 1620 1163
1790 2729 2022
1036 2392 2093
1795 2743 1653
198 1389 1262
189 488 134
1482 2626 2069
810 1764 1556
1997 2187 1880
1618 3594 1675
1649 2296 2132
1272 2062 1189
1470 3170 320
1970 3187 1051
787 3490 653
202 3497 352
1329 3082 2062
1819 3655 1178
984 3011 2115
335 2224 1594
434 1132 964
1215 1481 770
2015 3890 690
1174 3677 856
1008 2475 1231
15 2177 707
58 183 1321
135 535 2127
1138 2120 591
1920 3082 1475
863 2156 1242
1081 2235 2028
1216 2126 467
754 1790 107
782 3788 695
1752 3872 918
776 849 1880
382 2784 2015
951 2617 288
382 2466 1565
1544 4067 1945
337 4064 850
1913 2159 1668
705 3095 515
625 3584 1695
590 1071 2304
1954 2877 1695
238 3959 642
1115 1980 992
628 2507 1172
1699 2290 2390
835 1719 904
520 3015 644
518 3645 2050
1491 3380 2190
1436 2455 166
60 2574 230
637 3709 735
1348 3979 528
1270 3142 602
1627 2687 353
1044 2835 65
1756 2333 850
197 3387 504
1936 2526 2032
1641 1683 259
1976 2319 225
599 2644 996
1482 3548 2211
330 1253 767
827 1325 2223
1590 2643 2237
166 329 1768
1960 2960 1040
1684 3861 1447
367 2211 1009
1393 3191 2395
114 1860 2322
1679 2583 471
7 622 172
1256 2673 315
1070 1294 1022
1607 1745 1000
2006 2957 2262
1297 3773 2180
651 3031 1046
1839 3946 545
1740 3028 2228
160 2947 966
726 4054 2173
607 1292 999
36 2290 967
1562 3193 1291
1784 2560 2016
262 263 2116
471 2894 1840
809 3905 636
1859 3347 1584
700 1365 1193
1857 2088 2281
679 2772 1196
1441 2281 2357
1672 2164 1419
560 3439 2119
948 2139 1895
737 1861 847
631 924 1604
1733 2076 1919
1838 2310 1443
57 1696 316
1865 3699 1783
623 3463 877
1596 3780 4
1581 4051 490
550 2416 1916
154 2316 1344
1564 1963 106
1083 3157 433
1745 3401 317
1896 2889 2310
159 3105 280
1008 2843 646
1699 2531 552
958 3000 19
363 3049 134
282 3435 891
24 2799 414
1618 1897 2003
860 3125 1836
788 1982 305
1744 3022 521
803 4033 885
1573 2452 374
1612 3144 249
393 3582 1849
449 2793 1954
1631 3089 1203
1529 2010 438
464 2743 455
392 1670 1843
1179 3234 2156
1144 3195 1912
209 912 682
758 3383 1371
394 3508 2294
1166 2307 325
1212 2211 1934
1795 3869 570
570 1888 1028
1462 1509 363
702 1477 249
1324 1807 20
1859 3173 1533
550 1741 1566
611 3060 443
1147 1236 1755
1124 2970 1081
226 2419 851
1522 3737 504
200 3479 192
1885 3844 904
92 554 161
110 1006 1904
1622 2730 1649
89 1202 1340
350 2001 1731
717 1789 1397
1998 3888 2221
1782 3970 1648
1652 4004 1155
1884 2240 1858
1512 1592 362
1074 3116 1963
1303 3921 1968
1703 2999 1903
1327 3725 2350
1469 1708 1310
302 430 1950
1718 4038 575
243 3004 2267
944 1593 978
316 590 1379
1422 3760 1010
33 1287 715
282 1122 2349
1981 3533 2137
1745 3372 1847
529 2162 1597
1549 2855 481
1057 3573 844
1538 3787 1285
244 2621 679
1991 3951 38
645 1116 1854
642 3243 929
1393 3390 632
475 2088 2189
791 3078 1416
1515 2913 2368
1646 3053 1417
1534 3854 1733
1803 2063 1296
2014 2391 1163
1191 2575 2101
29 2904 1609
1424 1834 1152
1920 3095 1285
721 2723 2382
1538 1835 2195
1602 2863 1857
1125 1232 530
934 2888 1348
910 2562 304
1463 1832 1372
199 1284 2308
744 2035 1312
266 1939 973
1645 1935 2205
1548 1829 1020
1352 1759 1268
2015 3014 1193
991 3958 95
1474 2562 1710
616 1969 1815
1925 1959 827
817 2161 899
217 2971 1081
1705 1732 1461
1525 1766 2354
1123 4040 911
618 1729 2041
1366 3033 448
977 1176 2005
1259 2173 1610
981 2933 1353
1106 2190 939
1237 1674 482
1357 1445 2187
266 2829 1562
63 185 197
307 2037 2399
219 2127 2267
1904 3363 31
332 2967 894
1673 1942 1189
788 3020 320
185 978 1118
1766 2554 1444
1877 3732 1814
1388 2301 1794
892 1676 1031
1909 1960 1354
2034 2606 2285
893 1747 78
2016 2684 2278
1504 3035 217
1931 2487 1233
1956 2188 854
731 2918 185
110 1009 1366
1166 4064 2115
579 1210 916
389 1201 2341
1246 1937 815
1133 3723 1234
433 3237 131
241 4046 451
735 2178 1222
362 4030 2114
1045 3124 1598
1471 3951 2232
60 4047 2008
963 3103 237
1944 2138 165
1221 3943 152
2026 2148 524
1103 1963 1260
1770 3586 442
1830 2156 171
1535 3052 875
1807 3780 2211
953 1592 2024
310 498 1203
848 1423 1245
210 456 95
12 897 1409
620 2136 539
89 3620 1711
875 1318 1370
235 1534 343
374 3370 431
313 3718 1170
1807 2098 848
1700 2431 2011
1256 2385 838
1342 3828 1807
1509 2019 309
1351 2655 1939
798 3272 47
577 1267 1559
967 1499 1574
1442 1668 391
1135 3082 2023
196 271 1602
822 2622 1685
1114 3432 644
24 3659 150
397 3633 2306
491 1745 1748
892 3494 1696
1606 3149 2090
1717 1829 718
1018 3022 194
784 1133 2157
886 2140 1017
450 2993 885
1107 3315 974
1287 3428 1956
485 1228 1567
73 2629 1982
252 329 1788
173 963 1656
1331 2860 1105
247 1811 1247
340 1044 1509
1757 1913 1241
199 3699 1911
166 2904 18
727 3271 82
693 1116 1789
41 2800 1316
280 2280 354
416 669 1432
1529 1797 1007
532 3865 75
1188 1309 2348
1408 2623 2312
2018 2935 692
757 3080 1241
993 1281 957
1480 2783 1879
1157 2050 317
24 2220 1906
149 3200 622
1003 2266 1177
862 2120 1867
163 2923 343
500 3198 246
57 1350 232
1300 3627 1581
1695 2288 913
1265 2025 68
722 3001 1004
619 712 2241
1740 3940 2333
649 2220 158
1577 1672 361
1789 3563 1609
1579 2832 11
641 3034 744
876 3631 364
743 2114 288
811 1451 1644
42 808 73
173 3874 2218
1851 3823 1172
1273 1726 698
739 834 2244
1407 3850 1827
204 1599 1219
587 2169 2094
77 84 79
1877 2913 814
674 691 282
647 3379 1509
585 741 784
316 2404 211
1381 2953 553
1565 2895 1330
1767 4016 502
1367 2397 608
1143 3184 2099
1593 2631 275
440 1931 733
173 3766 2129
1032 3143 13
1103 2944 1387
220 1785 1451
1998 2041 1940
243 3929 968
1114 3045 401
534 1364 1543
1314 3746 713
1314 2613 568
1763 2297 1927
1649 1717 2372
1141 3536 299
330 525 1103
185 3353 1079
777 2426 1307
132 1123 1153
1433 2734 1564
1012 3222 1286
505 2655 1334
661 783 1886
1610 3306 1674
1190 3007 2164
514 2043 1527
1863 3416 1807
1554 3019 2176
1149 1913 1423
1420 1737 2293
918 3493 1130
35 893 2378
588 1780 290
813 1996 310
1099 2465 2237
196 2167 1299
853 1191 2080
9 3877 1691
1544 1852 2157
145 800 1715
742 1696 128
1969 2329 2096
1492 1853 1244
1319 1874 1407
1083 2036 963
1807 3587 161
2026 3063 133
391 441 1372
671 3521 123
904 1862 2384
330 1012 856
1346 3338 1747
722 3460 1354
554 2151 276
945 3300 1695
1619 3896 803
1230 2366 1542
1003 1722 1644
888 1344 2091
867 3915 1339
374 1328 749
1960 3202 2065
1851 3464 2237
404 3834 1127
174 2337 482
1333 1782 1415
1851 2779 2332
629 3325 533
1183 2668 579
1309 2974 760
286 1613 893
630 2112 996
247 1220 1397
1601 2743 473
1578 3388 1597
195 1094 2160
124 1493 638
1422 4011 89
1295 2764 1998
46 3599 217
94 1150 1277
942 3020 1529
1400 2245 1736
1284 1640 1246
1736 2108 787
1694 3181 1443
1153 2811 285
605 2840 509
1374 3878 570
529 1368 672
1356 2574 686
661 2065 287
262 1500 1126
233 3609 263
1821 3503 941
352 2681 449
29 1911 2171
1990 3755 1740
1051 1598 743
1255 3559 1190
324 2091 1558
915 3253 1795
1491 3426 827
2005 2302 575
337 1977 1859
1226 1817 1639
850 2369 1138
916 1618 322
434 2380 275
1842 1938 323
1713 3511 1600
1557 1705 721
1115 2716 2352
1509 2938 28
1477 3573 211
1415 1522 564
1330 3451 24
413 2266 762
283 2023 579
1593 2296 2220
1606 2687 554
1636 2574 1080
702 844 34
1195 3639 164
1449 2165 665
1668 2459 2062
1787 3032 1249
934 972 1404
266 572 1773
185 3134 1971
385 1632 1407
1269 1313 2218
469 2923 1220
1551 3072 1669
454 2524 421
1777 2050 1080
400 1986 1040
222 3117 872
1919 2760 2025
1169 2363 1863
253 2702 2283
1906 3450 2322
478 1894 1439
1255 2458 2213
1663 2152 1588
1130 2601 2019
1628 2217 1421
420 2523 762
474 3189 2098
125 2981 779
471 1872 1648
1368 1668 791
823 2882 1073
1601 2435 138
1458 2548 373
1130 2530 396
290 3721 1407
772 1556 1853
1810 1998 1193
1745 2389 878
1213 2833 1386
22 3107 336
1097 3318 1648
865 3871 2100
554 721 1985
1389 2318 1240
1621 2304 1380
693 741 385
1840 3744 1108
1902 3639 2052
272 1442 1345
1664 2449 1255
1985 2736 279
1173 2639 2119
1436 3525 2050
169 228 991
1281 3513 1655
886 2193 2393
1726 2139 1753
1852 2041 2351
420 509 1041
1276 1466 541
875 960 613
861 1511 1685
642 1259 767
1052 1883 1610
1634 1746 1500
875 2492 785
1258 2379 378
1082 2574 1695
1490 4060 1840
571 793 428
713 1591 360
1886 3189 1718
1199 3762 1514
1778 2230 409
1600 2953 273
1041 3327 285
1061 3224 1925
1731 3940 2343
195 3313 2322
621 737 1002
194 792 2370
1075 2824 2378
1012 2622 2096
1830 2271 124
1119 1332 2063
1236 1755 887
429 4038 684
349 3900 834
303 3726 1071
1730 3204 1095
195 704 1686
181 2744 1984
812 3927 1370
602 3483 671
645 2920 222
273 2060 2068
1116 3282 259
1972 2559 269
1007 2338 282
685 773 1938
1527 3710 1766
1463 3801 284
392 2325 1726
300 3506 1119
1661 2528 928
1408 3903 1243
1772 2998 650
1395 2324 342
695 3674 109
1905 2338 678
1940 2053 470
220 2915 143
752 790 1538
669 3045 1418
1778 2755 1704
270 854 1135
1843 3221 445
643 2574 1853
606 3106 1186
1283 1377 2267
482 2454 1932
939 3915 1543
1348 3432 2268
1348 1944 386
1025 1144 167
1308 2745 1700
644 2554 2272
2013 3981 819
1521 3110 1262
1468 2406 1624
809 1733 2379
367 566 823
143 3300 958
925 2190 1273
1322 3749 2374
631 2448 1255
1816 1968 1481
1081 1525 916
1048 1963 555
2026 3774 540
517 1360 1662
1918 2154 567
356 2988 33
2023 3528 1737
432 1687 1373
722 2074 293
942 3582 1017
1264 2090 1269
831 1088 1946
1436 1804 2289
20 3097 1021
357 514 1981
353 2950 957
1167 1267 268
834 3253 1232
773 1448 1782
1145 2035 1339
959 2725 126
171 2351 1893
796 1176 400
1500 2484 2096
181 1063 959
486 1195 759
1593 2892 244
90 3962 792
1857 2819 392
1441 2765 270
291 3287 2240
341 2020 2043
543 2306 2266
1220 1261 775
1143 3550 1247
369 2879 2026
148 3385 2122
358 719 2283
1889 3519 1123
1657 2362 938
1514 2477 2128
118 3800 1606
1780 3285 2225
92 1396 1703
1514 3695 752
9 2079 1585
771 1733 990
279 3460 743
777 2417 2009
1483 2992 390
509 975 98
1021 1730 424
1931 2345 1728
961 1227 265
1618 1813 277
1768 3301 885
2032 2572 671
330 3442 2244
469 3915 966
636 4006 960
1989 2843 1570
1715 3910 2170
1250 3306 647
1942 3271 1105
367 1208 1352
802 1961 966
395 994 1891
1959 2425 1238
502 606 1085
1598 3966 1138
141 2750 1603
1064 3756 1882
671 3914 658
1568 1981 550
1142 3838 518
1194 1467 680
519 2817 1280
1776 3654 1373
60 2365 992
392 593 92
588 773 2151
1828 1857 964
1276 3076 289
518 4034 1268
1422 2909 1086
885 2631 190
1652 3152 1821
149 2926 1440
1002 1201 2170
911 2491 1288
580 759 2205
625 2931 924
1335 2550 1829
1384 3838 718
1240 3148 1673
1293 3804 1610
356 530 735
1385 2175 203
210 2646 1496
1459 1612 1997
1696 2271 116
527 814 832
1816 3489 1047
1707 3675 543
1415 2083 846
1996 3590 836
411 2803 369
1670 3712 1222
901 1683 1825
1371 1623 480
787 3603 537
455 1905 141
402 1239 1668
622 3967 393
1083 1093 1420
1012 2343 624
1219 3901 1069
477 839 1612
1853 3156 575
385 1183 1300
1205 3783 2002
1781 2591 533
71 1885 246
1487 3394 2326
1686 3040 1911
1417 2433 1671
1410 3527 1119
250 1860 1060
388 1019 511
1210 3426 925
772 2596 629
294 3594 1096
1262 3170 494
1816 3584 1044
1025 1659 47
1674 2543 579
1272 3362 698
1375 2612 240
189 373 1195
1228 1674 888
312 4064 2204
1240 1667 741
1133 3527 780
262 964 1832
39 259 2205
1208 3383 1632
241 1058 1162
369 888 2001
1940 2014 1905
1680 1985 1116
1991 3128 1631
1619 3904 1928
403 1070 1333
1457 3456 26
1192 1711 1315
1125 1397 854
1082 1636 2091
239 3225 2138
1381 2500 2160
710 3631 1771
1814 3115 1206
1401 2280 162
1760 4019 666
2014 2019 1529
650 1104 2395
1913 2929 2111
514 3473 1278
198 2301 1576
1963 2816 183
1618 3815 279
1904 3880 2202
533 2183 531
1912 3344 887
1113 2895 1901
1606 3736 2254
181 1857 1629
1794 2164 1302
497 2431 408
284 2717 2089
704 803 220
1840 2217 612
1875 3606 208
1599 2462 679
657 2289 541
431 2305 778
354 1982 361
999 2002 284
1138 3687 2002
497 1318 1414
204 4039 1567
866 3913 2068
827 2278 2251
1095 3854 365
454 2618 1728
162 524 2392
1439 1789 450
786 1942 227
55 81 1769
1453 2565 829
908 2105 65
103 3424 1921
620 3245 1218
749 1385 795
333 1802 636
1467 2146 226
122 1658 1207
1986 3234 1502
330 2486 1552
1524 1651 1195
872 3870 1107
1689 1854 1578
1382 1587 1724
565 3177 432
2023 2126 2160
263 1553 502
1980 2960 1195
918 4063 1245
985 3216 1993
2001 2608 2061
419 2742 667
1787 2250 1493
1732 3574 781
972 2837 1007
1808 1855 752
591 2460 367
2013 3135 1168
689 2764 894
1842 2975 1447
1042 1647 2392
661 4035 175
1734 3751 577
242 2641 436
1102 1858 2012
1075 1953 554
1033 1061 1478
1418 1721 1833
106 4045 935
853 3732 717
408 2071 1967
766 1773 1533
2011 3419 254
790 1548 2077
134 548 998
728 3031 1623
1553 3209 528
1634 2827 1322
899 919 1380
854 3813 1937
327 3669 938
62 3420 2336
2 2469 89
1392 2390 195
1465 2440 708
498 1136 1467
1406 2341 1697
1611 3061 345
1764 2549 1391
1405 3818 520
546 2159 745
548 2775 1401
2029 3833 669
379 2388 1644
1132 2069 1905
1404 2299 601
502 1195 602
2032 2558 326
1016 3333 152
585 1181 141
1806 2834 368
842 1345 323
246 2992 588
1482 2834 2042
915 3604 1625
116 952 2030
320 3898 1104
553 1449 2149
1037 3134 754
1569 3046 1195
852 1221 1618
1729 1840 1421
643 2367 1335
176 3241 425
1230 3806 990
1938 3737 378
1043 2356 1514
492 2072 2010
1536 1673 2244
2001 2290 2021
1409 3369 967
906 3070 328
1225 1421 1309
56 822 2315
267 1364 1143
697 2848 560
1570 3958 142
1363 3376 2398
1966 2973 1448
1506 1646 1464
807 3382 235
1480 2617 1095
698 3960 1448
549 2016 917
93 2487 2079
237 2366 1420
1302 2092 606
417 1303 1110
872 2582 1254
355 2136 855
775 1964 2353
188 3112 2125
14 2542 1172
806 844 2183
1895 2758 2198
1972 4040 7
262 1640 318
180 3267 281
570 2507 694
1978 2072 414
784 2874 2054
1187 1557 429
783 3491 1442
773 2215 27
779 2096 1598
869 2983 182
1982 3742 600
850 871 1559
2005 2798 267
1122 3592 1029
1099 2922 1848
1852 2450 2235
731 3074 1487
619 1100 2348
1560 2723 1165
1062 1087 1574
1782 2144 181
464 2928 1255
610 2831 848
1141 3744 570
785 1621 2027
1668 1831 361
541 795 926
1118 2144 702
398 1316 670
1532 2530 1183
342 2608 337
403 4051 1320
1256 2857 1554
1606 1987 1438
1690 1808 1544
854 3034 176
32 797 91
40 2543 1423
1389 2859 1295
293 605 2329
999 2321 1500
814 1947 1678
332 992 733
1233 2117 1747
1165 3332 2145
734 2521 1592
884 1023 2064
799 3786 956
89 3245 1367
1454 3895 2289
1238 3525 2041
1846 3924 463
10 876 1273
1933 2577 1801
1636 3193 2081
1197 1820 2342
1708 3370 1503
1590 2770 110
720 3558 172
1959 2368 742
1762 3013 2052
1584 3139 583
7 2912 1757
1124 1822 1156
348 2049 1689
341 2522 410
1746 2561 806
1082 2613 1200
1944 3256 1759
96 1795 1005
1345 1702 1926
524 2162 1623
516 2319 1595
1031 2500 2284
752 2398 473
1477 2403 2035
1195 2291 1157
1466 3811 1660
485 500 1351
1455 3694 1652
1731 2596 573
706 3993 155
465 3759 668
1390 1467 1402
127 945 2135
141 1640 1617
1777 3635 951
576 1247 2059
997 2496 1261
1970 2117 477
1082 3837 1901
74 446 1654
1490 1500 312
303 2329 1224
1901 3410 2135
673 2201 1358
219 2957 1152
1086 3408 1330
582 3168 215
1113 2715 1170
767 1990 2054
349 2979 411
221 1013 459
828 1147 473
72 549 1057
89 1503 1909
1481 4048 2141
209 2100 1869
409 3086 170
1099 1470 1611
1999 2624 519
1921 3995 2368
1948 2705 1786
1129 3332 83
726 1150 55
1986 2263 2387
636 1767 1497
993 2392 397
2017 2078 303
1317 2641 1144
1071 1085 2345
1570 2802 90
1165 3246 738
691 2639 1602
996 3632 1312
1202 1376 1408
566 1415 1034
1633 2865 2115
139 2256 1961
399 975 1770
1820 3338 2271
691 3071 1976
658 2127 1585
788 2766 1188
54 2581 914
497 749 690
1710 2873 633
1412 3665 1278
1016 1369 1188
1191 2324 280
1803 2805 349
1565 1650 1381
1401 3250 147
1269 2625 619
1092 3152 722
1781 2598 439
1222 1529 2058
1461 2170 108
1071 2236 1486
998 3273 788
93 984 2238
1907 3713 1558
1522 3731 2127
935 2539 1786
346 2125 1289
1605 2169 2373
1636 3213 1751
136 3580 1732
1718 2207 1424
1032 3062 2329
1127 3520 1302
1337 3694 1878
799 3342 133
1971 3223 1366
2009 3372 63
694 3290 1745
1002 3752 1947
381 3058 1658
883 3261 254
1289 2106 2276
1404 2263 2036
1044 1788 1868
713 3676 1630
1023 2937 286
844 982 2162
91 2651 1424
1393 3857 1647
801 1024 1511
1297 3111 1847
12 2021 1239
195 239 694
1240 2413 1039
890 984 1588
1144 1447 1067
1705 2793 1432
385 1692 1428
744 2233 2092
1015 3242 390
1220 2405 622
309 1009 1784
463 547 767
1592 3681 204
1497 2154 1231
1126 3795 164
1733 3454 929
521 3847 558
186 3329 842
1019 1447 2232
1102 3646 1111
1953 2577 1952
1726 3326 1447
1899 2393 405
1335 1421 94
487 2354 1920
354 2804 1145
942 3864 1590
1103 2662 2063
1436 3684 2336
761 3077 1067
482 1729 84
52 1903 590
547 2318 1008
241 1513 520
1346 2386 857
94 3065 70
1297 1366 1832
1384 3952 604
1552 3941 46
605 3400 958
606 3342 2337
589 2766 2354
836 1341 55
648 3678 2033
1046 2488 2073
199 1516 2021
1344 3051 32
339 1607 1299
155 220 2269
1943 2660 1074
782 2283 1605
1294 2028 530
139 2207 1384
1914 2737 1441
1448 2774 634
1504 3943 502
163 2012 1287
1803 3933 1613
1537 3072 224
1934 2635 1195
1961 2715 1649
1029 3875 1139
224 3058 487
1995 3163 1767
81 2483 1288
1115 1696 1828
567 2305 689
1651 2559 236
541 3902 1142
1822 3248 1269
1779 3543 397
2032 3042 929
1763 2620 1963
499 2599 2113
1385 2212 651
1299 2091 435
151 1100 1020
1529 2382 604
1597 2022 603
1023 2747 658
1073 1770 1011
1598 2219 1514
1661 3424 368
1424 2818 1962
1727 2146 402
96 2235 1315
94 2125 690
378 2897 169
248 923 60
853 4031 535
718 1241 1938
507 3108 1067
1087 3563 1364
625 2409 1032
1665 2561 1239
1872 3383 597
1434 2193 793
1159 1639 1908
1221 3180 136
1710 1943 1124
1721 2920 2212
1006 3835 960
17 2540 1064
1789 3622 1612
1654 2357 1519
702 2752 484
190 2654 146
591 1825 779
735 1933 2042
237 2537 322
195 3278 2293
599 2337 1595
921 997 2127
885 3857 1970
701 2448 1746
461 3803 1959
146 3927 1979
1600 2690 1214
694 1936 1822
1312 3892 1116
492 2122 114
1817 2590 544
553 3140 1932
421 1339 1205
1442 3554 2282
724 929 1176
102 2633 1977
1506 2535 1279
1104 1464 2012
403 1461 1097
1635 1852 1879
956 3929 2117
944 2337 2332
866 1954 505
207 3933 1420
1472 2922 426
226 2638 1597
1062 3710 25
553 1313 1600
416 2926 1230
229 3311 1415
1383 3378 1741
115 709 847
1681 3471 1645
1151 2896 2181
1266 1699 1958
1856 3697 946
1701 4041 1839
685 2274 2031
1165 2502 1962
1108 2030 290
455 2612 1414
531 3039 1354
129 462 312
1338 2247 1870
386 1509 592
794 2923 306
1325 3110 2306
1127 2828 1021
1805 2574 2067
1991 2537 871
1905 2571 1680
807 1578 207
560 1614 2041
1533 2980 2243
848 3204 397
163 621 1418
587 766 1267
299 984 1889
878 3776 1904
1353 3842 2124
1505 3066 554
1142 3062 875
835 2489 1547
745 1604 1772
1267 1297 314
1293 2491 1057
1204 2665 115
1421 2388 378
1493 1940 2341
248 1166 1294
170 2676 620
1008 3510 1148
1589 3393 1657
1759 3430 209
908 3699 74
1994 3243 1858
368 3228 1118
1325 3212 1004
1129 2034 653
1089 1342 622
827 1684 2291
244 3210 1958
594 1946 1460
372 3707 2252
1788 2414 1334
533 2866 2359
778 3924 1323
680 1942 1440
1172 3254 819
1423 2267 1649
1897 2451 714
1997 2160 692
1934 2288 1887
1020 1514 2319
356 3737 57
158 2597 268
1291 1557 2026
298 1836 1581
253 742 73
884 3024 1659
954 3926 2112
1128 3709 871
1337 3734 2184
1231 3111 2235
1364 3912 2329
954 1229 2251
1111 1782 118
1012 2241 785
1019 2782 1180
1343 3796 1085
816 1875 2039
257 661 891
1726 2638 2224
753 2592 1554
663 3321 2126
1697 1870 14
506 1953 1841
268 1404 172
78 3564 1040
302 957 803
902 3872 1076
633 1460 344
1408 2945 1294
535 1102 2256
1600 1887 1304
1764 2838 49
1548 3745 692
511 1823 1467
1553 1670 2273
304 3819 49
1090 2875 1528
1083 2470 602
338 1726 2176
1430 3264 1890
780 2783 1103
250 731 684
550 1510 201
1720 3479 2217
64 1006 2125
1048 3034 191
75 624 228
1825 2801 2064
1053 2414 703
1336 1980 2059
785 2686 960
552 2697 1717
183 1385 425
1566 1587 1587
1663 2036 949
207 1636 1969
1742 2026 1742
1846 2851 587
1504 3684 1058
1881 2561 2239
424 1386 1060
754 2395 2192
459 3925 180
887 2969 1116
1377 1475 1290
710 2012 1267
1758 3498 2129
1830 3571 231
252 2571 74
258 3815 1792
1616 2395 273
150 993 1769
204 2798 872
1634 2783 1622
1205 3818 198
1211 2572 51
620 875 336
1200 3584 757
708 3859 2162
276 412 1544
34 2804 1409
329 332 858
1976 2777 470
792 1625 1483
880 3505 1824
961 3888 318
314 3984 1053
397 2195 1444
376 595 1183
1967 3263 889
940 1639 1365
1281 3623 153
197 1316 1839
352 2849 1599
1244 3933 838
985 3829 710
1671 1842 912
558 2720 1023
162 3961 1962
625 794 93
1767 3582 614
243 1905 1969
1597 4058 73
1109 3553 211
335 3944 1027
221 1812 2377
1854 3616 1188
721 2881 418
1345 3319 2057
573 3452 1115
673 1142 1467
1593 3436 1961
550 1507 2216
379 1266 1004
1943 3476 1661
668 825 1368
923 1750 580
204 834 1549
452 1339 301
602 3619 1323
1217 1358 843
401 2679 1788
1766 3675 278
1886 3075 646
726 3087 39
1864 2813 970
407 1213 2107
510 1947 181
1650 3902 1476
1766 2076 384
1901 3256 322
552 4062 1610
362 1721 2209
990 4060 527
1064 2116 796
280 910 1154
1187 2120 555
543 3831 2365
1643 3086 983
574 1682 2114
1293 2123 1170
665 2700 678
1265 3399 1227
357 1209 729
1806 1905 1330
1172 3611 251
344 3601 818
896 3631 2117
492 1668 1068
822 3231 220
2003 3649 506
1511 3757 1802
2035 2484 885
589 3768 2321
1606 4017 1919
1298 1830 1030
1735 3732 387
990 1335 692
1361 2733 1047
286 1289 667
1665 3375 2120
1889 2023 1872
1891 3247 161
1875 2703 2382
1237 2109 904
569 3509 1495
2034 2533 1364
725 963 1944
1 3531 386
1524 3880 589
1811 2985 153
43 3610 1142
521 1908 2272
1971 2749 918
249 270 1210
1486 3755 2204
410 1135 1756
1636 2185 1753
1753 3614 1262
1467 2682 486
239 2491 793
1817 3822 1262
1437 3783 383
341 2004 1428
241 3562 1352
694 1711 2063
749 3037 848
2033 3280 619
1767 2386 1847
689 2170 712
1789 2690 1781
70 1748 2064
863 3616 1227
1346 3565 822
1210 3134 1087
1327 3403 1152
1732 1751 515
294 1672 1832
82 1677 1225
1132 1824 2060
1655 3812 2322
1245 2938 1642
1317 3654 524
219 1306 755
1376 1415 966
804 1112 1955
1070 3670 1116
1469 3515 802
1013 3321 1476
1141 3199 42
1599 3900 461
1765 2861 1234
1206 3386 1035
95 1025 979
326 3687 2340
1259 1665 262
1834 3149 230
1664 2951 2243
1556 3592 493
1806 2218 2124
897 2415 1228
1179 3901 2089
1567 2420 2109
758 3028 2080
345 3417 1634
275 3524 1630
1483 3182 1802
420 2203 1902
177 3610 621
1491 3635 54
1412 2008 784
1309 2005 889
637 3274 1727
188 3850 2107
193 492 1784
472 2734 1499
1407 2788 1062
1595 2761 1707
634 2753 396
1486 3447 558
1698 1888 359
323 2708 461
1723 2853 877
1403 2815 1513
151 3099 1211
1641 3894 660
587 983 492
786 2361 739
1387 3431 1510
1552 2512 592
1235 1762 1842
732 3921 128
1194 2349 1836
939 3225 1252
1344 3356 1251
558 597 1370
1710 3287 1656
1122 2123 182
1271 2064 2188
566 2529 1727
1521 2323 1405
1347 3690 1769
1949 3851 1077
1698 2501 149
3 4058 1180
1129 2156 845
1565 2179 111
1690 3780 1434
766 3338 1827
16 1638 1840
1095 1283 1641
173 3708 1595
362 2096 2349
1031 2803 1976
124 2552 61
1405 1874 1073
1192 1892 1642
48 3382 3
1007 3400 956
364 1351 562
1632 3786 1778
1439 2357 599
1431 2095 471
1612 2754 1986
1160 2362 1429
139 2034 1075
1677 3992 2302
497 1646 2166
1587 2206 631
944 1107 1075
1999 3226 2052
1485 1874 1022
1067 1102 1438
1127 3908 486
389 1479 70
1391 2832 375
796 1663 1868
493 2167 345
183 2284 568
1655 3939 863
357 3785 615
600 2488 344
988 2225 218
1523 1841 2281
942 4056 2095
197 2299 277
2004 2415 2230
1185 2369 2119
1670 3254 1851
200 2889 2307
685 769 1977
194 1809 986
16 20 2163
552 1128 1619
1894 3711 1942
1883 3337 43
943 2539 619
529 594 1644
760 3029 2352
1368 1820 809
1217 1826 345
534 1585 1420
994 1466 1088
21 2538 1412
716 1692 1264
417 3796 1360
1691 2135 1514
1675 3855 35
516 744 1707
1189 1943 963
1700 2183 427
1429 4056 2256
227 3641 1000
1452 3020 84
961 3115 468
1106 2653 2112
1456 2126 1508
1137 2239 2202
136 296 1985
171 3409 364
1959 2480 1081
1738 3388 2008
1643 2873 1136
1851 2871 1568
1615 1972 1874
807 2278 2172
1802 2921 1562
1873 3843 1821
634 1199 2075
292 3015 43
1372 1650 1291
38 2558 855
1468 3216 593
1714 3488 184
657 3196 1218
875 2461 86
108 1764 2202
1120 2270 1699
506 3664 1364
1981 3675 617
1072 2941 123
1498 1909 806
1871 3871 517
1680 3383 1465
1913 2837 383
1375 2716 962
303 3659 1690
217 283 1805
1888 3445 170
1360 3612 983
1020 1881 603
1941 3549 1071
830 1503 544
1783 2942 1061
1507 3287 2367
1809 2515 622
1449 1464 123
770 1690 2170
1909 4051 1395
1872 3082 1168
2011 4022 419
984 3772 859
15 3953 2014
1671 3985 488
975 1670 1731
1222 3991 822
654 3885 1715
725 3373 499
542 1675 1988
423 698 2272
1397 2551 217
1926 3340 1541
300 3403 1514
1238 2222 2098
141 183 2203
1195 3321 13
1969 2149 1670
1573 3807 338
697 3477 1315
1194 1860 1817
1532 3218 2300
930 2773 1595
123 759 2257
1743 2032 1613
822 3512 1381
334 1949 685
1543 1791 883
756 1261 1768
237 1508 2184
1028 2982 527
275 1033 294
1024 2704 1481
992 2824 1638
1176 1690 772
2002 3299 2292
1900 3281 1129
172 3779 102
558 3305 2005
733 1810 1193
1167 1463 1394
81 1348 961
1778 2352 32
166 1707 2070
1403 3160 1826
714 3942 1377
614 3243 992
1434 2133 670
536 1070 847
496 1173 2243
858 2326 519
210 973 69
701 1988 632
1243 3288 670
804 2293 1418
362 649 1053
1936 3862 95
471 1812 551
1340 3035 2090
1625 1973 2223
938 1163 334
1013 2986 579
1989 2251 178
459 2340 37
751 1122 876
2030 3355 812
700 2663 577
1376 1514 1569
2015 3231 597
1405 1933 952
704 2653 458
1678 2203 2054
1410 1726 1466
288 2597 909
1354 3908 2107
489 1990 1865
22 121 757
368 2411 1782
857 3497 828
1372 3224 1345
432 4048 1699
508 1782 1549
1791 3936 124
775 2473 2073
1946 2613 1267
579 766 1029
209 2889 1027
65 4065 1464
1550 1686 2193
1104 3085 481
849 1910 2398
1549 2928 314
1097 1348 2282
1182 1253 1135
238 2241 1036
400 1684 1331
220 3593 1169
545 2408 33
1860 3150 165
466 2781 700
1278 1489 2117
690 3425 1055
334 3535 1103
1419 3350 1508
202 2610 877
411 3083 1068
1311 1863 1254
23 1318 2359
1416 2427 1412
604 2051 2190
875 1453 1535
1342 3209 1353
991 3184 80
728 3257 1545
1013 1120 99
277 734 1735
1054 3598 856
1340 3414 752
1910 2586 2394
1476 2557 1684
2031 3375 8
1511 3750 2133
822 1853 1168
1248 1960 2244
690 3834 125
1221 1856 1479
978 3924 711
1889 3241 455
183 3979 486
1905 2881 2124
776 982 1113
2002 3676 1051
1152 2343 175
1712 3995 1324
1178 1928 2297
842 3051 1405
1587 2838 2167
1783 2758 555
2020 3243 117
41 1816 1209
23 899 704
3 1369 152
60 4062 713
917 1216 507
1813 2602 2189
112 734 1393
22 1934 2141
1557 2885 997
86 3126 1450
1884 4062 1668
592 1065 2011
942 1224 2201
1670 2862 1284
1044 3842 1062
1334 2720 1200
266 756 953
221 1854 1302
852 2354 1805
1513 2023 912
1556 2684 234
1681 1944 1663
435 2827 1640
727 3980 539
1618 3954 390
1059 1665 1257
698 3570 1180
128 579 2122
807 1209 127
1271 2221 2115
1049 1408 1739
385 3340 190
1753 2237 741
734 2733 777
533 1706 2193
1798 2686 501
969 1827 434
1496 1695 1422
1584 3443 413
1930 2288 37
498 3047 76
1446 2814 445
811 4064 33
414 4010 1599
973 3915 233
51 3890 1412
1858 3940 1422
1729 3757 717
201 2354 311
757 1837 2349
217 923 1014
573 1523 2120
1591 3349 1749
521 3813 1299
259 2019 1014
1162 1276 523
1176 2411 537